,Times runned,Elevation,temperature,M,F,humidity,arrival_time
0,1,16.08767890930176,36.63,1,0,0.87,0:29:43
1,1,2293.990966796875,36.63,1,0,0.87,0:29:43
2,1,2363.342041015625,36.63,1,0,0.87,0:29:43
3,1,2070.04833984375,36.63,1,0,0.87,0:29:44
4,1,1895.031005859375,36.63,1,0,0.87,0:29:44
5,1,218.5335693359375,36.63,1,0,0.87,0:29:45
6,1,15.224977493286133,36.63,1,0,0.87,0:29:44
7,1,2293.990966796875,36.63,1,0,0.87,0:29:43
8,1,192.0034942626953,36.63,1,0,0.87,0:30:34
9,1,16.83182334899902,36.63,1,0,0.87,0:29:50
10,1,1623.9774169921882,36.63,1,0,0.87,0:30:34
11,1,70.96458435058594,36.63,1,0,0.87,0:29:44
12,1,2103.939453125,36.63,1,0,0.87,0:29:44
13,1,182.86663818359384,36.63,1,0,0.87,0:32:17
14,1,1623.9774169921882,36.63,1,0,0.87,0:32:19
15,1,151.7860565185547,36.63,1,0,0.87,0:32:17
16,1,11.42669010162354,36.63,1,0,0.87,0:32:21
17,1,259.998291015625,36.63,1,0,0.87,0:32:17
18,1,21.80615043640137,36.63,1,0,0.87,0:32:20
19,1,37.14537048339844,36.63,1,0,0.87,0:29:51
20,1,140.6603088378906,36.63,1,0,0.87,0:32:21
21,1,35.90165328979492,36.63,1,0,0.87,0:32:22
22,1,35.65705490112305,36.63,1,0,0.87,0:32:22
23,1,89.8837890625,36.63,1,0,0.87,0:31:05
24,1,15.55781936645508,36.63,1,0,0.87,0:31:54
25,1,1088.349243164062,36.63,1,0,0.87,0:32:21
26,1,380.0,36.63,1,0,0.87,0:32:23
27,1,181.5143737792969,36.63,1,0,0.87,0:33:35
28,1,218.7236022949219,36.63,1,0,0.87,0:32:20
29,1,2371.603271484375,36.63,0,1,0.87,0:34:24
30,1,94.6029815673828,36.63,0,1,0.87,0:34:23
31,1,15.55781936645508,36.63,1,0,0.87,0:33:31
32,1,401.7437133789062,36.63,0,1,0.87,0:34:23
33,1,53.74789428710938,36.63,1,0,0.87,0:34:16
34,1,37.14537048339844,36.63,1,0,0.87,0:32:58
35,1,421.3871459960938,36.63,1,0,0.87,0:33:31
36,1,396.0248413085938,36.63,1,0,0.87,0:33:26
37,1,10.44183731079102,36.63,1,0,0.87,0:33:13
38,1,288.6472473144531,36.63,0,1,0.87,0:34:24
39,1,37.14537048339844,36.63,1,0,0.87,0:30:24
40,1,1623.9774169921882,36.63,1,0,0.87,0:33:43
41,1,56.084815979003906,36.63,1,0,0.87,0:32:32
42,1,2363.342041015625,36.63,0,1,0.87,0:34:24
43,1,10.96754741668701,36.63,1,0,0.87,0:34:04
44,1,140.9563293457031,36.63,1,0,0.87,0:33:51
45,1,14.447757720947273,36.63,1,0,0.87,0:33:34
46,1,148.55224609375,36.63,1,0,0.87,0:33:11
47,1,1596.6729736328118,36.63,1,0,0.87,0:33:49
48,1,120.9079360961914,36.63,1,0,0.87,0:33:30
49,1,865.1586303710938,36.63,1,0,0.87,0:33:36
50,1,1951.2591552734384,36.63,0,1,0.87,0:34:23
51,2,203.7541961669922,36.63,1,0,0.87,0:33:09
52,1,94.6029815673828,36.63,0,1,0.87,0:34:23
53,1,10.44183731079102,36.63,1,0,0.87,0:32:57
54,1,248.39337158203116,36.63,1,0,0.87,0:34:16
55,1,361.7695922851562,36.63,1,0,0.87,0:32:58
56,1,368.9474792480469,36.63,0,1,0.87,0:34:23
57,1,47.37548446655273,36.63,1,0,0.87,0:34:21
58,1,77.97574615478516,36.63,1,0,0.87,0:32:32
59,1,219.4850006103516,36.63,1,0,0.87,0:32:15
60,1,16.83182334899902,36.63,0,1,0.87,0:34:24
61,1,18.71355819702148,36.63,1,0,0.87,0:33:35
62,1,350.7449645996094,36.63,1,0,0.87,0:33:54
63,1,181.5143737792969,36.63,1,0,0.87,0:33:35
64,1,58.93083190917969,36.63,1,0,0.87,0:34:29
65,1,14.32654094696045,36.63,1,0,0.87,0:34:06
66,1,12.69220733642578,36.63,1,0,0.87,0:35:03
67,1,42.68008041381836,36.63,1,0,0.87,0:33:36
68,1,4.0,36.63,1,0,0.87,0:33:36
69,1,23.74346733093262,36.63,1,0,0.87,0:34:45
70,1,144.104248046875,36.63,1,0,0.87,0:34:16
71,1,176.5647430419922,36.63,1,0,0.87,0:34:34
72,1,86.84709167480469,36.63,1,0,0.87,0:33:31
73,1,2358.822509765625,36.63,0,1,0.87,0:34:23
74,1,35.90165328979492,36.63,1,0,0.87,0:34:16
75,1,263.49282836914057,36.63,1,0,0.87,0:32:19
76,1,206.7012023925781,36.63,0,1,0.87,0:34:23
77,1,12.58986759185791,36.63,1,0,0.87,0:35:28
78,1,69.00289916992189,36.63,1,0,0.87,0:34:56
79,1,202.9051818847656,36.63,1,0,0.87,0:34:10
80,1,15.224977493286133,36.63,1,0,0.87,0:35:02
81,1,10.44183731079102,36.63,1,0,0.87,0:34:06
82,1,31.781719207763672,36.63,1,0,0.87,0:33:31
83,1,39.52106094360352,36.63,1,0,0.87,0:34:06
84,1,142.3699798583984,36.63,1,0,0.87,0:35:30
85,1,215.4762725830078,36.63,1,0,0.87,0:34:24
86,1,121.3621368408203,36.63,1,0,0.87,0:35:10
87,1,187.2318572998047,36.63,1,0,0.87,0:34:00
88,1,56.084815979003906,36.63,1,0,0.87,0:35:04
89,1,3.8890023231506343,36.63,1,0,0.87,0:35:01
90,1,137.57452392578122,36.63,1,0,0.87,0:35:21
91,1,149.1394653320312,36.63,1,0,0.87,0:35:17
92,1,292.6947631835938,36.63,1,0,0.87,0:33:35
93,1,1.539181590080261,36.63,1,0,0.87,0:35:28
94,1,16.84739112854004,36.63,1,0,0.87,0:34:38
95,1,499.8729553222656,36.63,1,0,0.87,0:36:23
96,1,273.54550170898443,36.63,1,0,0.87,0:35:46
97,1,142.3699798583984,36.63,1,0,0.87,0:35:29
98,1,187.2318572998047,36.63,1,0,0.87,0:36:03
99,1,109.5502395629883,36.63,1,0,0.87,0:35:17
100,1,16.84739112854004,36.63,1,0,0.87,0:35:49
101,1,2103.939453125,36.63,1,0,0.87,0:35:23
102,1,133.20930480957028,36.63,1,0,0.87,0:35:30
103,1,89.8837890625,36.63,1,0,0.87,0:34:41
104,1,13.70660877227783,36.63,1,0,0.87,0:35:19
105,1,6.027743339538574,36.63,1,0,0.87,0:34:45
106,1,380.0,36.63,1,0,0.87,0:35:26
107,1,56.084815979003906,36.63,1,0,0.87,0:35:21
108,1,11.085031509399409,36.63,1,0,0.87,0:35:53
109,1,233.7287750244141,36.63,1,0,0.87,0:33:07
110,1,7.965522289276122,36.63,1,0,0.87,0:35:27
111,1,31.97005462646484,36.63,1,0,0.87,0:35:17
112,3,33.42565536499023,36.63,1,0,0.87,0:36:23
113,1,1.645776271820068,36.63,1,0,0.87,0:35:19
114,1,10.44776248931885,36.63,1,0,0.87,0:36:23
115,1,149.1394653320312,36.63,1,0,0.87,0:35:54
116,1,499.8729553222656,36.63,1,0,0.87,0:36:22
117,1,11.67500591278076,36.63,1,0,0.87,0:36:06
118,1,0.5368872284889221,36.63,1,0,0.87,0:35:21
119,1,1831.0819091796882,36.63,1,0,0.87,0:36:21
120,1,237.6291656494141,36.63,1,0,0.87,0:34:31
121,1,10.44776248931885,36.63,1,0,0.87,0:33:41
122,1,220.1817321777344,36.63,1,0,0.87,0:34:58
123,1,194.8641204833984,36.63,1,0,0.87,0:35:52
124,1,217.5126495361328,36.63,1,0,0.87,0:36:16
125,1,87.09457397460938,36.63,1,0,0.87,0:36:41
126,1,106.79998779296879,36.63,1,0,0.87,0:36:36
127,1,15.55781936645508,36.63,1,0,0.87,0:36:18
128,1,13.70660877227783,36.63,1,0,0.87,0:35:20
129,1,75.1241455078125,36.63,1,0,0.87,0:34:52
130,1,2.790159702301025,36.63,1,0,0.87,0:36:05
131,1,17.66356468200684,36.63,1,0,0.87,0:35:23
132,1,320.0387878417969,36.63,1,0,0.87,0:36:05
133,1,108.5567169189453,36.63,1,0,0.87,0:36:33
134,1,104.7041854858398,36.63,1,0,0.87,0:34:40
135,1,11.085031509399409,36.63,1,0,0.87,0:37:12
136,1,56.00885772705078,36.63,1,0,0.87,0:35:17
137,1,16.84739112854004,36.63,1,0,0.87,0:33:59
138,1,10.44776248931885,36.63,1,0,0.87,0:36:59
139,1,14.359289169311518,36.63,1,0,0.87,0:35:25
140,1,366.0434265136719,36.63,1,0,0.87,0:35:51
141,1,221.5890655517578,36.63,1,0,0.87,0:36:02
142,1,263.49282836914057,36.63,1,0,0.87,0:35:31
143,1,666.8341674804688,36.63,1,0,0.87,0:36:20
144,1,132.6146392822266,36.63,0,1,0.87,0:34:57
145,1,56.084815979003906,36.63,1,0,0.87,0:35:55
146,1,5.729408264160156,36.63,1,0,0.87,0:36:40
147,1,13.315147399902338,36.63,1,0,0.87,0:36:17
148,1,3.118554830551147,36.63,1,0,0.87,0:35:51
149,1,55.22239303588867,36.63,1,0,0.87,0:37:16
150,1,113.38473510742192,36.63,1,0,0.87,0:34:41
151,1,2930.111572265625,36.63,1,0,0.87,0:33:43
152,1,259.998291015625,36.63,1,0,0.87,0:37:14
153,1,182.8298187255859,36.63,1,0,0.87,0:35:03
154,1,897.9967651367188,36.63,1,0,0.87,0:36:46
155,1,7.309962749481201,36.63,1,0,0.87,0:37:08
156,1,278.0033569335938,36.63,1,0,0.87,0:36:19
157,1,232.5149993896484,36.63,1,0,0.87,0:35:26
158,1,199.8629608154297,36.63,1,0,0.87,0:34:26
159,1,79.19601440429688,36.63,1,0,0.87,0:36:43
160,1,70.12425231933594,36.63,1,0,0.87,0:35:53
161,1,260.29702758789057,36.63,1,0,0.87,0:37:36
162,1,16.84739112854004,36.63,1,0,0.87,0:36:47
163,1,31.71040916442871,36.63,1,0,0.87,0:35:58
164,1,148.55224609375,36.63,1,0,0.87,0:33:48
165,1,16.83182334899902,36.63,1,0,0.87,0:36:53
166,1,284.6058349609375,36.63,1,0,0.87,0:35:51
167,1,514.8724365234375,36.63,1,0,0.87,0:34:53
168,1,152.5553283691406,36.63,1,0,0.87,0:35:40
169,1,1300.004516601562,36.63,1,0,0.87,0:33:04
170,1,254.7844543457031,36.63,1,0,0.87,0:35:31
171,1,17.05924987792969,36.63,1,0,0.87,0:36:14
172,1,263.49282836914057,36.63,1,0,0.87,0:38:19
173,1,614.4942016601562,36.63,1,0,0.87,0:37:32
174,1,161.7024841308594,36.63,1,0,0.87,0:36:47
175,1,81.51506042480469,36.63,1,0,0.87,0:36:15
176,1,19.94200897216797,36.63,1,0,0.87,0:36:48
177,1,13.346641540527338,36.63,1,0,0.87,0:35:01
178,1,2103.939453125,36.63,1,0,0.87,0:37:24
179,1,206.1729736328125,36.63,1,0,0.87,0:37:01
180,1,51.94340515136719,36.63,1,0,0.87,0:36:41
181,1,14.32654094696045,36.63,1,0,0.87,0:35:42
182,1,8.94913387298584,36.63,1,0,0.87,0:36:41
183,1,527.0923461914061,36.63,1,0,0.87,0:35:48
184,1,194.29931640625,36.63,1,0,0.87,0:33:58
185,1,1.7231634855270392,36.63,1,0,0.87,0:36:43
186,1,181.5143737792969,36.63,1,0,0.87,0:35:28
187,1,50.26950454711914,36.63,1,0,0.87,0:37:37
188,1,2108.50048828125,36.63,1,0,0.87,0:37:53
189,1,75.91120910644531,36.63,1,0,0.87,0:34:40
190,1,77.97574615478516,36.63,1,0,0.87,0:35:25
191,1,376.3503112792969,36.63,1,0,0.87,0:35:21
192,1,5.664112567901611,36.63,1,0,0.87,0:37:30
193,1,10.44776248931885,36.63,1,0,0.87,0:37:11
194,1,263.0969848632812,36.63,1,0,0.87,0:37:12
195,1,779.2720947265625,36.63,1,0,0.87,0:36:12
196,1,222.7997283935547,36.63,1,0,0.87,0:36:02
197,1,181.5143737792969,36.63,1,0,0.87,0:35:52
198,1,181.5143737792969,36.63,1,0,0.87,0:35:49
199,1,0.0,36.63,1,0,0.87,0:36:54
200,1,77.97574615478516,36.63,1,0,0.87,0:37:04
201,1,14.32654094696045,36.63,1,0,0.87,0:36:03
202,1,614.4942016601562,36.63,1,0,0.87,0:36:28
203,1,22.23203277587891,36.63,1,0,0.87,0:37:32
204,1,10.44183731079102,36.63,1,0,0.87,0:37:23
205,1,15.55781936645508,36.63,1,0,0.87,0:36:55
206,1,225.5828399658203,36.63,1,0,0.87,0:37:43
207,1,3.920108318328857,36.63,1,0,0.87,0:36:41
208,1,244.1101379394531,36.63,1,0,0.87,0:35:02
209,1,42.47363662719727,36.63,1,0,0.87,0:36:08
210,1,1.7231634855270392,36.63,1,0,0.87,0:36:53
211,1,194.29931640625,36.63,1,0,0.87,0:37:00
212,1,6.0,36.63,1,0,0.87,0:37:21
213,1,31.71040916442871,36.63,1,0,0.87,0:33:49
214,1,1831.0819091796882,36.63,1,0,0.87,0:37:10
215,1,189.8713836669922,36.63,1,0,0.87,0:37:25
216,1,56.084815979003906,36.63,1,0,0.87,0:37:22
217,1,377.5501098632812,36.63,1,0,0.87,0:37:08
218,1,83.9320068359375,36.63,1,0,0.87,0:35:39
219,1,206.0412750244141,36.63,1,0,0.87,0:36:52
220,1,119.56497192382808,36.63,1,0,0.87,0:36:36
221,1,140.58866882324222,36.63,1,0,0.87,0:36:15
222,1,1525.08740234375,36.63,0,1,0.87,0:34:36
223,1,62.17602157592773,36.63,1,0,0.87,0:39:43
224,1,220.8075714111328,36.63,1,0,0.87,0:36:35
225,2,16.83182334899902,36.63,1,0,0.87,0:35:54
226,1,181.5143737792969,36.63,1,0,0.87,0:36:54
227,1,13.81503200531006,36.63,1,0,0.87,0:36:15
228,1,31.52193450927734,36.63,1,0,0.87,0:37:25
229,1,14.447757720947273,36.63,1,0,0.87,0:37:45
230,1,169.6335296630859,36.63,1,0,0.87,0:35:27
231,1,10.44183731079102,36.63,1,0,0.87,0:35:59
232,1,392.9354553222656,36.63,1,0,0.87,0:35:56
233,1,140.6603088378906,36.63,1,0,0.87,0:36:54
234,1,37.14537048339844,36.63,0,1,0.87,0:36:04
235,1,16.83182334899902,36.63,1,0,0.87,0:36:08
236,1,0.6114726066589355,36.63,1,0,0.87,0:36:48
237,1,91.7226791381836,36.63,1,0,0.87,0:37:12
238,1,237.6291656494141,36.63,1,0,0.87,0:37:08
239,1,2229.72216796875,36.63,1,0,0.87,0:36:05
240,1,17.22419548034668,36.63,1,0,0.87,0:35:22
241,1,37.9741325378418,36.63,1,0,0.87,0:37:53
242,1,55.65824508666992,36.63,1,0,0.87,0:35:26
243,1,42.68008041381836,36.63,1,0,0.87,0:36:19
244,1,1623.9774169921882,36.63,1,0,0.87,0:36:26
245,1,9.36025619506836,36.63,1,0,0.87,0:36:45
246,1,12.58986759185791,36.63,1,0,0.87,0:36:19
247,1,133.20930480957028,36.63,1,0,0.87,0:35:09
248,1,9.794013023376463,36.63,1,0,0.87,0:36:06
249,1,220.8075714111328,36.63,1,0,0.87,0:37:31
250,1,91.7226791381836,36.63,1,0,0.87,0:38:16
251,1,37.85586547851562,36.63,1,0,0.87,0:36:44
252,1,118.26126098632808,36.63,1,0,0.87,0:37:15
253,1,1.91899299621582,36.63,1,0,0.87,0:38:09
254,1,16.84739112854004,36.63,1,0,0.87,0:37:08
255,1,259.998291015625,36.63,1,0,0.87,0:35:27
256,1,1300.004516601562,36.63,1,0,0.87,0:38:00
257,1,4.209059238433838,36.63,1,0,0.87,0:34:40
258,1,19.24552345275879,36.63,1,0,0.87,0:37:29
259,1,228.6362762451172,36.63,1,0,0.87,0:37:51
260,1,248.2796173095703,36.63,1,0,0.87,0:37:14
261,1,408.2718811035156,36.63,1,0,0.87,0:38:42
262,1,114.818359375,36.63,1,0,0.87,0:37:10
263,1,31.52193450927734,36.63,1,0,0.87,0:34:24
264,1,14.32654094696045,36.63,1,0,0.87,0:33:35
265,1,12.35730648040771,36.63,1,0,0.87,0:37:26
266,1,291.1369323730469,36.63,1,0,0.87,0:38:58
267,1,10.44183731079102,36.63,1,0,0.87,0:37:49
268,3,56.084815979003906,36.63,1,0,0.87,0:37:29
269,1,145.4309997558594,36.63,1,0,0.87,0:38:04
270,1,56.084815979003906,36.63,1,0,0.87,0:35:58
271,1,312.8281860351562,36.63,1,0,0.87,0:37:32
272,1,100.7476806640625,36.63,1,0,0.87,0:36:53
273,1,10.44183731079102,36.63,1,0,0.87,0:34:58
274,1,140.9563293457031,36.63,1,0,0.87,0:36:24
275,1,571.0994873046875,36.63,1,0,0.87,0:37:49
276,1,31.97005462646484,36.63,1,0,0.87,0:37:19
277,1,73.2974853515625,36.63,1,0,0.87,0:38:07
278,1,274.2550659179688,36.63,1,0,0.87,0:36:09
279,1,36.52098846435547,36.63,1,0,0.87,0:36:55
280,1,395.2044982910156,36.63,1,0,0.87,0:37:54
281,1,222.6811370849609,36.63,1,0,0.87,0:36:59
282,1,86.84709167480469,36.63,1,0,0.87,0:35:20
283,1,35.90165328979492,36.63,1,0,0.87,0:37:39
284,1,233.2363739013672,36.63,1,0,0.87,0:35:26
285,1,287.1083679199219,36.63,1,0,0.87,0:36:55
286,1,7.150104522705077,36.63,1,0,0.87,0:37:59
287,1,1.7231634855270392,36.63,1,0,0.87,0:36:48
288,1,159.9830627441406,36.63,1,0,0.87,0:37:02
289,1,10.44183731079102,36.63,1,0,0.87,0:37:25
290,1,10.44776248931885,36.63,1,0,0.87,0:37:17
291,1,151.7768249511719,36.63,1,0,0.87,0:37:30
292,1,267.18069458007807,36.63,1,0,0.87,0:37:58
293,1,10.06689834594727,36.63,1,0,0.87,0:36:29
294,1,24.13339424133301,36.63,1,0,0.87,0:36:07
295,1,131.0602111816406,36.63,1,0,0.87,0:36:43
296,1,47.37548446655273,36.63,1,0,0.87,0:37:55
297,1,232.5149993896484,36.63,1,0,0.87,0:35:50
298,1,149.2892608642578,36.63,1,0,0.87,0:35:20
299,1,10.96754741668701,36.63,1,0,0.87,0:36:17
300,1,10.44183731079102,36.63,1,0,0.87,0:37:06
301,1,9.66230010986328,36.63,1,0,0.87,0:38:05
302,1,6.240824699401856,36.63,0,1,0.87,0:36:14
303,1,1596.6729736328118,36.63,1,0,0.87,0:37:33
304,1,254.7844543457031,36.63,1,0,0.87,0:37:47
305,1,51.94340515136719,36.63,1,0,0.87,0:35:55
306,1,210.44793701171884,36.63,1,0,0.87,0:37:04
307,1,91.7226791381836,36.63,1,0,0.87,0:37:13
308,1,47.37548446655273,36.63,1,0,0.87,0:38:27
309,1,16.84739112854004,36.63,1,0,0.87,0:36:10
310,1,56.4234848022461,36.63,1,0,0.87,0:35:46
311,1,281.7467041015625,36.63,1,0,0.87,0:37:56
312,1,38.02688980102539,36.63,1,0,0.87,0:34:54
313,1,16.84739112854004,36.63,1,0,0.87,0:37:46
314,1,181.5143737792969,36.63,1,0,0.87,0:38:26
315,1,6.262023448944093,36.63,1,0,0.87,0:37:34
316,1,254.7844543457031,36.63,1,0,0.87,0:37:52
317,1,50.26950454711914,36.63,1,0,0.87,0:38:08
318,1,275.6912841796875,36.63,1,0,0.87,0:37:22
319,1,71.07490539550781,36.63,1,0,0.87,0:36:16
320,1,614.4942016601562,36.63,1,0,0.87,0:38:01
321,1,384.0559692382812,36.63,1,0,0.87,0:36:44
322,1,398.2716369628906,36.63,1,0,0.87,0:36:49
323,1,222.5667419433594,36.63,1,0,0.87,0:37:38
324,1,346.0,36.63,1,0,0.87,0:37:50
325,1,77.97574615478516,36.63,1,0,0.87,0:38:14
326,1,200.49078369140616,36.63,1,0,0.87,0:37:08
327,1,37.31060028076172,36.63,1,0,0.87,0:37:23
328,1,350.7449645996094,36.63,0,1,0.87,0:38:09
329,1,14.36327362060547,36.63,1,0,0.87,0:37:48
330,1,10.44183731079102,36.63,1,0,0.87,0:38:13
331,1,14.32654094696045,36.63,1,0,0.87,0:37:31
332,1,159.2595977783203,36.63,1,0,0.87,0:36:59
333,1,484.7640075683594,36.63,1,0,0.87,0:37:52
334,1,10.44183731079102,36.63,1,0,0.87,0:36:17
335,1,225.5588531494141,36.63,1,0,0.87,0:37:19
336,1,249.107666015625,36.63,1,0,0.87,0:36:54
337,1,45.669700622558594,36.63,1,0,0.87,0:40:15
338,1,288.391845703125,36.63,1,0,0.87,0:39:04
339,1,86.84709167480469,36.63,1,0,0.87,0:36:44
340,1,1596.6729736328118,36.63,1,0,0.87,0:37:29
341,1,279.2320556640625,36.63,1,0,0.87,0:37:12
342,1,259.998291015625,36.63,1,0,0.87,0:37:39
343,1,31.97005462646484,36.63,1,0,0.87,0:37:41
344,1,151.7860565185547,36.63,1,0,0.87,0:37:43
345,1,206.5709381103516,36.63,1,0,0.87,0:36:50
346,1,647.6728515625,36.63,1,0,0.87,0:35:18
347,1,380.0,36.63,1,0,0.87,0:37:06
348,1,2.599183320999146,36.63,1,0,0.87,0:37:07
349,1,10.44776248931885,36.63,1,0,0.87,0:36:15
350,1,2299.197509765625,36.63,1,0,0.87,0:37:19
351,1,10.44776248931885,36.63,1,0,0.87,0:38:08
352,1,447.4283447265625,36.63,1,0,0.87,0:36:20
353,1,19.60500144958496,36.63,1,0,0.87,0:36:36
354,1,181.5143737792969,36.63,1,0,0.87,0:36:18
355,1,313.7461853027344,36.63,1,0,0.87,0:38:33
356,1,5.63741397857666,36.63,1,0,0.87,0:38:36
357,1,220.0638275146484,36.63,1,0,0.87,0:37:16
358,1,211.6295166015625,36.63,1,0,0.87,0:37:28
359,1,254.7844543457031,36.63,1,0,0.87,0:36:44
360,1,162.2778472900391,36.63,1,0,0.87,0:38:35
361,1,5.020810604095459,36.63,1,0,0.87,0:38:06
362,1,145.4309997558594,36.63,1,0,0.87,0:37:27
363,1,181.5143737792969,36.63,1,0,0.87,0:38:01
364,1,134.9916687011719,36.63,1,0,0.87,0:38:50
365,1,275.03494262695307,36.63,1,0,0.87,0:36:07
366,1,413.7853393554688,36.63,1,0,0.87,0:37:42
367,1,181.5143737792969,36.63,1,0,0.87,0:38:05
368,1,113.38473510742192,36.63,1,0,0.87,0:38:37
369,1,181.5143737792969,36.63,1,0,0.87,0:37:41
370,1,15.55781936645508,36.63,1,0,0.87,0:37:44
371,1,62.17453002929688,36.63,1,0,0.87,0:36:33
372,1,10.44776248931885,36.63,1,0,0.87,0:37:19
373,1,233.2363739013672,36.63,1,0,0.87,0:38:45
374,1,120.0689849853516,36.63,1,0,0.87,0:36:08
375,1,10.44776248931885,36.63,1,0,0.87,0:37:07
376,1,28.92981338500977,36.63,1,0,0.87,0:37:45
377,1,351.0,36.63,1,0,0.87,0:37:49
378,1,8.194785118103027,36.63,1,0,0.87,0:38:44
379,1,22.12597465515137,36.63,1,0,0.87,0:38:33
380,1,201.6867523193359,36.63,1,0,0.87,0:37:46
381,1,15.55781936645508,36.63,1,0,0.87,0:35:46
382,1,31.97005462646484,36.63,1,0,0.87,0:38:24
383,1,69.10917663574219,36.63,1,0,0.87,0:38:14
384,1,285.1146850585938,36.63,1,0,0.87,0:37:13
385,1,19.45760154724121,36.63,1,0,0.87,0:38:10
386,1,15.55781936645508,36.63,1,0,0.87,0:36:48
387,1,3.742521524429321,36.63,1,0,0.87,0:37:58
388,1,127.81753540039058,36.63,1,0,0.87,0:38:40
389,1,15.55781936645508,36.63,1,0,0.87,0:35:50
390,1,9.335716247558594,36.63,1,0,0.87,0:37:09
391,1,8.94913387298584,36.63,1,0,0.87,0:38:47
392,1,260.84353637695307,36.63,1,0,0.87,0:37:04
393,1,16.20237159729004,36.63,1,0,0.87,0:37:48
394,1,238.2223663330078,36.63,1,0,0.87,0:38:06
395,1,233.2363739013672,36.63,1,0,0.87,0:37:59
396,1,368.8425903320312,36.63,1,0,0.87,0:37:25
397,1,11.05302143096924,36.63,1,0,0.87,0:37:53
398,1,199.2205810546875,36.63,1,0,0.87,0:37:04
399,1,376.4162902832031,36.63,1,0,0.87,0:37:50
400,1,119.56497192382808,36.63,1,0,0.87,0:38:28
401,1,544.2213134765625,36.63,1,0,0.87,0:37:53
402,1,374.1132507324219,36.63,1,0,0.87,0:35:26
403,1,63.27411651611328,36.63,1,0,0.87,0:38:04
404,1,15.55781936645508,36.63,1,0,0.87,0:38:57
405,1,149.1394653320312,36.63,1,0,0.87,0:39:23
406,1,18.05331420898438,36.63,1,0,0.87,0:37:41
407,1,133.0,36.63,1,0,0.87,0:38:32
408,1,14.566981315612788,36.63,1,0,0.87,0:36:10
409,1,221.982177734375,36.63,1,0,0.87,0:39:42
410,1,56.084815979003906,36.63,1,0,0.87,0:39:48
411,1,229.17529296875,36.63,1,0,0.87,0:35:29
412,1,614.4942016601562,36.63,1,0,0.87,0:38:22
413,1,1923.755615234375,36.63,1,0,0.87,0:36:27
414,1,181.5143737792969,36.63,1,0,0.87,0:39:45
415,1,1046.732788085938,36.63,1,0,0.87,0:35:51
416,1,614.4942016601562,36.63,1,0,0.87,0:38:38
417,1,1729.5029296875,36.63,1,0,0.87,0:37:55
418,1,757.4893188476562,36.63,1,0,0.87,0:35:47
419,1,259.998291015625,36.63,1,0,0.87,0:37:18
420,1,15.079251289367681,36.63,1,0,0.87,0:37:51
421,1,614.4942016601562,36.63,1,0,0.87,0:37:42
422,1,5.020810604095459,36.63,1,0,0.87,0:37:14
423,1,1831.0819091796882,36.63,1,0,0.87,0:38:58
424,1,288.391845703125,36.63,1,0,0.87,0:37:11
425,1,4.784560680389403,36.63,1,0,0.87,0:36:30
426,1,147.0316009521484,36.63,1,0,0.87,0:39:45
427,1,33.1964111328125,36.63,1,0,0.87,0:38:46
428,1,447.4283447265625,36.63,1,0,0.87,0:37:56
429,1,47.37548446655273,36.63,1,0,0.87,0:38:23
430,1,10.44183731079102,36.63,1,0,0.87,0:38:42
431,1,139.42889404296878,36.63,1,0,0.87,0:35:56
432,1,0.0,36.63,1,0,0.87,0:37:46
433,1,1816.216796875,36.63,1,0,0.87,0:32:11
434,1,91.7226791381836,36.63,1,0,0.87,0:37:29
435,1,203.7541961669922,36.63,1,0,0.87,0:39:43
436,1,278.0033569335938,36.63,1,0,0.87,0:37:13
437,1,254.7844543457031,36.63,1,0,0.87,0:35:39
438,1,146.087158203125,36.63,1,0,0.87,0:39:20
439,1,197.583984375,36.63,1,0,0.87,0:41:02
440,1,3.849352598190308,36.63,1,0,0.87,0:37:12
441,1,259.998291015625,36.63,1,0,0.87,0:37:11
442,1,61.70027160644531,36.63,1,0,0.87,0:38:42
443,1,51.94340515136719,36.63,1,0,0.87,0:38:23
444,1,36.19046020507812,36.63,1,0,0.87,0:38:43
445,1,18.05331420898438,36.63,1,0,0.87,0:38:28
446,1,16.84739112854004,36.63,1,0,0.87,0:38:25
447,1,152.9394073486328,36.63,1,0,0.87,0:40:11
448,1,91.7226791381836,36.63,1,0,0.87,0:38:12
449,1,16.83182334899902,36.63,1,0,0.87,0:38:34
450,1,376.4162902832031,36.63,1,0,0.87,0:38:02
451,1,399.9556579589844,36.63,1,0,0.87,0:37:56
452,1,10.44776248931885,36.63,1,0,0.87,0:35:59
453,1,275.32614135742193,36.63,1,0,0.87,0:38:23
454,1,259.998291015625,36.63,1,0,0.87,0:38:22
455,1,75.45740509033203,36.63,1,0,0.87,0:37:16
456,1,10.44776248931885,36.63,1,0,0.87,0:38:30
457,1,109.4568328857422,36.63,1,0,0.87,0:38:04
458,1,41.13945007324219,36.63,1,0,0.87,0:38:22
459,1,14.32654094696045,36.63,1,0,0.87,0:37:54
460,1,18.81842231750488,36.63,1,0,0.87,0:35:27
461,1,741.6441650390625,36.63,1,0,0.87,0:38:06
462,1,384.0559692382812,36.63,1,0,0.87,0:39:01
463,1,11.05302143096924,36.63,1,0,0.87,0:38:36
464,1,15.55781936645508,36.63,1,0,0.87,0:39:14
465,1,246.8048858642578,36.63,1,0,0.87,0:40:09
466,1,614.4942016601562,36.63,1,0,0.87,0:38:48
467,1,614.4942016601562,36.63,1,0,0.87,0:38:48
468,1,5.227899074554443,36.63,1,0,0.87,0:39:14
469,1,198.6544494628906,36.63,1,0,0.87,0:38:42
470,1,31.781719207763672,36.63,1,0,0.87,0:38:59
471,1,10.44183731079102,36.63,0,1,0.87,0:38:09
472,1,320.0387878417969,36.63,1,0,0.87,0:38:13
473,1,179.3947906494141,36.63,1,0,0.87,0:39:18
474,1,235.4069671630859,36.63,1,0,0.87,0:36:57
475,1,10.06689834594727,36.63,1,0,0.87,0:35:48
476,1,16.84739112854004,36.63,1,0,0.87,0:36:11
477,1,18.05331420898438,36.63,1,0,0.87,0:38:06
478,1,173.0569305419922,36.63,1,0,0.87,0:39:01
479,1,16.82146263122559,36.63,1,0,0.87,0:38:29
480,1,29.45329856872559,36.63,1,0,0.87,0:38:29
481,1,69.63327026367189,36.63,1,0,0.87,0:40:00
482,1,1831.0819091796882,36.63,1,0,0.87,0:39:27
483,1,189.1238555908203,36.63,1,0,0.87,0:39:00
484,1,315.6446228027344,36.63,1,0,0.87,0:36:55
485,1,1105.029907226562,36.63,1,0,0.87,0:38:44
486,1,42.68008041381836,36.63,1,0,0.87,0:38:53
487,1,47.37548446655273,36.63,1,0,0.87,0:39:07
488,1,10.44183731079102,36.63,1,0,0.87,0:38:25
489,1,154.5012359619141,36.63,1,0,0.87,0:39:06
490,1,611.3375244140625,36.63,1,0,0.87,0:38:19
491,1,140.6603088378906,36.63,1,0,0.87,0:38:50
492,1,10.44776248931885,36.63,1,0,0.87,0:38:17
493,1,4.016949653625488,36.63,1,0,0.87,0:37:19
494,1,614.4942016601562,36.63,1,0,0.87,0:38:09
495,1,544.2213134765625,36.63,1,0,0.87,0:38:29
496,1,31.52193450927734,36.63,0,1,0.87,0:39:07
497,1,225.9852752685547,36.63,1,0,0.87,0:36:19
498,1,15.55781936645508,36.63,1,0,0.87,0:38:48
499,1,614.4942016601562,36.63,1,0,0.87,0:38:43
500,1,31.52193450927734,36.63,1,0,0.87,0:37:51
501,1,10.44776248931885,36.63,1,0,0.87,0:38:28
502,1,254.7844543457031,36.63,1,0,0.87,0:38:49
503,1,226.7956085205078,36.63,1,0,0.87,0:37:19
504,1,222.7997283935547,36.63,1,0,0.87,0:39:21
505,1,3.857389688491821,36.63,1,0,0.87,0:38:22
506,1,25.44406318664551,36.63,1,0,0.87,0:40:02
507,1,194.7049560546875,36.63,1,0,0.87,0:38:28
508,1,1.7231634855270392,36.63,1,0,0.87,0:38:31
509,1,653.6278686523438,36.63,1,0,0.87,0:38:04
510,1,60.01331329345703,36.63,1,0,0.87,0:37:44
511,1,26.14098167419434,36.63,1,0,0.87,0:38:24
512,1,4.641374111175537,36.63,1,0,0.87,0:38:39
513,1,184.2229766845703,36.63,1,0,0.87,0:37:31
514,1,240.3123626708984,36.63,1,0,0.87,0:35:28
515,1,207.0957794189453,36.63,1,0,0.87,0:39:11
516,1,222.6948394775391,36.63,1,0,0.87,0:39:54
517,1,634.6715087890625,36.63,1,0,0.87,0:38:32
518,1,47.37548446655273,36.63,1,0,0.87,0:37:54
519,1,1509.999267578125,36.63,1,0,0.87,0:35:10
520,1,1391.0174560546882,36.63,1,0,0.87,0:38:56
521,1,102.18041229248051,36.63,1,0,0.87,0:39:14
522,1,107.1760940551758,36.63,1,0,0.87,0:39:09
523,1,10.44183731079102,36.63,1,0,0.87,0:39:40
524,1,151.7768249511719,36.63,1,0,0.87,0:38:53
525,1,48.10107803344727,36.63,1,0,0.87,0:38:35
526,1,176.2371368408203,36.63,1,0,0.87,0:38:37
527,1,91.7226791381836,36.63,1,0,0.87,0:39:10
528,1,33.42565536499023,36.63,1,0,0.87,0:38:24
529,1,91.7226791381836,36.63,1,0,0.87,0:38:28
530,1,254.7844543457031,36.63,1,0,0.87,0:37:41
531,1,31.97005462646484,36.63,1,0,0.87,0:38:33
532,1,2133.544677734375,36.63,1,0,0.87,0:38:55
533,1,516.3578491210939,36.63,1,0,0.87,0:37:33
534,1,292.6947631835938,36.63,1,0,0.87,0:38:29
535,1,77.97574615478516,36.63,1,0,0.87,0:38:10
536,1,3.198105812072754,36.63,1,0,0.87,0:37:07
537,1,14.87020969390869,36.63,1,0,0.87,0:38:47
538,1,263.1090087890625,36.63,1,0,0.87,0:38:46
539,1,17.9755802154541,36.63,1,0,0.87,0:36:18
540,1,5.032363891601562,36.63,1,0,0.87,0:38:23
541,1,39.18559646606445,36.63,1,0,0.87,0:37:57
542,1,263.49282836914057,36.63,1,0,0.87,0:37:59
543,1,275.03494262695307,36.63,1,0,0.87,0:37:40
544,1,49.261985778808594,36.63,1,0,0.87,0:39:07
545,1,259.998291015625,36.63,1,0,0.87,0:39:52
546,1,220.0027313232422,36.63,1,0,0.87,0:38:38
547,1,217.51953125,36.63,1,0,0.87,0:36:11
548,1,212.0708923339844,36.63,1,0,0.87,0:38:47
549,1,274.657470703125,36.63,1,0,0.87,0:37:59
550,1,8.354454040527344,36.63,1,0,0.87,0:37:25
551,1,658.064208984375,36.63,1,0,0.87,0:39:06
552,1,159.2595977783203,36.63,1,0,0.87,0:38:48
553,1,89.30374908447266,36.63,1,0,0.87,0:39:15
554,1,378.2447204589844,36.63,1,0,0.87,0:39:39
555,1,542.0845947265625,36.63,1,0,0.87,0:39:05
556,1,223.5868377685547,36.63,1,0,0.87,0:37:38
557,1,176.01483154296884,36.63,1,0,0.87,0:37:47
558,1,15.55781936645508,36.63,1,0,0.87,0:38:48
559,1,35.90165328979492,36.63,1,0,0.87,0:38:20
560,1,2103.939453125,36.63,1,0,0.87,0:38:45
561,1,37.14537048339844,36.63,1,0,0.87,0:37:04
562,1,40.2354850769043,36.63,1,0,0.87,0:38:05
563,1,201.4784851074219,36.63,1,0,0.87,0:38:29
564,1,51.94340515136719,36.63,1,0,0.87,0:38:17
565,1,259.998291015625,36.63,1,0,0.87,0:36:14
566,1,302.7876281738281,36.63,1,0,0.87,0:38:24
567,1,259.998291015625,36.63,1,0,0.87,0:38:29
568,1,120.9079360961914,36.63,1,0,0.87,0:38:59
569,1,104.0583648681641,36.63,1,0,0.87,0:39:09
570,1,10.44776248931885,36.63,1,0,0.87,0:35:18
571,1,2554.609619140625,36.63,1,0,0.87,0:39:15
572,1,10.44183731079102,36.63,1,0,0.87,0:38:36
573,1,10.44183731079102,36.63,1,0,0.87,0:38:40
574,1,10.44183731079102,36.63,1,0,0.87,0:38:36
575,1,173.3040924072266,36.63,1,0,0.87,0:36:59
576,1,494.894775390625,36.63,1,0,0.87,0:39:32
577,1,1629.7652587890618,36.63,1,0,0.87,0:37:31
578,1,378.2878112792969,36.63,1,0,0.87,0:39:06
579,1,1509.999267578125,36.63,1,0,0.87,0:38:50
580,1,306.636474609375,36.63,1,0,0.87,0:38:32
581,1,10.63393688201904,36.63,1,0,0.87,0:38:07
582,1,1520.0419921875,36.63,1,0,0.87,0:38:36
583,1,208.5572662353516,36.63,1,0,0.87,0:37:08
584,1,56.084815979003906,36.63,1,0,0.87,0:39:12
585,1,331.5245056152344,36.63,1,0,0.87,0:39:38
586,1,37.34151840209961,36.63,1,0,0.87,0:38:09
587,1,0.5217891335487366,36.63,1,0,0.87,0:38:21
588,1,181.5143737792969,36.63,1,0,0.87,0:38:24
589,1,91.7226791381836,36.63,1,0,0.87,0:38:27
590,1,101.0343780517578,36.63,1,0,0.87,0:38:44
591,1,86.84709167480469,36.63,1,0,0.87,0:37:20
592,1,1631.184326171875,36.63,1,0,0.87,0:36:40
593,1,95.78414916992188,36.63,1,0,0.87,0:37:28
594,1,43.40748977661133,36.63,1,0,0.87,0:40:05
595,1,15.920199394226069,36.63,0,1,0.87,0:40:13
596,1,33.1964111328125,36.63,1,0,0.87,0:39:25
597,1,260.23983764648443,36.63,1,0,0.87,0:37:12
598,1,1596.6729736328118,36.63,1,0,0.87,0:38:14
599,1,140.9563293457031,36.63,1,0,0.87,0:38:23
600,1,184.6761322021484,36.63,1,0,0.87,0:38:02
601,1,341.8431701660156,36.63,1,0,0.87,0:37:49
602,1,676.4351806640625,36.63,1,0,0.87,0:38:25
603,1,395.6289672851562,36.63,1,0,0.87,0:39:33
604,1,10.03795623779297,36.63,1,0,0.87,0:39:16
605,1,1186.648193359375,36.63,1,0,0.87,0:38:24
606,1,31.97005462646484,36.63,0,1,0.87,0:38:03
607,1,47.437461853027344,36.63,1,0,0.87,0:36:39
608,1,108.7112350463867,36.63,1,0,0.87,0:39:02
609,1,25.96640586853027,36.63,1,0,0.87,0:35:27
610,1,266.2826538085938,36.63,1,0,0.87,0:38:27
611,1,149.1394653320312,36.63,1,0,0.87,0:37:31
612,1,37.14537048339844,36.63,1,0,0.87,0:38:12
613,1,2554.609619140625,36.63,1,0,0.87,0:39:10
614,1,389.0859985351562,36.63,1,0,0.87,0:37:26
615,1,266.2826538085938,36.63,1,0,0.87,0:38:09
616,1,377.1307067871094,36.63,1,0,0.87,0:38:07
617,1,13.8717737197876,36.63,1,0,0.87,0:38:44
618,1,48.00765991210938,36.63,1,0,0.87,0:37:37
619,1,31.52193450927734,36.63,1,0,0.87,0:38:54
620,1,205.08428955078116,36.63,1,0,0.87,0:35:26
621,1,51.85509490966797,36.63,1,0,0.87,0:35:19
622,1,569.853271484375,36.63,1,0,0.87,0:36:40
623,1,178.32672119140616,36.63,1,0,0.87,0:38:19
624,1,197.583984375,36.63,0,1,0.87,0:38:10
625,1,1.475898504257202,36.63,1,0,0.87,0:40:54
626,1,20.15006828308105,36.63,1,0,0.87,0:39:28
627,1,270.8564453125,36.63,1,0,0.87,0:38:36
628,1,311.5537719726562,36.63,1,0,0.87,0:39:00
629,1,10.44183731079102,36.63,1,0,0.87,0:38:41
630,1,55.70695114135742,36.63,1,0,0.87,0:38:47
631,1,119.14315795898442,36.63,1,0,0.87,0:38:13
632,1,11.278846740722662,36.63,1,0,0.87,0:35:57
633,1,1597.0006103515618,36.63,1,0,0.87,0:37:38
634,1,255.9418182373047,36.63,1,0,0.87,0:39:15
635,1,18.26416397094727,36.63,1,0,0.87,0:39:19
636,1,20.38751411437988,36.63,1,0,0.87,0:39:33
637,1,10.44776248931885,36.63,1,0,0.87,0:38:32
638,1,219.4850006103516,36.63,1,0,0.87,0:38:00
639,1,263.1090087890625,36.63,1,0,0.87,0:38:28
640,1,294.2689208984375,36.63,1,0,0.87,0:39:48
641,1,167.9832916259766,36.63,1,0,0.87,0:36:18
642,1,122.6507949829102,36.63,1,0,0.87,0:38:27
643,1,37.5223388671875,36.63,1,0,0.87,0:38:50
644,1,16.17848587036133,36.63,1,0,0.87,0:37:42
645,1,68.44830322265625,36.63,1,0,0.87,0:39:05
646,1,447.4283447265625,36.63,1,0,0.87,0:37:57
647,1,42.68008041381836,36.63,1,0,0.87,0:39:10
648,1,178.32672119140616,36.63,1,0,0.87,0:38:58
649,1,254.7844543457031,36.63,1,0,0.87,0:36:56
650,1,56.084815979003906,36.63,1,0,0.87,0:38:59
651,1,119.56497192382808,36.63,1,0,0.87,0:37:20
652,1,259.998291015625,36.63,1,0,0.87,0:38:38
653,1,183.6633758544922,36.63,1,0,0.87,0:37:09
654,1,9.36793613433838,36.63,1,0,0.87,0:39:31
655,1,11.261268615722662,36.63,1,0,0.87,0:37:53
656,1,27.25058937072754,36.63,1,0,0.87,0:39:35
657,1,315.6446228027344,36.63,1,0,0.87,0:38:32
658,1,172.7382965087891,36.63,1,0,0.87,0:39:39
659,1,202.67291259765616,36.63,1,0,0.87,0:39:59
660,1,14.566981315612788,36.63,1,0,0.87,0:40:44
661,1,16.84739112854004,36.63,0,1,0.87,0:40:14
662,1,56.084815979003906,36.63,1,0,0.87,0:37:55
663,1,37.14537048339844,36.63,0,1,0.87,0:38:10
664,1,41.80335235595703,36.63,1,0,0.87,0:37:35
665,1,238.82843017578116,36.63,1,0,0.87,0:37:38
666,1,105.6290054321289,36.63,1,0,0.87,0:39:54
667,1,10.44183731079102,36.63,1,0,0.87,0:39:52
668,1,140.6603088378906,36.63,1,0,0.87,0:36:06
669,1,10.44183731079102,36.63,1,0,0.87,0:38:36
670,1,194.7049560546875,36.63,1,0,0.87,0:38:05
671,1,192.7410583496094,36.63,1,0,0.87,0:41:58
672,1,169.5493469238281,36.63,1,0,0.87,0:39:38
673,1,421.3871459960938,36.63,1,0,0.87,0:39:52
674,1,1643.08056640625,36.63,1,0,0.87,0:38:16
675,1,237.6291656494141,36.63,1,0,0.87,0:38:53
676,1,26.71602821350098,36.63,1,0,0.87,0:37:31
677,1,614.4942016601562,36.63,1,0,0.87,0:39:13
678,1,14.566981315612788,36.63,1,0,0.87,0:36:10
679,1,31.97005462646484,36.63,1,0,0.87,0:38:28
680,1,1.919909358024597,36.63,1,0,0.87,0:39:05
681,1,297.2536010742188,36.63,1,0,0.87,0:39:05
682,1,265.26889038085943,36.63,1,0,0.87,0:37:38
683,1,1.475898504257202,36.63,1,0,0.87,0:38:54
684,1,232.5149993896484,36.63,1,0,0.87,0:38:52
685,1,152.9394073486328,36.63,1,0,0.87,0:38:55
686,1,298.2987060546875,36.63,1,0,0.87,0:38:14
687,1,33.91964721679688,36.63,1,0,0.87,0:38:02
688,1,1901.2242431640616,36.63,1,0,0.87,0:40:48
689,1,1517.81298828125,36.63,1,0,0.87,0:36:09
690,1,51.94340515136719,36.63,1,0,0.87,0:36:20
691,1,8.94913387298584,36.63,1,0,0.87,0:39:55
692,1,18.05331420898438,36.63,1,0,0.87,0:39:08
693,1,5.445359230041504,36.63,1,0,0.87,0:39:29
694,1,326.9779968261719,36.63,1,0,0.87,0:39:35
695,1,88.29365539550781,36.63,1,0,0.87,0:39:27
696,1,108.5567169189453,36.63,1,0,0.87,0:38:01
697,1,48.1821517944336,36.63,1,0,0.87,0:39:24
698,1,71.8073501586914,36.63,1,0,0.87,0:38:14
699,1,1525.08740234375,36.63,1,0,0.87,0:39:46
700,1,1752.2154541015618,36.63,1,0,0.87,0:40:11
701,1,179.9742889404297,36.63,1,0,0.87,0:38:33
702,1,634.6715087890625,36.63,1,0,0.87,0:39:09
703,1,16.83619689941406,36.63,1,0,0.87,0:38:18
704,1,297.5103759765625,36.63,1,0,0.87,0:39:19
705,1,249.107666015625,36.63,1,0,0.87,0:37:44
706,1,213.9208221435547,36.63,1,0,0.87,0:39:39
707,1,369.5801086425781,36.63,1,0,0.87,0:39:32
708,1,13.70660877227783,36.63,1,0,0.87,0:40:24
709,1,10.44183731079102,36.63,1,0,0.87,0:38:00
710,1,152.9394073486328,36.63,1,0,0.87,0:38:06
711,1,29.1304931640625,36.63,1,0,0.87,0:38:50
712,1,38.32305526733398,36.63,1,0,0.87,0:39:22
713,1,421.3871459960938,36.63,1,0,0.87,0:39:48
714,1,263.49282836914057,36.63,1,0,0.87,0:39:03
715,1,14.32654094696045,36.63,1,0,0.87,0:34:04
716,1,200.8847808837891,36.63,1,0,0.87,0:38:25
717,1,7.965522289276122,36.63,1,0,0.87,0:39:26
718,1,259.998291015625,36.63,1,0,0.87,0:38:21
719,1,127.01202392578121,36.63,1,0,0.87,0:38:48
720,1,88.57984924316406,36.63,1,0,0.87,0:39:34
721,1,226.05609130859384,36.63,1,0,0.87,0:39:50
722,1,14.32654094696045,36.63,1,0,0.87,0:39:04
723,1,367.4970703125,36.63,1,0,0.87,0:40:01
724,1,614.4942016601562,36.63,1,0,0.87,0:39:54
725,1,0.8937251567840576,36.63,1,0,0.87,0:40:07
726,1,10.44183731079102,36.63,1,0,0.87,0:37:59
727,1,194.2318115234375,36.63,1,0,0.87,0:39:02
728,1,10.44776248931885,36.63,1,0,0.87,0:39:10
729,1,16.84739112854004,36.63,1,0,0.87,0:39:25
730,1,15.224977493286133,36.63,1,0,0.87,0:38:39
731,1,15.55781936645508,36.63,1,0,0.87,0:40:11
732,1,9.004517555236816,36.63,1,0,0.87,0:38:38
733,1,47.15240859985352,36.63,0,1,0.87,0:38:04
734,1,799.8717651367188,36.63,0,1,0.87,0:38:10
735,1,137.57452392578122,36.63,1,0,0.87,0:38:19
736,1,222.6948394775391,36.63,1,0,0.87,0:39:42
737,1,181.5143737792969,36.63,1,0,0.87,0:39:21
738,1,10.44776248931885,36.63,0,1,0.87,0:39:11
739,1,312.5741882324219,36.63,1,0,0.87,0:39:23
740,1,16.00442504882812,36.63,1,0,0.87,0:37:54
741,1,22.78268432617188,36.63,1,0,0.87,0:38:09
742,1,1643.08056640625,36.63,1,0,0.87,0:38:23
743,1,285.1954345703125,36.63,1,0,0.87,0:37:17
744,1,229.17529296875,36.63,1,0,0.87,0:37:10
745,1,16.83182334899902,36.63,1,0,0.87,0:39:21
746,1,611.3375244140625,36.63,1,0,0.87,0:39:15
747,1,261.49755859375,36.63,1,0,0.87,0:40:01
748,1,270.05172729492193,36.63,1,0,0.87,0:39:15
749,1,141.5374298095703,36.63,1,0,0.87,0:39:49
750,1,1311.276123046875,36.63,1,0,0.87,0:38:31
751,1,31.97005462646484,36.63,1,0,0.87,0:38:52
752,1,183.2224578857422,36.63,1,0,0.87,0:36:54
753,1,14.566981315612788,36.63,1,0,0.87,0:40:06
754,1,109.4568328857422,36.63,1,0,0.87,0:39:11
755,1,166.5819854736328,36.63,1,0,0.87,0:38:16
756,1,2.701572418212891,36.63,1,0,0.87,0:38:46
757,1,10.44776248931885,36.63,1,0,0.87,0:39:53
758,1,24.5399284362793,36.63,1,0,0.87,0:38:39
759,1,2.103271007537842,36.63,1,0,0.87,0:38:01
760,1,18.26416397094727,36.63,1,0,0.87,0:41:00
761,1,157.4949645996094,36.63,1,0,0.87,0:37:20
762,1,516.6248779296875,36.63,1,0,0.87,0:40:13
763,1,38.78234481811523,36.63,1,0,0.87,0:39:49
764,1,72.12626647949219,36.63,1,0,0.87,0:39:21
765,1,89.8837890625,36.63,1,0,0.87,0:37:16
766,1,1517.81298828125,36.63,0,1,0.87,0:38:09
767,1,11.085031509399409,36.63,1,0,0.87,0:39:25
768,1,165.2113800048828,36.63,1,0,0.87,0:39:54
769,1,366.0434265136719,36.63,1,0,0.87,0:40:05
770,1,8.027867317199707,36.63,1,0,0.87,0:38:07
771,1,91.7226791381836,36.63,1,0,0.87,0:40:10
772,1,140.9563293457031,36.63,1,0,0.87,0:39:22
773,1,320.0387878417969,36.63,1,0,0.87,0:37:20
774,1,266.2826538085938,36.63,1,0,0.87,0:38:43
775,1,259.0045166015625,36.63,0,1,0.87,0:39:15
776,1,20.15006828308105,36.63,1,0,0.87,0:38:24
777,1,259.998291015625,36.63,1,0,0.87,0:38:02
778,1,8.438035011291504,36.63,1,0,0.87,0:38:48
779,1,9.794013023376463,36.63,1,0,0.87,0:39:11
780,1,670.1943359375,36.63,1,0,0.87,0:39:44
781,1,10.44183731079102,36.63,1,0,0.87,0:38:56
782,1,91.7226791381836,36.63,1,0,0.87,0:37:01
783,1,314.2830200195312,36.63,1,0,0.87,0:39:20
784,1,131.7489013671875,36.63,1,0,0.87,0:36:32
785,1,137.57452392578122,36.63,1,0,0.87,0:39:15
786,1,254.7844543457031,36.63,0,1,0.87,0:38:38
787,1,342.4767456054688,36.63,1,0,0.87,0:39:37
788,1,254.7844543457031,36.63,1,0,0.87,0:38:24
789,1,40.06459045410156,36.63,1,0,0.87,0:36:23
790,1,636.262451171875,36.63,1,0,0.87,0:37:44
791,1,245.7750091552734,36.63,1,0,0.87,0:40:21
792,1,3.8890023231506343,36.63,1,0,0.87,0:40:00
793,1,14.32654094696045,36.63,1,0,0.87,0:40:21
794,1,77.97574615478516,36.63,1,0,0.87,0:40:48
795,3,19.48332405090332,36.63,1,0,0.87,0:39:07
796,1,74.86676025390625,36.63,1,0,0.87,0:40:25
797,1,114.0,36.63,1,0,0.87,0:37:05
798,1,1509.999267578125,36.63,0,1,0.87,0:38:58
799,1,39.47004318237305,36.63,1,0,0.87,0:37:52
800,1,31.97005462646484,36.63,1,0,0.87,0:38:35
801,1,181.5143737792969,36.63,1,0,0.87,0:39:44
802,1,647.6728515625,36.63,1,0,0.87,0:37:10
803,1,1.441376805305481,36.63,1,0,0.87,0:39:21
804,1,2049.058349609375,36.63,1,0,0.87,0:38:35
805,1,120.8983688354492,36.63,1,0,0.87,0:39:34
806,1,224.4442291259766,36.63,1,0,0.87,0:39:52
807,1,11.05302143096924,36.63,1,0,0.87,0:40:04
808,1,296.8314819335938,36.63,1,0,0.87,0:38:20
809,1,119.56497192382808,36.63,1,0,0.87,0:36:51
810,1,10.44183731079102,36.63,1,0,0.87,0:38:17
811,2,38.78234481811523,36.63,1,0,0.87,0:40:22
812,1,14.566981315612788,36.63,1,0,0.87,0:40:46
813,1,290.1136779785156,36.63,1,0,0.87,0:39:35
814,1,245.7559356689453,36.63,1,0,0.87,0:40:40
815,1,36.16746139526367,36.63,1,0,0.87,0:40:22
816,1,6.110790252685548,36.63,1,0,0.87,0:40:01
817,1,16.439580917358402,36.63,1,0,0.87,0:39:39
818,1,236.8426971435547,36.63,1,0,0.87,0:39:36
819,1,215.0807952880859,36.63,1,0,0.87,0:36:52
820,1,10.44183731079102,36.63,1,0,0.87,0:36:41
821,1,15.920199394226069,36.63,1,0,0.87,0:40:12
822,1,10.96754741668701,36.63,1,0,0.87,0:40:10
823,1,91.7226791381836,36.63,1,0,0.87,0:39:56
824,1,118.26126098632808,36.63,0,1,0.87,0:38:09
825,1,263.1090087890625,36.63,1,0,0.87,0:39:36
826,1,181.5143737792969,36.63,1,0,0.87,0:38:53
827,1,51.61442184448242,36.63,1,0,0.87,0:40:00
828,1,246.6096496582031,36.63,0,1,0.87,0:38:57
829,1,45.9816780090332,36.63,1,0,0.87,0:39:36
830,1,167.1740875244141,36.63,1,0,0.87,0:40:21
831,1,141.1389312744141,36.63,1,0,0.87,0:40:13
832,1,192.3346252441406,36.63,1,0,0.87,0:39:48
833,1,71.8073501586914,36.63,1,0,0.87,0:39:58
834,1,311.627685546875,36.63,1,0,0.87,0:39:34
835,1,232.5149993896484,36.63,1,0,0.87,0:38:59
836,1,181.5143737792969,36.63,1,0,0.87,0:37:35
837,1,14.447757720947273,36.63,1,0,0.87,0:40:21
838,1,148.55224609375,36.63,1,0,0.87,0:39:53
839,1,237.6291656494141,36.63,1,0,0.87,0:38:14
840,1,122.5372314453125,36.63,1,0,0.87,0:40:27
841,1,169.5432281494141,36.63,1,0,0.87,0:38:33
842,1,52.04446411132812,36.63,1,0,0.87,0:38:10
843,1,7.662844181060791,36.63,1,0,0.87,0:37:15
844,1,259.998291015625,36.63,1,0,0.87,0:36:31
845,1,1623.9774169921882,36.63,1,0,0.87,0:37:27
846,1,22.78268432617188,36.63,1,0,0.87,0:39:09
847,1,2229.72216796875,36.63,1,0,0.87,0:38:45
848,1,27.96543884277344,36.63,1,0,0.87,0:39:43
849,1,16.84739112854004,36.63,1,0,0.87,0:37:30
850,1,315.9778747558594,36.63,1,0,0.87,0:40:18
851,1,20.64476203918457,36.63,1,0,0.87,0:38:45
852,1,1544.0899658203118,36.63,1,0,0.87,0:38:24
853,1,337.4805297851562,36.63,1,0,0.87,0:38:58
854,1,277.167236328125,36.63,1,0,0.87,0:42:20
855,1,1322.692260742188,36.63,1,0,0.87,0:37:28
856,1,123.3343276977539,36.63,1,0,0.87,0:38:20
857,1,68.62152099609375,36.63,1,0,0.87,0:40:52
858,1,38.32305526733398,36.63,1,0,0.87,0:39:56
859,1,14.32654094696045,36.63,1,0,0.87,0:39:00
860,1,93.24968719482422,36.63,1,0,0.87,0:41:48
861,1,606.5416870117188,36.63,1,0,0.87,0:37:32
862,1,421.3871459960938,36.63,1,0,0.87,0:39:20
863,1,41.27063369750977,36.63,1,0,0.87,0:39:36
864,1,58.93083190917969,36.63,1,0,0.87,0:39:20
865,1,1629.7652587890618,36.63,1,0,0.87,0:39:37
866,1,666.8341674804688,36.63,1,0,0.87,0:39:17
867,1,222.7997283935547,36.63,1,0,0.87,0:39:56
868,1,220.7496185302734,36.63,1,0,0.87,0:38:28
869,1,1623.9774169921882,36.63,1,0,0.87,0:38:25
870,1,15.55781936645508,36.63,1,0,0.87,0:39:44
871,1,1629.7652587890618,36.63,1,0,0.87,0:39:08
872,1,279.8844604492188,36.63,1,0,0.87,0:36:46
873,1,31.2812614440918,36.63,1,0,0.87,0:39:39
874,1,109.7792205810547,36.63,1,0,0.87,0:40:42
875,1,153.0057525634766,36.63,1,0,0.87,0:41:09
876,1,39.64147567749023,36.63,0,1,0.87,0:38:57
877,1,1360.286376953125,36.63,1,0,0.87,0:39:08
878,1,368.8425903320312,36.63,1,0,0.87,0:40:27
879,1,1663.24755859375,36.63,1,0,0.87,0:39:03
880,1,14.566981315612788,36.63,1,0,0.87,0:37:23
881,1,181.94775390625,36.63,1,0,0.87,0:40:25
882,1,421.3871459960938,36.63,1,0,0.87,0:39:51
883,1,31.2812614440918,36.63,1,0,0.87,0:39:31
884,1,232.5149993896484,36.63,1,0,0.87,0:39:17
885,1,0.5368872284889221,36.63,1,0,0.87,0:40:32
886,1,181.5143737792969,36.63,1,0,0.87,0:41:15
887,1,320.0387878417969,36.63,1,0,0.87,0:39:29
888,1,81.51506042480469,36.63,1,0,0.87,0:38:47
889,1,55.22239303588867,36.63,1,0,0.87,0:40:55
890,1,2126.79833984375,36.63,1,0,0.87,0:39:56
891,1,158.6006774902344,36.63,1,0,0.87,0:37:57
892,1,1525.08740234375,36.63,1,0,0.87,0:38:20
893,1,76.14285278320312,36.63,1,0,0.87,0:43:04
894,1,110.9721298217773,36.63,1,0,0.87,0:41:27
895,1,11.57025718688965,36.63,1,0,0.87,0:42:56
896,1,16.84739112854004,36.63,0,1,0.87,0:39:48
897,1,24.5399284362793,36.63,1,0,0.87,0:40:04
898,1,144.0990447998047,36.63,1,0,0.87,0:39:51
899,1,343.5472106933594,36.63,1,0,0.87,0:39:27
900,1,7.965522289276122,36.63,1,0,0.87,0:39:19
901,1,323.107666015625,36.63,1,0,0.87,0:40:14
902,1,7.1861228942871085,36.63,1,0,0.87,0:39:35
903,1,380.0,36.63,1,0,0.87,0:39:29
904,1,220.386962890625,36.63,1,0,0.87,0:40:08
905,1,8.194785118103027,36.63,1,0,0.87,0:39:54
906,1,58.92037963867188,36.63,1,0,0.87,0:39:24
907,1,38.78234481811523,36.63,1,0,0.87,0:38:18
908,1,16.83182334899902,36.63,1,0,0.87,0:40:01
909,1,13.027480125427251,36.63,1,0,0.87,0:39:02
910,1,254.8965301513672,36.63,1,0,0.87,0:36:51
911,1,1755.077880859375,36.63,1,0,0.87,0:35:29
912,1,614.4942016601562,36.63,1,0,0.87,0:39:15
913,1,36.19046020507812,36.63,1,0,0.87,0:38:20
914,1,242.4671478271484,36.63,1,0,0.87,0:39:18
915,1,180.7409820556641,36.63,1,0,0.87,0:39:39
916,1,15.55781936645508,36.63,1,0,0.87,0:39:35
917,1,35.90165328979492,36.63,1,0,0.87,0:38:43
918,1,1883.18408203125,36.63,1,0,0.87,0:38:54
919,1,10.18533515930176,36.63,1,0,0.87,0:39:19
920,2,10.44183731079102,36.63,1,0,0.87,0:40:18
921,1,779.2720947265625,36.63,1,0,0.87,0:40:11
922,1,5.609318733215332,36.63,1,0,0.87,0:39:42
923,1,374.1132507324219,36.63,1,0,0.87,0:39:44
924,1,27.25058937072754,36.63,1,0,0.87,0:40:29
925,1,191.9058990478516,36.63,1,0,0.87,0:39:22
926,1,251.7782897949219,36.63,1,0,0.87,0:39:34
927,1,16.439580917358402,36.63,1,0,0.87,0:39:05
928,1,92.49187469482422,36.63,1,0,0.87,0:40:08
929,1,35.90165328979492,36.63,1,0,0.87,0:40:14
930,1,181.5143737792969,36.63,1,0,0.87,0:39:45
931,1,10.96754741668701,36.63,1,0,0.87,0:38:53
932,1,7.579835891723633,36.63,1,0,0.87,0:39:15
933,1,105.6290054321289,36.63,0,1,0.87,0:39:36
934,1,24.13339424133301,36.63,1,0,0.87,0:39:45
935,1,105.59640502929692,36.63,0,1,0.87,0:38:56
936,1,117.1507339477539,36.63,1,0,0.87,0:38:23
937,1,17.608783721923828,36.63,1,0,0.87,0:41:51
938,1,7.278851509094237,36.63,1,0,0.87,0:40:59
939,1,1636.990966796875,36.63,1,0,0.87,0:39:34
940,1,126.9489517211914,36.63,1,0,0.87,0:39:08
941,1,3.1063323020935063,36.63,1,0,0.87,0:39:17
942,1,2547.5634765625,36.63,1,0,0.87,0:36:21
943,1,31.97005462646484,36.63,1,0,0.87,0:38:23
944,1,31.97005462646484,36.63,1,0,0.87,0:40:45
945,1,273.54550170898443,36.63,1,0,0.87,0:41:26
946,1,199.0219879150391,36.63,1,0,0.87,0:40:12
947,1,88.96888732910156,36.63,1,0,0.87,0:40:42
948,1,58.93083190917969,36.63,0,1,0.87,0:39:47
949,1,10.44183731079102,36.63,1,0,0.87,0:40:39
950,1,149.1394653320312,36.63,1,0,0.87,0:39:40
951,1,233.9830322265625,36.63,1,0,0.87,0:38:45
952,1,181.5143737792969,36.63,1,0,0.87,0:37:45
953,1,9.03772258758545,36.63,1,0,0.87,0:40:54
954,1,52.51739120483398,36.63,1,0,0.87,0:40:14
955,1,229.17529296875,36.63,1,0,0.87,0:38:40
956,1,632.7786865234375,36.63,1,0,0.87,0:37:44
957,1,7.058139324188232,36.63,1,0,0.87,0:37:24
958,1,31.2812614440918,36.63,1,0,0.87,0:37:54
959,1,91.7226791381836,36.63,1,0,0.87,0:39:09
960,1,117.0965118408203,36.63,0,1,0.87,0:39:58
961,1,197.8510894775391,36.63,1,0,0.87,0:39:35
962,1,287.5038757324219,36.63,1,0,0.87,0:39:20
963,1,72.50554656982422,36.63,1,0,0.87,0:37:50
964,1,8.194785118103027,36.63,1,0,0.87,0:39:36
965,1,146.087158203125,36.63,1,0,0.87,0:38:18
966,1,254.7844543457031,36.63,1,0,0.87,0:36:51
967,1,45.82323455810547,36.63,1,0,0.87,0:39:59
968,1,218.3410186767578,36.63,1,0,0.87,0:40:37
969,1,30.4487247467041,36.63,1,0,0.87,0:39:24
970,1,89.6968994140625,36.63,1,0,0.87,0:40:26
971,1,215.5704803466797,36.63,1,0,0.87,0:39:19
972,1,1831.0819091796882,36.63,1,0,0.87,0:39:19
973,1,33.6102294921875,36.63,1,0,0.87,0:40:49
974,1,20.15006828308105,36.63,1,0,0.87,0:40:05
975,1,140.6603088378906,36.63,1,0,0.87,0:40:16
976,1,19.98725891113281,36.63,1,0,0.87,0:40:01
977,1,27.39501571655273,36.63,1,0,0.87,0:40:01
978,1,48.91574478149414,36.63,1,0,0.87,0:37:53
979,1,315.9778747558594,36.63,1,0,0.87,0:40:12
980,1,181.5143737792969,36.63,1,0,0.87,0:40:13
981,1,252.9573211669922,36.63,1,0,0.87,0:41:42
982,1,122.2371139526367,36.63,1,0,0.87,0:40:37
983,1,55.27118682861328,36.63,0,1,0.87,0:41:13
984,1,196.8123321533203,36.63,1,0,0.87,0:38:33
985,1,86.7063217163086,36.63,1,0,0.87,0:36:28
986,1,16.83182334899902,36.63,1,0,0.87,0:36:15
987,1,1623.9774169921882,36.63,0,1,0.87,0:38:56
988,1,51.94340515136719,36.63,1,0,0.87,0:39:23
989,1,181.5143737792969,36.63,1,0,0.87,0:40:44
990,1,10.44183731079102,36.63,0,1,0.87,0:40:52
991,1,10.44776248931885,36.63,1,0,0.87,0:40:24
992,1,224.3828430175781,36.63,1,0,0.87,0:39:32
993,1,175.8120269775391,36.63,1,0,0.87,0:40:16
994,1,217.2309417724609,36.63,1,0,0.87,0:37:42
995,1,7.965219974517822,36.63,1,0,0.87,0:39:45
996,1,1623.9774169921882,36.63,1,0,0.87,0:36:09
997,1,16.84739112854004,36.63,1,0,0.87,0:40:17
998,1,10.44183731079102,36.63,1,0,0.87,0:40:34
999,1,42.68008041381836,36.63,1,0,0.87,0:38:35
1000,1,50.82839584350586,36.63,1,0,0.87,0:41:49
1001,1,15.55781936645508,36.63,1,0,0.87,0:39:39
1002,1,86.84709167480469,36.63,1,0,0.87,0:39:55
1003,1,74.99618530273438,36.63,1,0,0.87,0:40:00
1004,1,181.5143737792969,36.63,1,0,0.87,0:40:50
1005,1,181.5143737792969,36.63,1,0,0.87,0:39:45
1006,1,37.5223388671875,36.63,1,0,0.87,0:40:18
1007,1,64.12521362304689,36.63,1,0,0.87,0:38:01
1008,1,248.6919403076172,36.63,1,0,0.87,0:38:35
1009,1,2554.609619140625,36.63,1,0,0.87,0:39:03
1010,1,74.22908020019531,36.63,1,0,0.87,0:38:37
1011,1,291.1369323730469,36.63,1,0,0.87,0:39:27
1012,1,86.27144622802734,36.63,1,0,0.87,0:40:02
1013,1,10.44776248931885,36.63,1,0,0.87,0:39:49
1014,1,12.58986759185791,36.63,1,0,0.87,0:40:06
1015,1,16.84739112854004,36.63,1,0,0.87,0:39:09
1016,1,187.0788269042969,36.63,1,0,0.87,0:40:09
1017,1,20.15006828308105,36.63,1,0,0.87,0:40:03
1018,1,1300.004516601562,36.63,1,0,0.87,0:40:24
1019,1,10.18533515930176,36.63,1,0,0.87,0:40:14
1020,1,18.05331420898438,36.63,1,0,0.87,0:36:01
1021,1,2.022631406784058,36.63,1,0,0.87,0:38:28
1022,1,614.4942016601562,36.63,1,0,0.87,0:37:18
1023,1,10.44776248931885,36.63,1,0,0.87,0:40:26
1024,1,505.1585388183594,36.63,0,1,0.87,0:40:37
1025,1,734.1759033203125,36.63,1,0,0.87,0:35:21
1026,1,17.5898609161377,36.63,1,0,0.87,0:40:46
1027,1,1623.9774169921882,36.63,1,0,0.87,0:39:32
1028,1,1596.6729736328118,36.63,1,0,0.87,0:41:58
1029,1,26.88188362121582,36.63,1,0,0.87,0:39:32
1030,1,47.58063888549805,36.63,0,1,0.87,0:39:54
1031,1,11.57025718688965,36.63,1,0,0.87,0:40:40
1032,1,215.1114501953125,36.63,1,0,0.87,0:38:28
1033,1,181.5143737792969,36.63,1,0,0.87,0:41:18
1034,1,16.5250129699707,36.63,1,0,0.87,0:40:55
1035,1,1473.49462890625,36.63,1,0,0.87,0:40:29
1036,1,161.5447998046875,36.63,1,0,0.87,0:36:18
1037,1,259.998291015625,36.63,1,0,0.87,0:40:16
1038,1,205.3728790283203,36.63,1,0,0.87,0:40:06
1039,1,34.05735397338867,36.63,1,0,0.87,0:39:44
1040,1,24.11320304870605,36.63,1,0,0.87,0:39:57
1041,1,38.78234481811523,36.63,1,0,0.87,0:40:44
1042,1,32.25616455078125,36.63,1,0,0.87,0:40:48
1043,1,118.5949020385742,36.63,1,0,0.87,0:35:40
1044,1,37.9741325378418,36.63,1,0,0.87,0:39:09
1045,1,232.5149993896484,36.63,1,0,0.87,0:41:08
1046,1,254.7844543457031,36.63,1,0,0.87,0:41:05
1047,1,181.5143737792969,36.63,1,0,0.87,0:40:46
1048,1,297.5103759765625,36.63,1,0,0.87,0:40:27
1049,1,91.56227111816406,36.63,1,0,0.87,0:38:46
1050,1,8.94913387298584,36.63,1,0,0.87,0:40:22
1051,1,380.0,36.63,1,0,0.87,0:40:01
1052,1,7.965522289276122,36.63,1,0,0.87,0:40:11
1053,1,10.44776248931885,36.63,1,0,0.87,0:39:22
1054,1,259.998291015625,36.63,1,0,0.87,0:41:06
1055,1,33.1964111328125,36.63,1,0,0.87,0:40:07
1056,1,7.058139324188232,36.63,1,0,0.87,0:40:24
1057,1,10.44776248931885,36.63,1,0,0.87,0:40:32
1058,1,203.7541961669922,36.63,1,0,0.87,0:41:07
1059,1,15.224977493286133,36.63,1,0,0.87,0:39:40
1060,1,255.9418182373047,36.63,1,0,0.87,0:41:15
1061,1,228.6362762451172,36.63,1,0,0.87,0:40:35
1062,1,8.194785118103027,36.63,1,0,0.87,0:41:04
1063,1,64.14952850341797,36.63,1,0,0.87,0:39:58
1064,1,48.10107803344727,36.63,1,0,0.87,0:39:06
1065,1,398.2716369628906,36.63,1,0,0.87,0:38:39
1066,1,6.065486431121826,36.63,0,1,0.87,0:40:00
1067,1,92.92269134521484,36.63,1,0,0.87,0:39:02
1068,1,10.44183731079102,36.63,1,0,0.87,0:40:38
1069,1,89.8837890625,36.63,1,0,0.87,0:35:39
1070,1,320.0387878417969,36.63,1,0,0.87,0:38:12
1071,1,12.35730648040771,36.63,1,0,0.87,0:40:38
1072,1,52.71562576293945,36.63,1,0,0.87,0:39:33
1073,1,16.84739112854004,36.63,1,0,0.87,0:40:17
1074,1,6.924670219421388,36.63,1,0,0.87,0:38:24
1075,1,2554.609619140625,36.63,1,0,0.87,0:38:53
1076,1,237.3660736083984,36.63,1,0,0.87,0:38:48
1077,1,15.224977493286133,36.63,0,1,0.87,0:39:39
1078,1,33.1964111328125,36.63,0,1,0.87,0:40:10
1079,1,4.263185024261476,36.63,1,0,0.87,0:40:36
1080,1,18.05331420898438,36.63,1,0,0.87,0:40:01
1081,1,4.0,36.63,1,0,0.87,0:37:13
1082,1,194.29931640625,36.63,1,0,0.87,0:37:49
1083,1,505.1585388183594,36.63,1,0,0.87,0:40:25
1084,1,232.5149993896484,36.63,1,0,0.87,0:39:18
1085,1,112.8550796508789,36.63,1,0,0.87,0:37:49
1086,1,28.0911808013916,36.63,1,0,0.87,0:41:05
1087,1,166.5990447998047,36.63,1,0,0.87,0:40:35
1088,1,374.1132507324219,36.63,1,0,0.87,0:40:32
1089,1,270.6813354492188,36.63,1,0,0.87,0:35:48
1090,1,10.44183731079102,36.63,1,0,0.87,0:40:22
1091,1,181.5143737792969,36.63,1,0,0.87,0:40:24
1092,1,269.0430908203125,36.63,1,0,0.87,0:38:01
1093,1,91.7226791381836,36.63,1,0,0.87,0:39:40
1094,1,9.335716247558594,36.63,1,0,0.87,0:39:19
1095,1,226.9605255126953,36.63,1,0,0.87,0:39:02
1096,1,10.44776248931885,36.63,1,0,0.87,0:38:56
1097,1,10.44776248931885,36.63,1,0,0.87,0:39:57
1098,1,181.5143737792969,36.63,1,0,0.87,0:38:15
1099,1,149.1394653320312,36.63,1,0,0.87,0:41:13
1100,1,221.8209533691406,36.63,1,0,0.87,0:40:18
1101,1,15.55781936645508,36.63,1,0,0.87,0:39:58
1102,1,10.44183731079102,36.63,1,0,0.87,0:39:37
1103,1,254.7844543457031,36.63,1,0,0.87,0:40:40
1104,1,31.97005462646484,36.63,1,0,0.87,0:40:08
1105,1,1596.6729736328118,36.63,1,0,0.87,0:39:53
1106,1,5.251800537109375,36.63,1,0,0.87,0:39:39
1107,1,25.44406318664551,36.63,1,0,0.87,0:41:05
1108,1,350.7449645996094,36.63,1,0,0.87,0:40:45
1109,1,233.2363739013672,36.63,1,0,0.87,0:40:02
1110,1,15.224977493286133,36.63,1,0,0.87,0:38:47
1111,1,15.55781936645508,36.63,1,0,0.87,0:38:00
1112,1,206.3648223876953,36.63,1,0,0.87,0:37:29
1113,1,27.46144104003906,36.63,1,0,0.87,0:37:57
1114,1,213.9208221435547,36.63,1,0,0.87,0:40:27
1115,1,55.65824508666992,36.63,1,0,0.87,0:39:46
1116,1,1.152796030044556,36.63,1,0,0.87,0:40:15
1117,1,12.35730648040771,36.63,1,0,0.87,0:39:09
1118,1,614.4942016601562,36.63,1,0,0.87,0:39:40
1119,1,31.781719207763672,36.63,1,0,0.87,0:40:55
1120,1,69.47795104980469,36.63,1,0,0.87,0:38:56
1121,1,62.17602157592773,36.63,1,0,0.87,0:39:14
1122,1,181.5143737792969,36.63,1,0,0.87,0:41:18
1123,1,39.47004318237305,36.63,1,0,0.87,0:39:38
1124,1,11.42669010162354,36.63,1,0,0.87,0:38:20
1125,1,6.833942890167236,36.63,1,0,0.87,0:40:59
1126,1,91.7226791381836,36.63,1,0,0.87,0:39:38
1127,1,15.224977493286133,36.63,1,0,0.87,0:41:17
1128,1,437.3248596191406,36.63,0,1,0.87,0:41:20
1129,1,32.52695846557617,36.63,0,1,0.87,0:38:57
1130,1,259.998291015625,36.63,1,0,0.87,0:40:23
1131,1,220.8075714111328,36.63,0,1,0.87,0:40:54
1132,1,5.982972621917725,36.63,1,0,0.87,0:40:19
1133,1,49.32119750976562,36.63,1,0,0.87,0:41:00
1134,1,8.94913387298584,36.63,1,0,0.87,0:39:33
1135,1,544.2213134765625,36.63,1,0,0.87,0:39:41
1136,1,187.9677429199219,36.63,1,0,0.87,0:37:47
1137,1,226.9747467041016,36.63,1,0,0.87,0:40:41
1138,1,51.94340515136719,36.63,1,0,0.87,0:40:05
1139,1,21.91367149353027,36.63,1,0,0.87,0:41:26
1140,1,189.1320343017578,36.63,1,0,0.87,0:40:50
1141,1,108.46487426757808,36.63,1,0,0.87,0:40:26
1142,1,16.84739112854004,36.63,1,0,0.87,0:39:45
1143,1,41.98091506958008,36.63,1,0,0.87,0:37:38
1144,1,380.0,36.63,1,0,0.87,0:39:53
1145,1,149.1394653320312,36.63,1,0,0.87,0:41:11
1146,1,9.291970252990724,36.63,1,0,0.87,0:38:58
1147,1,295.9783935546875,36.63,1,0,0.87,0:39:56
1148,1,1413.3297119140618,36.63,1,0,0.87,0:40:04
1149,1,342.2857666015625,36.63,1,0,0.87,0:38:40
1150,1,149.1394653320312,36.63,1,0,0.87,0:39:17
1151,1,231.2128601074219,36.63,1,0,0.87,0:38:30
1152,1,54.03503799438477,36.63,1,0,0.87,0:41:21
1153,1,50.26950454711914,36.63,1,0,0.87,0:39:28
1154,1,112.8550796508789,36.63,1,0,0.87,0:38:58
1155,1,40.2354850769043,36.63,1,0,0.87,0:39:11
1156,1,47.37548446655273,36.63,1,0,0.87,0:40:05
1157,1,152.9394073486328,36.63,1,0,0.87,0:41:39
1158,1,77.97574615478516,36.63,1,0,0.87,0:40:44
1159,1,233.2363739013672,36.63,1,0,0.87,0:42:17
1160,1,7.738786697387695,36.63,1,0,0.87,0:38:59
1161,1,236.900634765625,36.63,1,0,0.87,0:38:14
1162,1,37.82806777954102,36.63,1,0,0.87,0:41:58
1163,1,1629.7652587890618,36.63,1,0,0.87,0:40:16
1164,1,5.890616416931152,36.63,1,0,0.87,0:41:38
1165,1,1046.732788085938,36.63,0,1,0.87,0:40:52
1166,1,181.5143737792969,36.63,1,0,0.87,0:41:20
1167,1,7.965522289276122,36.63,1,0,0.87,0:40:00
1168,1,10.44183731079102,36.63,1,0,0.87,0:40:08
1169,1,183.2224578857422,36.63,1,0,0.87,0:39:56
1170,1,13.027480125427251,36.63,1,0,0.87,0:41:06
1171,1,194.7049560546875,36.63,0,1,0.87,0:39:14
1172,1,9.135687828063963,36.63,1,0,0.87,0:39:47
1173,1,12.82390880584717,36.63,1,0,0.87,0:41:03
1174,1,287.5038757324219,36.63,0,1,0.87,0:40:52
1175,1,161.7024841308594,36.63,1,0,0.87,0:39:39
1176,1,51.94340515136719,36.63,1,0,0.87,0:39:08
1177,1,25.04593086242676,36.63,1,0,0.87,0:41:14
1178,1,3.297203540802002,36.63,1,0,0.87,0:40:11
1179,1,71.8073501586914,36.63,1,0,0.87,0:39:44
1180,1,259.998291015625,36.63,1,0,0.87,0:39:48
1181,1,544.2213134765625,36.63,1,0,0.87,0:36:42
1182,1,9.36025619506836,36.63,1,0,0.87,0:38:57
1183,1,39.18559646606445,36.63,1,0,0.87,0:41:12
1184,1,15.224977493286133,36.63,1,0,0.87,0:39:34
1185,1,0.6114726066589355,36.63,0,1,0.87,0:40:09
1186,1,241.50628662109384,36.63,1,0,0.87,0:40:13
1187,1,260.84353637695307,36.63,1,0,0.87,0:40:20
1188,1,274.87313842773443,36.63,1,0,0.87,0:40:14
1189,1,35.90165328979492,36.63,1,0,0.87,0:40:19
1190,1,27.39501571655273,36.63,1,0,0.87,0:39:06
1191,1,16.83182334899902,36.63,1,0,0.87,0:41:07
1192,1,173.4979095458984,36.63,1,0,0.87,0:38:55
1193,1,611.3375244140625,36.63,1,0,0.87,0:40:23
1194,1,134.9916687011719,36.63,1,0,0.87,0:39:04
1195,1,39.8952522277832,36.63,0,1,0.87,0:40:20
1196,1,10.44183731079102,36.63,1,0,0.87,0:40:46
1197,1,103.8750534057617,36.63,1,0,0.87,0:41:18
1198,1,323.107666015625,36.63,1,0,0.87,0:40:15
1199,1,198.1594390869141,36.63,1,0,0.87,0:39:21
1200,1,91.7226791381836,36.63,1,0,0.87,0:41:16
1201,1,194.29931640625,36.63,1,0,0.87,0:40:27
1202,1,387.8816528320312,36.63,1,0,0.87,0:39:59
1203,1,5.020810604095459,36.63,1,0,0.87,0:39:31
1204,1,5.664112567901611,36.63,1,0,0.87,0:40:19
1205,1,108.9886856079102,36.63,1,0,0.87,0:40:54
1206,1,140.58866882324222,36.63,1,0,0.87,0:41:51
1207,1,5.445359230041504,36.63,1,0,0.87,0:39:06
1208,1,9.03772258758545,36.63,1,0,0.87,0:40:29
1209,1,16.83182334899902,36.63,1,0,0.87,0:38:14
1210,2,66.11064147949219,36.63,1,0,0.87,0:40:11
1211,1,209.8311004638672,36.63,1,0,0.87,0:40:32
1212,1,1.7231634855270392,36.63,1,0,0.87,0:39:40
1213,1,91.7226791381836,36.63,0,1,0.87,0:40:44
1214,1,4.8699212074279785,36.63,1,0,0.87,0:37:58
1215,1,86.03954315185547,36.63,1,0,0.87,0:38:57
1216,1,24.55533409118652,36.63,1,0,0.87,0:39:34
1217,1,56.084815979003906,36.63,1,0,0.87,0:41:12
1218,1,305.6573791503906,36.63,1,0,0.87,0:41:44
1219,1,330.9388732910156,36.63,1,0,0.87,0:37:54
1220,1,7.965522289276122,36.63,1,0,0.87,0:41:20
1221,1,47.37548446655273,36.63,1,0,0.87,0:38:50
1222,1,219.4885711669922,36.63,1,0,0.87,0:39:31
1223,1,16.84739112854004,36.63,1,0,0.87,0:41:04
1224,1,313.2209167480469,36.63,1,0,0.87,0:39:40
1225,1,270.18362426757807,36.63,1,0,0.87,0:40:39
1226,1,69.64772033691406,36.63,1,0,0.87,0:40:46
1227,1,157.4949645996094,36.63,1,0,0.87,0:40:18
1228,1,209.1282806396484,36.63,1,0,0.87,0:40:32
1229,1,6.247245788574219,36.63,1,0,0.87,0:39:49
1230,1,91.85733795166016,36.63,0,1,0.87,0:39:42
1231,1,17.0,36.63,1,0,0.87,0:39:55
1232,1,284.4856872558594,36.63,1,0,0.87,0:40:31
1233,1,173.7321014404297,36.63,1,0,0.87,0:39:14
1234,1,14.83109951019287,36.63,1,0,0.87,0:40:32
1235,1,109.13800048828121,36.63,1,0,0.87,0:38:49
1236,1,28.33566474914551,36.63,1,0,0.87,0:40:00
1237,1,192.6400146484375,36.63,1,0,0.87,0:41:10
1238,1,8.194785118103027,36.63,0,1,0.87,0:40:17
1239,1,8.470474243164062,36.63,1,0,0.87,0:41:02
1240,1,516.6248779296875,36.63,1,0,0.87,0:40:49
1241,1,91.7226791381836,36.63,1,0,0.87,0:41:09
1242,1,5.020810604095459,36.63,1,0,0.87,0:38:04
1243,1,239.6722869873047,36.63,1,0,0.87,0:41:21
1244,1,259.998291015625,36.63,1,0,0.87,0:40:09
1245,1,366.3657531738281,36.63,1,0,0.87,0:37:51
1246,1,13.074999809265142,36.63,1,0,0.87,0:39:01
1247,1,420.1313171386719,36.63,1,0,0.87,0:37:34
1248,1,779.2720947265625,36.63,1,0,0.87,0:40:27
1249,1,100.1167373657227,36.63,1,0,0.87,0:42:01
1250,1,77.22608184814453,36.63,1,0,0.87,0:39:51
1251,1,1065.149658203125,36.63,1,0,0.87,0:40:00
1252,1,73.2974853515625,36.63,1,0,0.87,0:37:43
1253,1,233.2363739013672,36.63,1,0,0.87,0:38:14
1254,1,1509.999267578125,36.63,1,0,0.87,0:40:10
1255,1,382.1895751953125,36.63,1,0,0.87,0:40:49
1256,1,187.0788269042969,36.63,1,0,0.87,0:40:26
1257,1,104.0583648681641,36.63,1,0,0.87,0:40:04
1258,1,232.5149993896484,36.63,1,0,0.87,0:39:12
1259,1,5.445359230041504,36.63,1,0,0.87,0:39:38
1260,1,403.4972229003906,36.63,1,0,0.87,0:41:15
1261,1,123.2312469482422,36.63,1,0,0.87,0:37:52
1262,1,18.05331420898438,36.63,1,0,0.87,0:40:14
1263,1,25.25222396850586,36.63,1,0,0.87,0:37:13
1264,1,17.69648551940918,36.63,1,0,0.87,0:39:39
1265,1,224.5060272216797,36.63,1,0,0.87,0:40:11
1266,1,14.566981315612788,36.63,1,0,0.87,0:40:05
1267,1,35.58092498779297,36.63,1,0,0.87,0:40:39
1268,2,41.782447814941406,36.63,1,0,0.87,0:40:38
1269,1,259.998291015625,36.63,1,0,0.87,0:39:58
1270,1,1.7364590167999268,36.63,1,0,0.87,0:39:46
1271,1,120.9079360961914,36.63,1,0,0.87,0:40:25
1272,1,37.5223388671875,36.63,1,0,0.87,0:39:50
1273,1,189.5145568847656,36.63,1,0,0.87,0:38:15
1274,1,317.6456298828125,36.63,1,0,0.87,0:42:05
1275,1,634.6715087890625,36.63,1,0,0.87,0:41:58
1276,1,7.058139324188232,36.63,1,0,0.87,0:40:39
1277,1,223.7906799316406,36.63,1,0,0.87,0:41:36
1278,1,31.52193450927734,36.63,1,0,0.87,0:37:36
1279,1,249.0633392333984,36.63,1,0,0.87,0:41:26
1280,1,21.5262622833252,36.63,1,0,0.87,0:41:51
1281,1,6.110790252685548,36.63,1,0,0.87,0:40:14
1282,1,10.44183731079102,36.63,1,0,0.87,0:39:41
1283,1,39.58017349243164,36.63,1,0,0.87,0:40:05
1284,1,255.5086364746094,36.63,1,0,0.87,0:39:17
1285,1,181.137939453125,36.63,1,0,0.87,0:41:13
1286,1,10.44183731079102,36.63,1,0,0.87,0:40:19
1287,1,35.53342819213867,36.63,1,0,0.87,0:39:58
1288,1,7.058139324188232,36.63,1,0,0.87,0:38:23
1289,1,29.27904891967773,36.63,1,0,0.87,0:40:36
1290,1,156.2656097412109,36.63,1,0,0.87,0:40:28
1291,1,178.32672119140616,36.63,1,0,0.87,0:39:23
1292,1,270.566162109375,36.63,1,0,0.87,0:40:18
1293,1,614.4942016601562,36.63,1,0,0.87,0:36:28
1294,1,356.2357482910156,36.63,1,0,0.87,0:40:33
1295,1,206.0885009765625,36.63,1,0,0.87,0:41:38
1296,1,146.087158203125,36.63,1,0,0.87,0:40:29
1297,1,1596.6729736328118,36.63,1,0,0.87,0:41:58
1298,1,16.00102424621582,36.63,0,1,0.87,0:39:00
1299,1,210.6892395019531,36.63,1,0,0.87,0:40:53
1300,1,149.1394653320312,36.63,1,0,0.87,0:41:14
1301,1,35.90165328979492,36.63,1,0,0.87,0:38:56
1302,1,2.103271007537842,36.63,1,0,0.87,0:40:00
1303,1,151.7860565185547,36.63,1,0,0.87,0:39:01
1304,1,88.87055206298828,36.63,0,1,0.87,0:39:23
1305,1,614.4942016601562,36.63,1,0,0.87,0:39:38
1306,1,101.29119873046879,36.63,1,0,0.87,0:40:49
1307,1,275.6912841796875,36.63,1,0,0.87,0:41:06
1308,1,131.0602111816406,36.63,0,1,0.87,0:38:59
1309,1,106.4913101196289,36.63,1,0,0.87,0:39:49
1310,1,14.566981315612788,36.63,1,0,0.87,0:40:32
1311,1,10.44183731079102,36.63,1,0,0.87,0:39:36
1312,1,19.23562431335449,36.63,0,1,0.87,0:40:20
1313,1,137.57452392578122,36.63,1,0,0.87,0:40:28
1314,1,10.44183731079102,36.63,1,0,0.87,0:41:11
1315,1,237.6291656494141,36.63,1,0,0.87,0:41:16
1316,1,187.163818359375,36.63,1,0,0.87,0:42:03
1317,1,212.9506988525391,36.63,1,0,0.87,0:39:23
1318,1,291.1369323730469,36.63,1,0,0.87,0:36:22
1319,1,40.77133178710938,36.63,1,0,0.87,0:40:39
1320,1,237.4246978759766,36.63,1,0,0.87,0:41:11
1321,1,166.5124816894531,36.63,1,0,0.87,0:39:30
1322,1,253.1178741455078,36.63,1,0,0.87,0:40:34
1323,1,59.33108520507812,36.63,1,0,0.87,0:40:53
1324,1,41.74667739868164,36.63,1,0,0.87,0:40:30
1325,1,14.566981315612788,36.63,1,0,0.87,0:40:32
1326,1,2229.72216796875,36.63,1,0,0.87,0:42:34
1327,1,11.167301177978521,36.63,1,0,0.87,0:40:17
1328,1,60.59030532836914,36.63,1,0,0.87,0:39:14
1329,1,225.80859375,36.63,1,0,0.87,0:39:29
1330,1,287.5038757324219,36.63,1,0,0.87,0:39:27
1331,1,26.24765014648438,36.63,1,0,0.87,0:40:25
1332,1,15.205297470092768,36.63,1,0,0.87,0:38:15
1333,1,10.44183731079102,36.63,1,0,0.87,0:39:26
1334,1,7.965522289276122,36.63,1,0,0.87,0:41:27
1335,1,14.32654094696045,36.63,1,0,0.87,0:41:12
1336,1,200.7367095947266,36.63,1,0,0.87,0:40:12
1337,1,22.78268432617188,36.63,1,0,0.87,0:41:18
1338,1,20.15006828308105,36.63,1,0,0.87,0:36:40
1339,1,137.57452392578122,36.63,1,0,0.87,0:40:12
1340,1,614.4942016601562,36.63,1,0,0.87,0:41:31
1341,1,314.3878479003906,36.63,1,0,0.87,0:41:44
1342,1,278.07406616210943,36.63,1,0,0.87,0:40:19
1343,1,243.8819274902344,36.63,1,0,0.87,0:40:56
1344,1,140.9442596435547,36.63,1,0,0.87,0:40:17
1345,1,970.4024658203124,36.63,0,1,0.87,0:41:34
1346,1,138.3571929931641,36.63,1,0,0.87,0:40:53
1347,1,8.554366111755371,36.63,1,0,0.87,0:40:06
1348,1,1816.216796875,36.63,1,0,0.87,0:41:20
1349,1,259.998291015625,36.63,1,0,0.87,0:40:08
1350,1,20.15006828308105,36.63,1,0,0.87,0:40:32
1351,1,9.200467109680176,36.63,1,0,0.87,0:41:02
1352,1,120.9079360961914,36.63,1,0,0.87,0:39:57
1353,1,380.0,36.63,0,1,0.87,0:41:19
1354,1,5.251800537109375,36.63,1,0,0.87,0:40:35
1355,1,57.82163619995117,36.63,1,0,0.87,0:40:53
1356,1,537.327392578125,36.63,1,0,0.87,0:40:28
1357,1,249.0633392333984,36.63,1,0,0.87,0:40:55
1358,1,2108.50048828125,36.63,1,0,0.87,0:43:02
1359,1,31.52193450927734,36.63,1,0,0.87,0:40:48
1360,1,15.55781936645508,36.63,1,0,0.87,0:40:41
1361,1,5.22021484375,36.63,0,1,0.87,0:40:45
1362,1,421.3871459960938,36.63,1,0,0.87,0:41:18
1363,1,342.4767456054688,36.63,1,0,0.87,0:41:26
1364,1,51.61442184448242,36.63,1,0,0.87,0:42:15
1365,1,171.2599029541016,36.63,1,0,0.87,0:38:47
1366,1,32.45754623413086,36.63,1,0,0.87,0:41:53
1367,1,221.7977752685547,36.63,1,0,0.87,0:39:24
1368,1,337.4805297851562,36.63,1,0,0.87,0:40:57
1369,1,1885.970947265625,36.63,1,0,0.87,0:39:04
1370,1,14.805041313171392,36.63,1,0,0.87,0:40:31
1371,1,36.16746139526367,36.63,1,0,0.87,0:39:50
1372,1,10.02777576446533,36.63,1,0,0.87,0:40:59
1373,1,1128.250122070312,36.63,0,1,0.87,0:41:09
1374,1,24.17752647399902,36.63,1,0,0.87,0:39:05
1375,1,140.9442596435547,36.63,1,0,0.87,0:40:07
1376,1,614.4942016601562,36.63,0,1,0.87,0:41:14
1377,1,278.0033569335938,36.63,1,0,0.87,0:42:21
1378,1,14.566981315612788,36.63,1,0,0.87,0:41:02
1379,1,220.8075714111328,36.63,1,0,0.87,0:40:34
1380,1,91.7226791381836,36.63,1,0,0.87,0:40:14
1381,1,11.8902006149292,36.63,1,0,0.87,0:40:24
1382,1,6.247245788574219,36.63,1,0,0.87,0:39:49
1383,1,13.445884704589838,36.63,1,0,0.87,0:40:39
1384,1,180.2863311767578,36.63,1,0,0.87,0:40:57
1385,1,1.7364590167999268,36.63,1,0,0.87,0:40:12
1386,1,193.4534606933594,36.63,1,0,0.87,0:41:27
1387,1,7.058139324188232,36.63,1,0,0.87,0:36:48
1388,1,614.4942016601562,36.63,1,0,0.87,0:39:23
1389,1,9.335716247558594,36.63,1,0,0.87,0:40:01
1390,1,1046.732788085938,36.63,1,0,0.87,0:41:00
1391,1,147.9203491210938,36.63,1,0,0.87,0:39:56
1392,1,13.027480125427251,36.63,1,0,0.87,0:41:16
1393,1,10.44183731079102,36.63,1,0,0.87,0:42:24
1394,1,175.8120269775391,36.63,1,0,0.87,0:41:09
1395,1,196.8123321533203,36.63,1,0,0.87,0:41:47
1396,1,91.72066497802734,36.63,1,0,0.87,0:42:48
1397,1,15.55781936645508,36.63,1,0,0.87,0:39:49
1398,1,1855.5650634765616,36.63,1,0,0.87,0:35:54
1399,1,12.35730648040771,36.63,1,0,0.87,0:38:32
1400,1,614.4942016601562,36.63,1,0,0.87,0:41:40
1401,1,245.7559356689453,36.63,1,0,0.87,0:39:06
1402,1,153.4354248046875,36.63,1,0,0.87,0:37:04
1403,1,16.84739112854004,36.63,1,0,0.87,0:42:18
1404,1,10.44776248931885,36.63,1,0,0.87,0:38:57
1405,1,16.84739112854004,36.63,1,0,0.87,0:41:16
1406,1,14.566981315612788,36.63,1,0,0.87,0:41:09
1407,1,1300.004516601562,36.63,1,0,0.87,0:41:47
1408,1,5.997476577758789,36.63,0,1,0.87,0:38:57
1409,1,10.44183731079102,36.63,1,0,0.87,0:38:31
1410,1,194.2860260009766,36.63,1,0,0.87,0:40:06
1411,1,171.3365936279297,36.63,1,0,0.87,0:40:00
1412,1,181.5143737792969,36.63,1,0,0.87,0:41:37
1413,1,319.0,36.63,1,0,0.87,0:39:24
1414,1,202.9051818847656,36.63,1,0,0.87,0:40:21
1415,1,7.603908061981201,36.63,1,0,0.87,0:38:44
1416,1,237.6291656494141,36.63,1,0,0.87,0:42:06
1417,1,233.2363739013672,36.63,0,1,0.87,0:40:34
1418,1,249.9365234375,36.63,1,0,0.87,0:40:10
1419,1,309.6552429199219,36.63,0,1,0.87,0:39:14
1420,1,238.9402923583984,36.63,1,0,0.87,0:41:13
1421,1,233.6640472412109,36.63,1,0,0.87,0:41:21
1422,1,2554.609619140625,36.63,1,0,0.87,0:39:25
1423,1,12.0,36.63,1,0,0.87,0:41:38
1424,1,16.83182334899902,36.63,0,1,0.87,0:41:08
1425,1,18.35553169250488,36.63,1,0,0.87,0:39:41
1426,1,312.2204895019531,36.63,1,0,0.87,0:39:04
1427,1,165.3308258056641,36.63,0,1,0.87,0:40:20
1428,1,199.8629608154297,36.63,1,0,0.87,0:40:42
1429,1,183.04083251953116,36.63,1,0,0.87,0:39:42
1430,1,80.88738250732422,36.63,1,0,0.87,0:39:52
1431,1,181.5143737792969,36.63,1,0,0.87,0:41:02
1432,1,1976.76318359375,36.63,1,0,0.87,0:40:20
1433,1,105.6290054321289,36.63,1,0,0.87,0:41:29
1434,1,2381.79736328125,36.63,1,0,0.87,0:40:31
1435,1,527.0923461914061,36.63,1,0,0.87,0:38:28
1436,1,92.71110534667969,36.63,0,1,0.87,0:39:32
1437,1,23.0,36.63,1,0,0.87,0:38:31
1438,1,266.2826538085938,36.63,1,0,0.87,0:40:29
1439,1,10.44183731079102,36.63,1,0,0.87,0:42:36
1440,1,0.5368872284889221,36.63,1,0,0.87,0:42:20
1441,1,222.7997283935547,36.63,1,0,0.87,0:41:04
1442,1,14.60348510742188,36.63,1,0,0.87,0:41:03
1443,1,330.508056640625,36.63,1,0,0.87,0:40:24
1444,1,140.6603088378906,36.63,1,0,0.87,0:42:11
1445,1,1596.6729736328118,36.63,1,0,0.87,0:41:27
1446,1,298.6752014160156,36.63,1,0,0.87,0:41:21
1447,1,12.58986759185791,36.63,1,0,0.87,0:39:51
1448,1,37.23100280761719,36.63,1,0,0.87,0:41:04
1449,1,245.6878814697266,36.63,1,0,0.87,0:40:35
1450,1,55.22239303588867,36.63,1,0,0.87,0:40:27
1451,1,278.0033569335938,36.63,1,0,0.87,0:41:24
1452,1,8.194785118103027,36.63,1,0,0.87,0:40:14
1453,1,9.36793613433838,36.63,1,0,0.87,0:45:20
1454,1,259.998291015625,36.63,0,1,0.87,0:39:58
1455,1,11.05302143096924,36.63,1,0,0.87,0:41:28
1456,1,408.3877258300781,36.63,1,0,0.87,0:39:39
1457,1,259.998291015625,36.63,1,0,0.87,0:41:27
1458,1,13.8717737197876,36.63,1,0,0.87,0:38:44
1459,1,614.4942016601562,36.63,1,0,0.87,0:39:07
1460,1,24.5399284362793,36.63,1,0,0.87,0:38:44
1461,1,305.7809143066406,36.63,1,0,0.87,0:37:09
1462,1,666.8341674804688,36.63,1,0,0.87,0:40:43
1463,1,77.83216094970703,36.63,1,0,0.87,0:38:58
1464,1,62.17602157592773,36.63,1,0,0.87,0:41:37
1465,1,351.7147521972656,36.63,1,0,0.87,0:40:14
1466,1,15.55781936645508,36.63,1,0,0.87,0:41:50
1467,1,187.0788269042969,36.63,1,0,0.87,0:39:34
1468,1,192.7410583496094,36.63,1,0,0.87,0:40:41
1469,1,82.00800323486328,36.63,1,0,0.87,0:39:35
1470,1,291.75537109375,36.63,1,0,0.87,0:40:33
1471,1,14.32654094696045,36.63,1,0,0.87,0:43:03
1472,2,7.058139324188232,36.63,1,0,0.87,0:35:41
1473,1,35.90165328979492,36.63,1,0,0.87,0:39:26
1474,1,514.8724365234375,36.63,1,0,0.87,0:41:18
1475,1,302.7876281738281,36.63,1,0,0.87,0:39:36
1476,1,55.16683959960938,36.63,1,0,0.87,0:40:31
1477,1,178.5460357666016,36.63,1,0,0.87,0:42:23
1478,1,178.5460357666016,36.63,1,0,0.87,0:35:38
1479,1,237.47161865234384,36.63,1,0,0.87,0:39:22
1480,1,126.8194808959961,36.63,1,0,0.87,0:41:07
1481,1,18.26416397094727,36.63,1,0,0.87,0:40:57
1482,1,71.65493774414062,36.63,1,0,0.87,0:39:42
1483,1,91.7226791381836,36.63,1,0,0.87,0:40:09
1484,1,1015.653198242188,36.63,0,1,0.87,0:40:20
1485,1,224.8154296875,36.63,1,0,0.87,0:41:22
1486,1,8.101274490356445,36.63,1,0,0.87,0:36:14
1487,1,52.69355010986328,36.63,1,0,0.87,0:40:41
1488,1,6.0,36.63,1,0,0.87,0:40:40
1489,1,318.0658569335938,36.63,1,0,0.87,0:40:32
1490,1,10.44776248931885,36.63,1,0,0.87,0:41:56
1491,1,71.8073501586914,36.63,1,0,0.87,0:40:34
1492,1,1596.6729736328118,36.63,1,0,0.87,0:40:47
1493,1,66.39256286621094,36.63,1,0,0.87,0:41:12
1494,1,18.05331420898438,36.63,1,0,0.87,0:42:06
1495,1,19.4232006072998,36.63,1,0,0.87,0:41:26
1496,1,307.8266296386719,36.63,1,0,0.87,0:41:18
1497,1,14.566981315612788,36.63,1,0,0.87,0:40:18
1498,1,13.346641540527338,36.63,0,1,0.87,0:40:56
1499,1,261.54904174804693,36.63,1,0,0.87,0:35:41
1500,1,65.05636596679689,36.63,1,0,0.87,0:40:09
1501,1,56.084815979003906,36.63,1,0,0.87,0:39:32
1502,1,614.4942016601562,36.63,1,0,0.87,0:37:56
1503,1,4.294320583343507,36.63,1,0,0.87,0:39:24
1504,1,233.2363739013672,36.63,1,0,0.87,0:39:20
1505,1,614.4942016601562,36.63,1,0,0.87,0:39:34
1506,1,7.965522289276122,36.63,0,1,0.87,0:36:49
1507,1,32.20459365844727,36.63,1,0,0.87,0:41:37
1508,1,1157.134887695312,36.63,1,0,0.87,0:41:40
1509,1,8.194785118103027,36.63,1,0,0.87,0:40:53
1510,1,5.273734569549561,36.63,1,0,0.87,0:37:53
1511,1,68.23915863037111,36.63,1,0,0.87,0:40:12
1512,1,339.4845886230469,36.63,1,0,0.87,0:38:37
1513,1,259.998291015625,36.63,1,0,0.87,0:41:36
1514,1,447.4283447265625,36.63,1,0,0.87,0:39:37
1515,1,181.5143737792969,36.63,1,0,0.87,0:40:45
1516,1,105.6290054321289,36.63,1,0,0.87,0:39:33
1517,1,341.4302673339844,36.63,1,0,0.87,0:41:39
1518,1,395.9613342285156,36.63,1,0,0.87,0:39:22
1519,1,279.2320556640625,36.63,1,0,0.87,0:39:32
1520,1,10.03617477416992,36.63,1,0,0.87,0:38:14
1521,1,883.9678344726562,36.63,1,0,0.87,0:37:08
1522,1,2.103271007537842,36.63,1,0,0.87,0:39:02
1523,1,2229.72216796875,36.63,1,0,0.87,0:37:30
1524,1,51.877418518066406,36.63,1,0,0.87,0:40:18
1525,1,366.0434265136719,36.63,1,0,0.87,0:40:41
1526,1,35.90165328979492,36.63,1,0,0.87,0:40:35
1527,1,416.995849609375,36.63,0,1,0.87,0:41:04
1528,1,12.35730648040771,36.63,1,0,0.87,0:41:34
1529,1,35.90165328979492,36.63,1,0,0.87,0:40:46
1530,1,86.27144622802734,36.63,1,0,0.87,0:39:07
1531,1,614.4942016601562,36.63,1,0,0.87,0:41:14
1532,1,6.240824699401856,36.63,1,0,0.87,0:41:36
1533,1,24.0,36.63,0,1,0.87,0:40:21
1534,1,354.8083801269531,36.63,1,0,0.87,0:40:51
1535,1,15.55781936645508,36.63,1,0,0.87,0:41:03
1536,1,331.5245056152344,36.63,1,0,0.87,0:39:25
1537,1,2554.609619140625,36.63,1,0,0.87,0:40:43
1538,1,140.6603088378906,36.63,1,0,0.87,0:42:05
1539,1,423.611083984375,36.63,1,0,0.87,0:41:00
1540,1,10.44183731079102,36.63,1,0,0.87,0:41:53
1541,1,259.998291015625,36.63,1,0,0.87,0:40:00
1542,1,46.89765167236328,36.63,1,0,0.87,0:40:43
1543,1,259.998291015625,36.63,1,0,0.87,0:39:52
1544,1,5.251800537109375,36.63,1,0,0.87,0:39:43
1545,1,14.32654094696045,36.63,1,0,0.87,0:39:46
1546,1,250.0541687011719,36.63,1,0,0.87,0:42:12
1547,1,11.05302143096924,36.63,1,0,0.87,0:40:26
1548,1,39.58017349243164,36.63,1,0,0.87,0:40:31
1549,1,108.9886856079102,36.63,1,0,0.87,0:42:23
1550,1,62.30341720581055,36.63,1,0,0.87,0:40:31
1551,1,190.3814392089844,36.63,1,0,0.87,0:41:42
1552,1,342.2857666015625,36.63,0,1,0.87,0:41:49
1553,1,1623.9774169921882,36.63,1,0,0.87,0:42:22
1554,1,314.1141662597656,36.63,1,0,0.87,0:39:15
1555,1,1629.7652587890618,36.63,1,0,0.87,0:41:25
1556,2,187.2318572998047,36.63,1,0,0.87,0:35:52
1557,1,71.07490539550781,36.63,1,0,0.87,0:40:34
1558,1,9.057069778442383,36.63,1,0,0.87,0:38:01
1559,1,10.44183731079102,36.63,1,0,0.87,0:40:46
1560,1,29.80572700500488,36.63,1,0,0.87,0:40:36
1561,1,226.9605255126953,36.63,1,0,0.87,0:39:47
1562,1,25.88188934326172,36.63,1,0,0.87,0:41:21
1563,2,113.6131973266602,36.63,1,0,0.87,0:39:49
1564,1,2554.609619140625,36.63,1,0,0.87,0:39:25
1565,1,16.00102424621582,36.63,1,0,0.87,0:37:13
1566,1,614.4942016601562,36.63,1,0,0.87,0:38:17
1567,1,140.6603088378906,36.63,1,0,0.87,0:40:37
1568,1,286.1269226074219,36.63,1,0,0.87,0:41:20
1569,1,18.71355819702148,36.63,1,0,0.87,0:41:32
1570,1,42.96796035766602,36.63,1,0,0.87,0:42:04
1571,1,104.0583648681641,36.63,1,0,0.87,0:42:07
1572,1,77.97574615478516,36.63,1,0,0.87,0:39:51
1573,1,86.84709167480469,36.63,1,0,0.87,0:40:51
1574,1,320.0387878417969,36.63,1,0,0.87,0:39:32
1575,1,380.0,36.63,1,0,0.87,0:40:29
1576,1,306.8977661132812,36.63,1,0,0.87,0:41:18
1577,1,237.6291656494141,36.63,1,0,0.87,0:39:27
1578,1,274.2550659179688,36.63,1,0,0.87,0:38:57
1579,1,14.32654094696045,36.63,1,0,0.87,0:41:32
1580,1,66.42305755615234,36.63,1,0,0.87,0:40:16
1581,1,31.97005462646484,36.63,0,1,0.87,0:39:04
1582,1,199.6204681396484,36.63,1,0,0.87,0:39:12
1583,1,398.2716369628906,36.63,1,0,0.87,0:38:20
1584,1,206.3031463623047,36.63,1,0,0.87,0:40:31
1585,1,259.998291015625,36.63,1,0,0.87,0:41:35
1586,1,395.2044982910156,36.63,1,0,0.87,0:39:44
1587,1,158.0705718994141,36.63,1,0,0.87,0:40:47
1588,1,1525.08740234375,36.63,1,0,0.87,0:41:38
1589,1,274.1582641601562,36.63,1,0,0.87,0:40:00
1590,1,16.83182334899902,36.63,1,0,0.87,0:41:13
1591,1,377.5501098632812,36.63,1,0,0.87,0:40:05
1592,1,95.78414916992188,36.63,1,0,0.87,0:41:05
1593,1,56.084815979003906,36.63,1,0,0.87,0:38:40
1594,1,259.998291015625,36.63,1,0,0.87,0:42:18
1595,1,56.084815979003906,36.63,1,0,0.87,0:41:39
1596,1,287.84716796875,36.63,1,0,0.87,0:40:00
1597,1,14.566981315612788,36.63,1,0,0.87,0:42:43
1598,1,266.2826538085938,36.63,1,0,0.87,0:40:50
1599,1,10.44776248931885,36.63,1,0,0.87,0:36:50
1600,1,286.9860229492188,36.63,1,0,0.87,0:42:05
1601,1,5.020810604095459,36.63,1,0,0.87,0:41:24
1602,1,211.6295166015625,36.63,1,0,0.87,0:41:51
1603,1,398.2716369628906,36.63,1,0,0.87,0:40:51
1604,1,3.808694362640381,36.63,1,0,0.87,0:40:41
1605,1,237.6291656494141,36.63,1,0,0.87,0:40:08
1606,1,7.965522289276122,36.63,1,0,0.87,0:40:07
1607,1,2554.609619140625,36.63,1,0,0.87,0:40:15
1608,1,344.7054748535156,36.63,1,0,0.87,0:41:38
1609,1,7.309962749481201,36.63,1,0,0.87,0:41:38
1610,1,278.0033569335938,36.63,1,0,0.87,0:41:48
1611,1,195.2724914550781,36.63,1,0,0.87,0:42:28
1612,1,10.44183731079102,36.63,1,0,0.87,0:42:30
1613,1,216.0,36.63,1,0,0.87,0:41:19
1614,1,31.781719207763672,36.63,1,0,0.87,0:39:35
1615,1,18.05331420898438,36.63,1,0,0.87,0:41:40
1616,1,206.3250579833984,36.63,0,1,0.87,0:40:21
1617,1,140.9563293457031,36.63,1,0,0.87,0:39:37
1618,1,364.0152587890625,36.63,1,0,0.87,0:41:09
1619,1,615.0,36.63,0,1,0.87,0:40:20
1620,1,221.14324951171884,36.63,1,0,0.87,0:41:27
1621,1,82.00800323486328,36.63,1,0,0.87,0:40:50
1622,1,263.49282836914057,36.63,1,0,0.87,0:41:41
1623,1,775.9696044921875,36.63,1,0,0.87,0:41:49
1624,1,181.5143737792969,36.63,0,1,0.87,0:39:53
1625,1,199.8629608154297,36.63,0,1,0.87,0:41:32
1626,1,31.2812614440918,36.63,0,1,0.87,0:40:33
1627,1,58.07442092895508,36.63,1,0,0.87,0:40:10
1628,1,39.94172286987305,36.63,1,0,0.87,0:40:50
1629,1,11.05302143096924,36.63,1,0,0.87,0:41:08
1630,1,19.77367401123047,36.63,1,0,0.87,0:41:31
1631,1,122.18740844726558,36.63,1,0,0.87,0:39:44
1632,1,315.6446228027344,36.63,1,0,0.87,0:41:35
1633,1,2.790159702301025,36.63,0,1,0.87,0:41:36
1634,1,14.447757720947273,36.63,0,1,0.87,0:41:10
1635,1,157.4949645996094,36.63,1,0,0.87,0:39:44
1636,1,106.0982513427734,36.63,1,0,0.87,0:40:27
1637,1,259.998291015625,36.63,1,0,0.87,0:41:14
1638,1,216.0,36.63,1,0,0.87,0:41:01
1639,1,304.9642944335938,36.63,1,0,0.87,0:39:40
1640,1,244.4225616455078,36.63,1,0,0.87,0:40:05
1641,1,376.4162902832031,36.63,1,0,0.87,0:41:55
1642,1,90.65587615966795,36.63,1,0,0.87,0:42:13
1643,1,165.9461212158203,36.63,1,0,0.87,0:40:53
1644,1,351.7147521972656,36.63,1,0,0.87,0:41:27
1645,1,199.8629608154297,36.63,1,0,0.87,0:41:37
1646,1,16.698308944702152,36.63,1,0,0.87,0:41:09
1647,1,106.4913101196289,36.63,1,0,0.87,0:38:53
1648,1,152.9394073486328,36.63,1,0,0.87,0:37:45
1649,1,66.39256286621094,36.63,1,0,0.87,0:41:46
1650,1,91.7226791381836,36.63,1,0,0.87,0:40:45
1651,1,259.998291015625,36.63,1,0,0.87,0:40:58
1652,1,11.95894336700439,36.63,1,0,0.87,0:41:51
1653,1,25.44406318664551,36.63,1,0,0.87,0:41:10
1654,1,266.2826538085938,36.63,1,0,0.87,0:41:07
1655,1,10.44183731079102,36.63,1,0,0.87,0:35:34
1656,1,71.8073501586914,36.63,1,0,0.87,0:40:53
1657,1,706.3705444335938,36.63,1,0,0.87,0:42:08
1658,1,13.315147399902338,36.63,1,0,0.87,0:41:58
1659,1,19.91307258605957,36.63,1,0,0.87,0:40:00
1660,1,51.03147506713867,36.63,1,0,0.87,0:40:20
1661,1,39.58017349243164,36.63,1,0,0.87,0:40:31
1662,1,95.78414916992188,36.63,1,0,0.87,0:41:25
1663,1,81.31647491455078,36.63,0,1,0.87,0:39:05
1664,1,95.77094268798828,36.63,1,0,0.87,0:42:12
1665,1,1623.9774169921882,36.63,1,0,0.87,0:39:49
1666,1,17.17996788024902,36.63,1,0,0.87,0:39:57
1667,1,283.4948425292969,36.63,1,0,0.87,0:41:40
1668,1,52.71562576293945,36.63,1,0,0.87,0:41:06
1669,1,181.5143737792969,36.63,1,0,0.87,0:39:34
1670,1,4.016949653625488,36.63,1,0,0.87,0:39:06
1671,1,115.0462417602539,36.63,1,0,0.87,0:39:24
1672,1,183.2224578857422,36.63,1,0,0.87,0:41:56
1673,1,125.2499847412109,36.63,1,0,0.87,0:38:29
1674,1,15.5554141998291,36.63,1,0,0.87,0:40:21
1675,1,7.058139324188232,36.63,0,1,0.87,0:41:11
1676,1,159.2595977783203,36.63,1,0,0.87,0:42:05
1677,1,614.4942016601562,36.63,1,0,0.87,0:40:59
1678,1,779.2720947265625,36.63,1,0,0.87,0:41:41
1679,1,31.52193450927734,36.63,1,0,0.87,0:36:51
1680,1,10.44776248931885,36.63,1,0,0.87,0:39:00
1681,1,95.78414916992188,36.63,1,0,0.87,0:41:47
1682,1,2554.609619140625,36.63,0,1,0.87,0:40:40
1683,1,139.7082214355469,36.63,1,0,0.87,0:42:07
1684,1,105.3577194213867,36.63,1,0,0.87,0:42:06
1685,1,56.084815979003906,36.63,1,0,0.87,0:42:01
1686,1,99.92736053466795,36.63,1,0,0.87,0:39:22
1687,1,159.2595977783203,36.63,1,0,0.87,0:42:16
1688,1,226.05609130859384,36.63,1,0,0.87,0:40:30
1689,1,182.04888916015616,36.63,1,0,0.87,0:40:41
1690,1,18.05331420898438,36.63,1,0,0.87,0:41:02
1691,1,343.5472106933594,36.63,1,0,0.87,0:41:35
1692,1,380.0,36.63,1,0,0.87,0:41:59
1693,1,31.17976570129395,36.63,1,0,0.87,0:40:26
1694,1,31.52193450927734,36.63,0,1,0.87,0:40:46
1695,1,255.2550354003906,36.63,1,0,0.87,0:41:10
1696,1,131.0602111816406,36.63,1,0,0.87,0:42:14
1697,1,218.5335693359375,36.63,1,0,0.87,0:41:38
1698,1,5.969511985778809,36.63,1,0,0.87,0:40:13
1699,1,222.7997283935547,36.63,0,1,0.87,0:41:37
1700,1,1473.49462890625,36.63,1,0,0.87,0:40:39
1701,1,5.251800537109375,36.63,0,1,0.87,0:40:09
1702,1,240.6447296142578,36.63,1,0,0.87,0:39:03
1703,1,95.16644287109376,36.63,1,0,0.87,0:41:54
1704,1,309.84130859375,36.63,1,0,0.87,0:40:15
1705,1,1596.6729736328118,36.63,1,0,0.87,0:40:54
1706,1,71.8073501586914,36.63,1,0,0.87,0:41:11
1707,1,52.71562576293945,36.63,1,0,0.87,0:40:34
1708,1,293.0,36.63,1,0,0.87,0:41:34
1709,1,227.7792205810547,36.63,1,0,0.87,0:39:39
1710,1,20.29923248291016,36.63,1,0,0.87,0:41:08
1711,1,421.202392578125,36.63,1,0,0.87,0:39:18
1712,1,94.3544921875,36.63,1,0,0.87,0:41:22
1713,1,288.391845703125,36.63,1,0,0.87,0:40:06
1714,1,16.83182334899902,36.63,1,0,0.87,0:39:43
1715,1,227.52203369140616,36.63,1,0,0.87,0:40:54
1716,1,304.6168518066406,36.63,1,0,0.87,0:40:59
1717,1,10.44183731079102,36.63,1,0,0.87,0:40:33
1718,1,1596.6729736328118,36.63,1,0,0.87,0:41:33
1719,1,238.4922180175781,36.63,1,0,0.87,0:41:17
1720,1,142.3497009277344,36.63,1,0,0.87,0:41:33
1721,1,692.3910522460938,36.63,1,0,0.87,0:41:16
1722,1,1.7231634855270392,36.63,1,0,0.87,0:41:35
1723,1,17.05924987792969,36.63,1,0,0.87,0:41:04
1724,1,10.44183731079102,36.63,1,0,0.87,0:42:16
1725,1,35.90165328979492,36.63,1,0,0.87,0:37:13
1726,1,77.22608184814453,36.63,1,0,0.87,0:40:30
1727,1,227.2638397216797,36.63,1,0,0.87,0:41:06
1728,2,273.54550170898443,36.63,1,0,0.87,0:42:08
1729,1,15.55781936645508,36.63,1,0,0.87,0:40:04
1730,1,717.7359008789062,36.63,1,0,0.87,0:39:48
1731,1,65.07215881347656,36.63,1,0,0.87,0:41:22
1732,1,292.6250610351562,36.63,1,0,0.87,0:42:09
1733,1,50.26950454711914,36.63,1,0,0.87,0:40:31
1734,1,147.2976989746094,36.63,1,0,0.87,0:38:36
1735,1,3.571330785751343,36.63,1,0,0.87,0:40:11
1736,1,883.9678344726562,36.63,1,0,0.87,0:38:45
1737,1,377.5501098632812,36.63,1,0,0.87,0:41:23
1738,1,181.5143737792969,36.63,1,0,0.87,0:41:36
1739,1,10.44183731079102,36.63,1,0,0.87,0:40:00
1740,1,16.00102424621582,36.63,1,0,0.87,0:42:07
1741,1,388.6565246582031,36.63,1,0,0.87,0:36:59
1742,1,14.070459365844732,36.63,1,0,0.87,0:41:36
1743,1,259.998291015625,36.63,1,0,0.87,0:41:05
1744,1,2554.609619140625,36.63,1,0,0.87,0:36:51
1745,1,7.058139324188232,36.63,1,0,0.87,0:41:50
1746,1,91.7226791381836,36.63,1,0,0.87,0:40:14
1747,1,159.2595977783203,36.63,1,0,0.87,0:40:07
1748,1,278.0033569335938,36.63,1,0,0.87,0:40:55
1749,1,61.94044494628906,36.63,1,0,0.87,0:41:53
1750,1,180.2863311767578,36.63,1,0,0.87,0:40:45
1751,1,10.44776248931885,36.63,1,0,0.87,0:41:39
1752,1,248.38470458984384,36.63,1,0,0.87,0:41:17
1753,1,309.84130859375,36.63,1,0,0.87,0:40:12
1754,1,291.1369323730469,36.63,1,0,0.87,0:41:01
1755,1,199.6450042724609,36.63,1,0,0.87,0:39:36
1756,1,245.7559356689453,36.63,1,0,0.87,0:40:04
1757,2,119.56497192382808,36.63,1,0,0.87,0:41:12
1758,1,35.90165328979492,36.63,1,0,0.87,0:41:36
1759,1,167.9832916259766,36.63,1,0,0.87,0:42:15
1760,1,194.7049560546875,36.63,1,0,0.87,0:39:55
1761,1,350.7449645996094,36.63,1,0,0.87,0:40:45
1762,1,106.4913101196289,36.63,1,0,0.87,0:40:41
1763,1,323.107666015625,36.63,1,0,0.87,0:40:24
1764,1,342.2857666015625,36.63,1,0,0.87,0:40:53
1765,1,14.070459365844732,36.63,1,0,0.87,0:39:08
1766,1,226.7862091064453,36.63,1,0,0.87,0:42:10
1767,1,91.7226791381836,36.63,1,0,0.87,0:40:29
1768,1,105.59640502929692,36.63,1,0,0.87,0:40:52
1769,1,3.920108318328857,36.63,1,0,0.87,0:41:51
1770,1,10.44776248931885,36.63,1,0,0.87,0:41:45
1771,1,1401.8861083984382,36.63,1,0,0.87,0:38:50
1772,1,137.57452392578122,36.63,1,0,0.87,0:39:27
1773,1,123.7852401733398,36.63,1,0,0.87,0:40:55
1774,1,14.070459365844732,36.63,1,0,0.87,0:37:46
1775,1,396.0248413085938,36.63,1,0,0.87,0:40:47
1776,1,120.98013305664058,36.63,1,0,0.87,0:41:37
1777,1,140.6603088378906,36.63,1,0,0.87,0:40:39
1778,1,117.7659530639648,36.63,1,0,0.87,0:41:22
1779,1,107.4340057373047,36.63,1,0,0.87,0:41:00
1780,1,194.7049560546875,36.63,1,0,0.87,0:39:43
1781,1,36.98998641967773,36.63,1,0,0.87,0:42:33
1782,1,311.047607421875,36.63,1,0,0.87,0:38:27
1783,1,1300.004516601562,36.63,1,0,0.87,0:40:54
1784,1,18.05331420898438,36.63,1,0,0.87,0:41:34
1785,1,14.070459365844732,36.63,1,0,0.87,0:37:52
1786,1,69.47795104980469,36.63,1,0,0.87,0:40:57
1787,1,330.2688598632812,36.63,1,0,0.87,0:42:21
1788,1,77.97574615478516,36.63,1,0,0.87,0:43:22
1789,1,167.9832916259766,36.63,1,0,0.87,0:41:36
1790,1,188.2588348388672,36.63,1,0,0.87,0:41:45
1791,1,77.97574615478516,36.63,1,0,0.87,0:42:00
1792,1,1711.2724609375,36.63,1,0,0.87,0:40:45
1793,1,10.44183731079102,36.63,1,0,0.87,0:40:06
1794,1,102.18041229248051,36.63,1,0,0.87,0:42:56
1795,1,21.97243499755859,36.63,1,0,0.87,0:40:50
1796,1,1596.6729736328118,36.63,1,0,0.87,0:41:44
1797,2,76.06629943847656,36.63,1,0,0.87,0:40:11
1798,1,1525.08740234375,36.63,1,0,0.87,0:41:52
1799,1,140.6603088378906,36.63,1,0,0.87,0:41:50
1800,1,194.2860260009766,36.63,1,0,0.87,0:40:34
1801,1,484.7640075683594,36.63,0,1,0.87,0:41:40
1802,1,140.6603088378906,36.63,1,0,0.87,0:41:43
1803,1,2229.72216796875,36.63,1,0,0.87,0:38:40
1804,1,102.18041229248051,36.63,1,0,0.87,0:42:56
1805,1,48.65218734741211,36.63,1,0,0.87,0:39:50
1806,1,52.420860290527344,36.63,1,0,0.87,0:41:23
1807,1,332.7853698730469,36.63,1,0,0.87,0:39:15
1808,1,35.99068832397461,36.63,1,0,0.87,0:43:08
1809,1,17.80105018615723,36.63,1,0,0.87,0:41:46
1810,1,822.3980712890625,36.63,1,0,0.87,0:40:31
1811,1,303.4573364257812,36.63,1,0,0.87,0:40:05
1812,1,276.22885131835943,36.63,1,0,0.87,0:40:33
1813,1,4.579788208007812,36.63,1,0,0.87,0:41:24
1814,1,160.8031616210938,36.63,1,0,0.87,0:39:48
1815,1,140.9563293457031,36.63,1,0,0.87,0:41:04
1816,1,380.0,36.63,1,0,0.87,0:40:53
1817,1,15.55781936645508,36.63,1,0,0.87,0:40:30
1818,1,18.05331420898438,36.63,1,0,0.87,0:40:10
1819,1,15.151857376098633,36.63,1,0,0.87,0:38:52
1820,1,193.25177001953116,36.63,1,0,0.87,0:41:45
1821,1,544.2213134765625,36.63,1,0,0.87,0:41:18
1822,1,181.5143737792969,36.63,0,1,0.87,0:41:45
1823,1,22.33357238769531,36.63,1,0,0.87,0:43:05
1824,1,178.5715484619141,36.63,0,1,0.87,0:42:05
1825,1,69.64772033691406,36.63,1,0,0.87,0:41:13
1826,1,307.6140747070312,36.63,1,0,0.87,0:40:09
1827,1,287.84716796875,36.63,1,0,0.87,0:41:49
1828,1,167.9832916259766,36.63,1,0,0.87,0:41:37
1829,1,68.20413208007811,36.63,1,0,0.87,0:42:13
1830,1,186.8325653076172,36.63,1,0,0.87,0:41:22
1831,1,33.1964111328125,36.63,1,0,0.87,0:41:21
1832,1,259.998291015625,36.63,1,0,0.87,0:36:36
1833,1,10.44183731079102,36.63,1,0,0.87,0:39:48
1834,1,614.4942016601562,36.63,1,0,0.87,0:42:26
1835,1,7.965522289276122,36.63,1,0,0.87,0:41:33
1836,1,987.7908325195312,36.63,1,0,0.87,0:41:27
1837,1,51.87637710571289,36.63,1,0,0.87,0:40:53
1838,1,841.2716064453125,36.63,1,0,0.87,0:40:58
1839,1,140.9563293457031,36.63,1,0,0.87,0:40:32
1840,1,259.998291015625,36.63,1,0,0.87,0:40:45
1841,1,421.3871459960938,36.63,1,0,0.87,0:41:15
1842,1,9.11906623840332,36.63,1,0,0.87,0:40:48
1843,1,200.7367095947266,36.63,1,0,0.87,0:41:23
1844,1,47.77758407592773,36.63,1,0,0.87,0:41:21
1845,1,1623.9774169921882,36.63,1,0,0.87,0:41:44
1846,1,321.1102600097656,36.63,1,0,0.87,0:39:10
1847,1,140.6603088378906,36.63,1,0,0.87,0:40:40
1848,1,17.31131172180176,36.63,1,0,0.87,0:42:43
1849,1,222.7997283935547,36.63,0,1,0.87,0:41:30
1850,1,287.84716796875,36.63,1,0,0.87,0:42:15
1851,1,222.6948394775391,36.63,1,0,0.87,0:42:57
1852,1,421.3871459960938,36.63,0,1,0.87,0:41:33
1853,1,323.1352844238281,36.63,1,0,0.87,0:41:35
1854,1,152.9394073486328,36.63,1,0,0.87,0:40:54
1855,1,91.7226791381836,36.63,1,0,0.87,0:41:20
1856,1,19.24552345275879,36.63,1,0,0.87,0:40:31
1857,1,94.64778900146484,36.63,1,0,0.87,0:43:10
1858,1,152.9582672119141,36.63,1,0,0.87,0:41:04
1859,1,278.0640869140625,36.63,1,0,0.87,0:41:56
1860,1,15.55781936645508,36.63,1,0,0.87,0:41:29
1861,1,249.4527740478516,36.63,1,0,0.87,0:42:13
1862,1,42.4488639831543,36.63,1,0,0.87,0:41:03
1863,1,183.2224578857422,36.63,1,0,0.87,0:37:57
1864,1,41.98091506958008,36.63,1,0,0.87,0:39:34
1865,1,1046.732788085938,36.63,1,0,0.87,0:41:31
1866,1,544.2213134765625,36.63,1,0,0.87,0:41:24
1867,1,15.224977493286133,36.63,1,0,0.87,0:41:59
1868,1,380.0,36.63,1,0,0.87,0:40:40
1869,1,259.998291015625,36.63,1,0,0.87,0:40:45
1870,1,6.029303550720215,36.63,1,0,0.87,0:41:27
1871,1,153.6767120361328,36.63,1,0,0.87,0:41:55
1872,1,10.44776248931885,36.63,1,0,0.87,0:42:06
1873,1,17.0,36.63,1,0,0.87,0:41:32
1874,1,21.0,36.63,1,0,0.87,0:39:08
1875,1,10.44776248931885,36.63,1,0,0.87,0:42:10
1876,1,24.13339424133301,36.63,0,1,0.87,0:41:53
1877,1,2108.50048828125,36.63,1,0,0.87,0:42:28
1878,1,49.8859748840332,36.63,1,0,0.87,0:41:25
1879,1,320.0387878417969,36.63,1,0,0.87,0:40:58
1880,1,10.44776248931885,36.63,1,0,0.87,0:40:55
1881,1,41.13945007324219,36.63,1,0,0.87,0:41:00
1882,1,291.1369323730469,36.63,1,0,0.87,0:41:27
1883,1,90.76966857910156,36.63,1,0,0.87,0:41:48
1884,1,10.44183731079102,36.63,1,0,0.87,0:42:15
1885,1,611.3375244140625,36.63,1,0,0.87,0:41:23
1886,1,77.97574615478516,36.63,1,0,0.87,0:41:36
1887,1,374.1132507324219,36.63,1,0,0.87,0:40:59
1888,1,58.93083190917969,36.63,1,0,0.87,0:41:45
1889,1,154.5012359619141,36.63,1,0,0.87,0:41:17
1890,1,167.9832916259766,36.63,1,0,0.87,0:41:28
1891,1,33.1964111328125,36.63,1,0,0.87,0:41:35
1892,1,127.01202392578121,36.63,1,0,0.87,0:42:02
1893,1,7.058139324188232,36.63,1,0,0.87,0:41:45
1894,1,16.84739112854004,36.63,1,0,0.87,0:41:28
1895,1,71.07490539550781,36.63,1,0,0.87,0:41:36
1896,1,286.9860229492188,36.63,1,0,0.87,0:41:59
1897,1,19.8007926940918,36.63,1,0,0.87,0:42:05
1898,1,181.5143737792969,36.63,1,0,0.87,0:41:57
1899,1,177.1673583984375,36.63,1,0,0.87,0:41:51
1900,1,55.65824508666992,36.63,1,0,0.87,0:40:26
1901,1,245.0,36.63,0,1,0.87,0:41:54
1902,1,189.8713836669922,36.63,1,0,0.87,0:41:09
1903,1,35.90165328979492,36.63,1,0,0.87,0:40:50
1904,1,2.790159702301025,36.63,1,0,0.87,0:44:10
1905,1,302.9169311523438,36.63,1,0,0.87,0:41:04
1906,1,181.5143737792969,36.63,1,0,0.87,0:41:34
1907,1,50.79936981201172,36.63,1,0,0.87,0:39:55
1908,1,2554.609619140625,36.63,1,0,0.87,0:41:14
1909,1,100.2774276733398,36.63,1,0,0.87,0:41:39
1910,1,18.05331420898438,36.63,1,0,0.87,0:42:19
1911,1,250.0315856933594,36.63,1,0,0.87,0:39:15
1912,1,37.9741325378418,36.63,1,0,0.87,0:41:45
1913,1,15.55781936645508,36.63,1,0,0.87,0:41:52
1914,1,181.5143737792969,36.63,1,0,0.87,0:41:51
1915,1,378.2447204589844,36.63,0,1,0.87,0:43:10
1916,1,398.2716369628906,36.63,1,0,0.87,0:38:25
1917,1,188.2588348388672,36.63,1,0,0.87,0:40:57
1918,1,266.2826538085938,36.63,0,1,0.87,0:41:15
1919,1,104.0583648681641,36.63,1,0,0.87,0:40:53
1920,1,136.9688415527344,36.63,1,0,0.87,0:41:31
1921,1,378.2447204589844,36.63,0,1,0.87,0:43:10
1922,1,18.05331420898438,36.63,1,0,0.87,0:40:54
1923,1,193.57073974609384,36.63,1,0,0.87,0:41:52
1924,1,237.44512939453116,36.63,1,0,0.87,0:41:40
1925,1,2229.72216796875,36.63,1,0,0.87,0:41:52
1926,1,35.90165328979492,36.63,1,0,0.87,0:41:34
1927,1,222.7997283935547,36.63,1,0,0.87,0:40:27
1928,1,10.44183731079102,36.63,1,0,0.87,0:42:31
1929,1,18.05331420898438,36.63,1,0,0.87,0:41:53
1930,1,7.965522289276122,36.63,1,0,0.87,0:39:48
1931,1,2554.609619140625,36.63,1,0,0.87,0:40:10
1932,1,17.05924987792969,36.63,1,0,0.87,0:40:33
1933,1,374.1132507324219,36.63,1,0,0.87,0:39:22
1934,1,55.65824508666992,36.63,1,0,0.87,0:40:55
1935,1,266.2826538085938,36.63,0,1,0.87,0:41:00
1936,1,2229.72216796875,36.63,1,0,0.87,0:41:52
1937,1,85.61605834960938,36.63,0,1,0.87,0:40:21
1938,1,109.5502395629883,36.63,1,0,0.87,0:42:28
1939,1,547.454345703125,36.63,1,0,0.87,0:41:25
1940,1,259.998291015625,36.63,1,0,0.87,0:43:09
1941,1,49.35443496704102,36.63,1,0,0.87,0:41:49
1942,1,116.2873992919922,36.63,1,0,0.87,0:41:58
1943,1,173.8396911621094,36.63,1,0,0.87,0:41:11
1944,1,274.657470703125,36.63,1,0,0.87,0:42:07
1945,1,1752.2154541015618,36.63,1,0,0.87,0:41:25
1946,1,8.94913387298584,36.63,1,0,0.87,0:42:28
1947,1,194.2318115234375,36.63,1,0,0.87,0:42:08
1948,1,13.70660877227783,36.63,1,0,0.87,0:42:28
1949,1,20.03082084655762,36.63,1,0,0.87,0:42:21
1950,1,32.52695846557617,36.63,1,0,0.87,0:41:41
1951,1,2229.72216796875,36.63,1,0,0.87,0:38:10
1952,1,51.37853240966797,36.63,1,0,0.87,0:42:53
1953,1,248.38470458984384,36.63,1,0,0.87,0:41:56
1954,1,222.6948394775391,36.63,1,0,0.87,0:42:14
1955,1,91.7226791381836,36.63,0,1,0.87,0:40:56
1956,1,330.0311279296875,36.63,1,0,0.87,0:42:04
1957,1,181.5143737792969,36.63,1,0,0.87,0:41:50
1958,1,194.7049560546875,36.63,0,1,0.87,0:41:07
1959,1,13.0,36.63,1,0,0.87,0:41:34
1960,1,90.96826171875,36.63,1,0,0.87,0:41:52
1961,1,259.998291015625,36.63,1,0,0.87,0:40:21
1962,1,153.4354248046875,36.63,1,0,0.87,0:41:50
1963,1,137.57452392578122,36.63,1,0,0.87,0:39:53
1964,1,24.55533409118652,36.63,1,0,0.87,0:40:51
1965,1,35.90165328979492,36.63,1,0,0.87,0:42:08
1966,1,237.6291656494141,36.63,1,0,0.87,0:41:27
1967,1,205.3109893798828,36.63,1,0,0.87,0:42:08
1968,1,157.4949645996094,36.63,1,0,0.87,0:41:55
1969,1,159.9830627441406,36.63,1,0,0.87,0:39:47
1970,1,8.544734954833983,36.63,1,0,0.87,0:39:59
1971,1,213.1199493408203,36.63,1,0,0.87,0:41:31
1972,1,49.04265213012695,36.63,1,0,0.87,0:40:10
1973,1,408.2718811035156,36.63,1,0,0.87,0:42:00
1974,1,31.97005462646484,36.63,1,0,0.87,0:41:33
1975,1,10.44776248931885,36.63,1,0,0.87,0:41:33
1976,1,71.8073501586914,36.63,1,0,0.87,0:41:05
1977,1,259.998291015625,36.63,1,0,0.87,0:41:28
1978,1,259.998291015625,36.63,1,0,0.87,0:41:28
1979,1,132.909912109375,36.63,1,0,0.87,0:41:28
1980,1,314.8971557617188,36.63,1,0,0.87,0:38:08
1981,1,1596.6729736328118,36.63,1,0,0.87,0:42:11
1982,1,481.0110168457031,36.63,1,0,0.87,0:41:24
1983,1,77.75369262695312,36.63,1,0,0.87,0:39:21
1984,1,15.55781936645508,36.63,1,0,0.87,0:42:46
1985,1,14.447757720947273,36.63,1,0,0.87,0:42:15
1986,1,614.4942016601562,36.63,1,0,0.87,0:41:41
1987,1,56.084815979003906,36.63,1,0,0.87,0:41:35
1988,1,16.66305160522461,36.63,1,0,0.87,0:40:49
1989,1,4.784560680389403,36.63,1,0,0.87,0:37:36
1990,1,95.78414916992188,36.63,1,0,0.87,0:40:54
1991,1,275.03494262695307,36.63,1,0,0.87,0:39:43
1992,1,1976.76318359375,36.63,1,0,0.87,0:42:07
1993,1,1065.149658203125,36.63,1,0,0.87,0:40:28
1994,1,7.965522289276122,36.63,1,0,0.87,0:39:30
1995,1,11.8902006149292,36.63,1,0,0.87,0:42:47
1996,1,1354.186645507812,36.63,1,0,0.87,0:41:22
1997,1,6.543563365936277,36.63,1,0,0.87,0:41:46
1998,1,259.6386108398438,36.63,1,0,0.87,0:38:18
1999,1,35.519081115722656,36.63,1,0,0.87,0:39:49
2000,1,262.3564453125,36.63,1,0,0.87,0:41:07
2001,1,167.9832916259766,36.63,1,0,0.87,0:41:14
2002,1,484.7640075683594,36.63,1,0,0.87,0:41:03
2003,1,18.05331420898438,36.63,1,0,0.87,0:41:52
2004,1,428.7605285644531,36.63,1,0,0.87,0:43:03
2005,1,226.47772216796884,36.63,1,0,0.87,0:41:33
2006,1,147.3282012939453,36.63,1,0,0.87,0:43:09
2007,1,1623.9774169921882,36.63,1,0,0.87,0:40:23
2008,1,181.5143737792969,36.63,1,0,0.87,0:41:08
2009,1,13.0,36.63,1,0,0.87,0:40:24
2010,1,270.18362426757807,36.63,1,0,0.87,0:42:20
2011,1,81.17364501953125,36.63,1,0,0.87,0:41:20
2012,1,109.7792205810547,36.63,1,0,0.87,0:41:20
2013,1,1596.6729736328118,36.63,1,0,0.87,0:41:21
2014,1,137.57452392578122,36.63,1,0,0.87,0:41:48
2015,1,26.14098167419434,36.63,1,0,0.87,0:41:15
2016,1,10.44183731079102,36.63,0,1,0.87,0:42:51
2017,1,6.0,36.63,1,0,0.87,0:41:20
2018,1,210.5088653564453,36.63,1,0,0.87,0:40:39
2019,1,0.5368872284889221,36.63,1,0,0.87,0:41:10
2020,1,57.9035758972168,36.63,1,0,0.87,0:42:49
2021,1,14.447757720947273,36.63,1,0,0.87,0:40:57
2022,1,189.5046844482422,36.63,1,0,0.87,0:41:58
2023,1,28.003864288330078,36.63,1,0,0.87,0:42:46
2024,1,15.55781936645508,36.63,1,0,0.87,0:41:55
2025,1,184.072021484375,36.63,1,0,0.87,0:37:49
2026,1,1518.96630859375,36.63,1,0,0.87,0:41:59
2027,1,5.93881893157959,36.63,1,0,0.87,0:41:14
2028,1,13.0,36.63,1,0,0.87,0:40:40
2029,1,258.83737182617193,36.63,1,0,0.87,0:41:59
2030,1,90.76966857910156,36.63,1,0,0.87,0:44:49
2031,1,99.12141418457031,36.63,0,1,0.87,0:38:22
2032,1,6.952293395996094,36.63,1,0,0.87,0:39:26
2033,1,77.97574615478516,36.63,1,0,0.87,0:42:19
2034,1,259.998291015625,36.63,1,0,0.87,0:42:04
2035,1,181.5143737792969,36.63,1,0,0.87,0:41:45
2036,1,10.44183731079102,36.63,1,0,0.87,0:42:17
2037,1,275.36392211914057,36.63,1,0,0.87,0:41:18
2038,1,181.5143737792969,36.63,1,0,0.87,0:42:07
2039,1,77.97574615478516,36.63,1,0,0.87,0:42:45
2040,1,8.634732246398926,36.63,1,0,0.87,0:40:26
2041,1,1976.76318359375,36.63,1,0,0.87,0:40:09
2042,1,614.4942016601562,36.63,1,0,0.87,0:41:47
2043,1,10.44776248931885,36.63,1,0,0.87,0:40:58
2044,2,86.84709167480469,36.63,1,0,0.87,0:41:57
2045,1,158.6006774902344,36.63,1,0,0.87,0:40:45
2046,1,140.9563293457031,36.63,1,0,0.87,0:41:16
2047,1,376.4162902832031,36.63,1,0,0.87,0:39:03
2048,1,0.0,36.63,1,0,0.87,0:41:19
2049,1,91.7226791381836,36.63,1,0,0.87,0:40:27
2050,1,614.4942016601562,36.63,1,0,0.87,0:41:57
2051,1,779.2720947265625,36.63,1,0,0.87,0:42:09
2052,1,91.7226791381836,36.63,1,0,0.87,0:41:54
2053,1,544.2213134765625,36.63,1,0,0.87,0:40:04
2054,1,15.859853744506841,36.63,1,0,0.87,0:41:23
2055,1,653.6278686523438,36.63,0,1,0.87,0:39:58
2056,1,3.682770252227783,36.63,0,1,0.87,0:41:13
2057,1,292.7144165039062,36.63,1,0,0.87,0:41:10
2058,1,41.13945007324219,36.63,1,0,0.87,0:41:19
2059,1,86.8436279296875,36.63,1,0,0.87,0:41:33
2060,1,155.3449096679688,36.63,1,0,0.87,0:42:23
2061,1,246.8048858642578,36.63,1,0,0.87,0:41:24
2062,1,181.5143737792969,36.63,1,0,0.87,0:41:52
2063,1,236.900634765625,36.63,1,0,0.87,0:41:15
2064,1,259.998291015625,36.63,1,0,0.87,0:40:26
2065,1,71.8073501586914,36.63,1,0,0.87,0:38:33
2066,1,231.64434814453116,36.63,1,0,0.87,0:41:41
2067,1,259.998291015625,36.63,1,0,0.87,0:41:19
2068,1,15.55781936645508,36.63,1,0,0.87,0:41:22
2069,1,662.5640869140625,36.63,1,0,0.87,0:41:55
2070,1,18.05331420898438,36.63,1,0,0.87,0:41:08
2071,1,68.20413208007811,36.63,1,0,0.87,0:40:17
2072,1,12.0,36.63,1,0,0.87,0:41:04
2073,1,260.29702758789057,36.63,1,0,0.87,0:39:26
2074,1,251.0852508544922,36.63,1,0,0.87,0:40:45
2075,1,259.998291015625,36.63,1,0,0.87,0:40:59
2076,1,152.7464294433594,36.63,1,0,0.87,0:40:15
2077,1,21.93589401245117,36.63,1,0,0.87,0:41:47
2078,1,10.44776248931885,36.63,1,0,0.87,0:41:59
2079,1,1623.9774169921882,36.63,0,1,0.87,0:42:12
2080,1,112.8550796508789,36.63,1,0,0.87,0:41:19
2081,1,5.989548206329348,36.63,1,0,0.87,0:41:31
2082,1,131.4553527832031,36.63,1,0,0.87,0:41:04
2083,1,20.15006828308105,36.63,1,0,0.87,0:42:34
2084,1,9.135687828063963,36.63,1,0,0.87,0:40:23
2085,1,201.6867523193359,36.63,0,1,0.87,0:38:59
2086,1,206.7364959716797,36.63,1,0,0.87,0:41:37
2087,1,109.80496215820308,36.63,1,0,0.87,0:41:11
2088,1,25.81111907958984,36.63,1,0,0.87,0:41:10
2089,1,1596.6729736328118,36.63,1,0,0.87,0:41:41
2090,1,296.1231384277344,36.63,1,0,0.87,0:39:48
2091,1,201.9684143066406,36.63,1,0,0.87,0:40:31
2092,1,181.5143737792969,36.63,1,0,0.87,0:41:28
2093,1,116.93341064453121,36.63,1,0,0.87,0:41:04
2094,1,233.2363739013672,36.63,1,0,0.87,0:41:30
2095,1,3.6411633491516113,36.63,1,0,0.87,0:41:40
2096,1,9.36793613433838,36.63,1,0,0.87,0:42:44
2097,1,57.82163619995117,36.63,1,0,0.87,0:42:08
2098,2,19.78066635131836,36.63,1,0,0.87,0:41:51
2099,1,145.4309997558594,36.63,1,0,0.87,0:39:35
2100,1,91.7226791381836,36.63,0,1,0.87,0:42:45
2101,1,10.18456935882568,36.63,1,0,0.87,0:41:05
2102,1,13.027480125427251,36.63,1,0,0.87,0:41:53
2103,1,41.80335235595703,36.63,1,0,0.87,0:40:52
2104,1,181.5143737792969,36.63,1,0,0.87,0:41:02
2105,1,179.0225677490234,36.63,1,0,0.87,0:41:39
2106,1,321.1102600097656,36.63,1,0,0.87,0:39:33
2107,1,14.32654094696045,36.63,1,0,0.87,0:41:43
2108,1,272.28091430664057,36.63,0,1,0.87,0:42:09
2109,1,20.15006828308105,36.63,1,0,0.87,0:40:04
2110,1,249.0633392333984,36.63,1,0,0.87,0:42:30
2111,1,155.1304626464844,36.63,1,0,0.87,0:39:04
2112,1,152.9582672119141,36.63,1,0,0.87,0:42:14
2113,1,200.7367095947266,36.63,1,0,0.87,0:42:06
2114,1,484.7640075683594,36.63,1,0,0.87,0:40:19
2115,1,74.23316192626953,36.63,1,0,0.87,0:42:44
2116,1,137.6639404296875,36.63,1,0,0.87,0:40:40
2117,1,149.1394653320312,36.63,1,0,0.87,0:41:30
2118,1,263.1090087890625,36.63,1,0,0.87,0:41:27
2119,1,14.60348510742188,36.63,1,0,0.87,0:42:25
2120,1,182.8298187255859,36.63,1,0,0.87,0:40:26
2121,1,209.1282806396484,36.63,1,0,0.87,0:41:18
2122,1,516.3578491210939,36.63,1,0,0.87,0:41:29
2123,1,1186.648193359375,36.63,1,0,0.87,0:41:28
2124,1,7.965522289276122,36.63,1,0,0.87,0:41:50
2125,1,165.2113800048828,36.63,1,0,0.87,0:40:06
2126,1,173.8396911621094,36.63,1,0,0.87,0:44:09
2127,1,2229.72216796875,36.63,1,0,0.87,0:42:06
2128,1,147.0316009521484,36.63,0,1,0.87,0:41:52
2129,1,7.058139324188232,36.63,1,0,0.87,0:41:02
2130,1,10.44183731079102,36.63,1,0,0.87,0:41:23
2131,1,959.362548828125,36.63,1,0,0.87,0:41:04
2132,1,259.998291015625,36.63,1,0,0.87,0:41:04
2133,1,10.44183731079102,36.63,1,0,0.87,0:41:29
2134,1,38.78234481811523,36.63,1,0,0.87,0:40:37
2135,1,59.45031356811523,36.63,1,0,0.87,0:41:51
2136,1,9.583304405212402,36.63,1,0,0.87,0:41:45
2137,1,181.5143737792969,36.63,1,0,0.87,0:42:29
2138,1,46.9530029296875,36.63,1,0,0.87,0:40:28
2139,1,243.8819274902344,36.63,1,0,0.87,0:42:04
2140,1,24.180828094482425,36.63,1,0,0.87,0:42:34
2141,1,184.4430847167969,36.63,0,1,0.87,0:43:10
2142,1,138.0612945556641,36.63,1,0,0.87,0:41:52
2143,1,16.84739112854004,36.63,1,0,0.87,0:43:36
2144,1,149.1394653320312,36.63,1,0,0.87,0:42:11
2145,1,3.2000000476837163,36.63,1,0,0.87,0:41:06
2146,1,140.6603088378906,36.63,1,0,0.87,0:41:50
2147,1,20.15006828308105,36.63,1,0,0.87,0:42:46
2148,1,6.833942890167236,36.63,1,0,0.87,0:41:34
2149,1,41.98091506958008,36.63,1,0,0.87,0:41:24
2150,1,69.10917663574219,36.63,1,0,0.87,0:42:28
2151,1,220.8075714111328,36.63,1,0,0.87,0:41:49
2152,1,292.6947631835938,36.63,1,0,0.87,0:45:41
2153,1,35.53342819213867,36.63,1,0,0.87,0:39:30
2154,1,151.7860565185547,36.63,1,0,0.87,0:41:42
2155,1,18.05331420898438,36.63,1,0,0.87,0:40:58
2156,1,9.807595252990724,36.63,0,1,0.87,0:42:38
2157,1,17.31131172180176,36.63,1,0,0.87,0:42:43
2158,1,10.65874290466309,36.63,1,0,0.87,0:42:06
2159,1,1623.54833984375,36.63,1,0,0.87,0:41:21
2160,1,2.9525933265686035,36.63,1,0,0.87,0:41:38
2161,1,1623.9774169921882,36.63,0,1,0.87,0:41:46
2162,1,56.084815979003906,36.63,1,0,0.87,0:42:10
2163,1,199.5162353515625,36.63,1,0,0.87,0:41:30
2164,1,380.0,36.63,1,0,0.87,0:41:20
2165,1,181.5143737792969,36.63,1,0,0.87,0:42:04
2166,1,105.6290054321289,36.63,1,0,0.87,0:42:12
2167,1,127.01202392578121,36.63,1,0,0.87,0:41:27
2168,1,222.7997283935547,36.63,1,0,0.87,0:39:58
2169,1,222.6948394775391,36.63,1,0,0.87,0:42:49
2170,1,531.577392578125,36.63,1,0,0.87,0:37:46
2171,1,181.5143737792969,36.63,1,0,0.87,0:41:30
2172,1,63.713539123535156,36.63,1,0,0.87,0:40:03
2173,1,18.10163879394531,36.63,1,0,0.87,0:40:47
2174,1,118.26126098632808,36.63,1,0,0.87,0:42:16
2175,1,2.335977554321289,36.63,0,1,0.87,0:44:03
2176,1,1623.9774169921882,36.63,1,0,0.87,0:41:59
2177,1,15.4834680557251,36.63,1,0,0.87,0:42:43
2178,1,263.49282836914057,36.63,1,0,0.87,0:41:39
2179,1,29.45329856872559,36.63,1,0,0.87,0:41:52
2180,1,14.566981315612788,36.63,1,0,0.87,0:40:44
2181,1,319.7898559570312,36.63,1,0,0.87,0:41:20
2182,1,378.2447204589844,36.63,1,0,0.87,0:39:35
2183,1,17.31131172180176,36.63,1,0,0.87,0:40:00
2184,1,321.1102600097656,36.63,1,0,0.87,0:40:54
2185,1,90.16681671142578,36.63,1,0,0.87,0:37:59
2186,1,75.05911254882812,36.63,1,0,0.87,0:40:15
2187,1,77.97574615478516,36.63,1,0,0.87,0:41:55
2188,1,10.44183731079102,36.63,1,0,0.87,0:42:03
2189,1,32.52695846557617,36.63,1,0,0.87,0:41:00
2190,1,179.13482666015616,36.63,1,0,0.87,0:42:17
2191,1,198.6544494628906,36.63,1,0,0.87,0:42:18
2192,1,49.83196640014648,36.63,1,0,0.87,0:42:11
2193,1,149.1394653320312,36.63,1,0,0.87,0:39:50
2194,1,187.9427490234375,36.63,1,0,0.87,0:41:54
2195,1,25.76324462890625,36.63,1,0,0.87,0:41:59
2196,1,19.67694282531738,36.63,1,0,0.87,0:42:43
2197,1,206.0,36.63,1,0,0.87,0:41:42
2198,1,2645.124755859375,36.63,1,0,0.87,0:40:58
2199,1,10.44183731079102,36.63,1,0,0.87,0:41:18
2200,1,61.94044494628906,36.63,1,0,0.87,0:41:06
2201,1,4.344408035278319,36.63,0,1,0.87,0:41:33
2202,1,263.49282836914057,36.63,1,0,0.87,0:43:00
2203,1,614.4942016601562,36.63,1,0,0.87,0:38:54
2204,1,214.2507781982422,36.63,1,0,0.87,0:42:35
2205,1,5.274471282958984,36.63,0,1,0.87,0:41:49
2206,1,6.1690216064453125,36.63,1,0,0.87,0:41:56
2207,1,57.21894454956055,36.63,1,0,0.87,0:40:17
2208,1,39.47004318237305,36.63,0,1,0.87,0:42:33
2209,1,282.2249450683594,36.63,1,0,0.87,0:42:00
2210,1,6.090157508850098,36.63,1,0,0.87,0:37:41
2211,1,147.2976989746094,36.63,1,0,0.87,0:42:07
2212,1,17.05924987792969,36.63,1,0,0.87,0:41:28
2213,1,108.9886856079102,36.63,1,0,0.87,0:42:04
2214,2,657.2290649414062,36.63,1,0,0.87,0:42:26
2215,1,10.44776248931885,36.63,1,0,0.87,0:41:31
2216,1,6.217576503753662,36.63,1,0,0.87,0:42:01
2217,1,11.339376449584961,36.63,1,0,0.87,0:41:00
2218,1,15.718503952026367,36.63,1,0,0.87,0:41:09
2219,1,146.087158203125,36.63,1,0,0.87,0:40:31
2220,1,319.1960144042969,36.63,1,0,0.87,0:42:09
2221,1,614.4942016601562,36.63,1,0,0.87,0:40:21
2222,1,5.945544719696045,36.63,1,0,0.87,0:42:03
2223,1,9.87485122680664,36.63,1,0,0.87,0:41:35
2224,1,273.54550170898443,36.63,1,0,0.87,0:43:24
2225,1,31.76616859436035,36.63,1,0,0.87,0:39:13
2226,1,883.9678344726562,36.63,1,0,0.87,0:41:36
2227,1,25.96640586853027,36.63,1,0,0.87,0:41:26
2228,1,178.6310272216797,36.63,1,0,0.87,0:41:30
2229,1,36.968177795410156,36.63,1,0,0.87,0:43:04
2230,1,232.2930450439453,36.63,1,0,0.87,0:41:59
2231,1,206.3648223876953,36.63,1,0,0.87,0:39:35
2232,1,18.05331420898438,36.63,1,0,0.87,0:42:53
2233,1,91.46649932861328,36.63,1,0,0.87,0:41:13
2234,1,120.9079360961914,36.63,1,0,0.87,0:42:56
2235,1,278.0033569335938,36.63,1,0,0.87,0:42:00
2236,1,16.83182334899902,36.63,1,0,0.87,0:42:56
2237,1,18.533935546875,36.63,1,0,0.87,0:41:44
2238,1,42.45837020874023,36.63,1,0,0.87,0:41:41
2239,1,199.2205810546875,36.63,1,0,0.87,0:39:56
2240,1,670.1943359375,36.63,1,0,0.87,0:41:07
2241,1,50.04737091064453,36.63,1,0,0.87,0:39:20
2242,1,63.713539123535156,36.63,1,0,0.87,0:42:03
2243,1,167.9832916259766,36.63,1,0,0.87,0:40:03
2244,2,47.901039123535156,36.63,1,0,0.87,0:40:57
2245,1,11.44741916656494,36.63,1,0,0.87,0:41:53
2246,1,35.53342819213867,36.63,1,0,0.87,0:41:37
2247,1,10.44183731079102,36.63,1,0,0.87,0:43:40
2248,1,388.93701171875,36.63,0,1,0.87,0:40:15
2249,1,138.9033355712891,36.63,1,0,0.87,0:42:22
2250,1,19.78066635131836,36.63,1,0,0.87,0:37:14
2251,1,0.0,36.63,1,0,0.87,0:42:39
2252,1,103.8417816162109,36.63,1,0,0.87,0:41:23
2253,1,157.4949645996094,36.63,1,0,0.87,0:41:18
2254,1,17.57425117492676,36.63,1,0,0.87,0:43:17
2255,1,16.83182334899902,36.63,1,0,0.87,0:42:23
2256,1,140.6603088378906,36.63,1,0,0.87,0:42:50
2257,1,353.0921325683594,36.63,1,0,0.87,0:41:47
2258,1,44.86626434326172,36.63,1,0,0.87,0:42:46
2259,1,86.84709167480469,36.63,1,0,0.87,0:42:57
2260,1,6.559482097625732,36.63,1,0,0.87,0:41:20
2261,1,270.910888671875,36.63,1,0,0.87,0:41:31
2262,1,138.3571929931641,36.63,1,0,0.87,0:41:56
2263,1,56.440467834472656,36.63,1,0,0.87,0:40:26
2264,1,54.23469924926758,36.63,1,0,0.87,0:42:37
2265,1,1.495869755744934,36.63,1,0,0.87,0:41:58
2266,1,71.07490539550781,36.63,1,0,0.87,0:41:38
2267,1,22.12597465515137,36.63,1,0,0.87,0:40:17
2268,1,7.965522289276122,36.63,1,0,0.87,0:40:55
2269,1,3.6411633491516113,36.63,1,0,0.87,0:42:07
2270,1,186.5994720458984,36.63,1,0,0.87,0:42:33
2271,1,80.88738250732422,36.63,1,0,0.87,0:42:09
2272,1,544.2213134765625,36.63,1,0,0.87,0:43:13
2273,1,33.26873397827148,36.63,1,0,0.87,0:39:47
2274,1,614.4942016601562,36.63,1,0,0.87,0:42:34
2275,1,0.5217891335487366,36.63,1,0,0.87,0:40:29
2276,1,232.5149993896484,36.63,1,0,0.87,0:40:00
2277,1,15.55781936645508,36.63,1,0,0.87,0:42:38
2278,1,1046.732788085938,36.63,0,1,0.87,0:42:01
2279,2,7.965522289276122,36.63,1,0,0.87,0:42:27
2280,1,2.435819149017334,36.63,1,0,0.87,0:41:22
2281,1,123.7852401733398,36.63,1,0,0.87,0:40:55
2282,1,1637.8126220703118,36.63,1,0,0.87,0:41:47
2283,1,20.27508354187012,36.63,1,0,0.87,0:40:36
2284,1,16.84739112854004,36.63,1,0,0.87,0:40:38
2285,1,10.06689834594727,36.63,1,0,0.87,0:39:36
2286,1,69.10917663574219,36.63,1,0,0.87,0:41:09
2287,1,203.1190338134766,36.63,1,0,0.87,0:41:33
2288,1,380.0,36.63,1,0,0.87,0:41:47
2289,1,283.4710693359375,36.63,0,1,0.87,0:41:34
2290,1,1631.184326171875,36.63,1,0,0.87,0:42:10
2291,1,49.35443496704102,36.63,0,1,0.87,0:42:12
2292,1,13.81503200531006,36.63,1,0,0.87,0:36:58
2293,1,438.8058166503906,36.63,1,0,0.87,0:38:10
2294,3,146.0177154541016,36.63,1,0,0.87,0:38:14
2295,1,12.34099006652832,36.63,1,0,0.87,0:40:54
2296,1,676.4351806640625,36.63,1,0,0.87,0:42:29
2297,1,181.5143737792969,36.63,1,0,0.87,0:43:32
2298,1,52.87474060058594,36.63,1,0,0.87,0:41:53
2299,1,118.5949020385742,36.63,1,0,0.87,0:40:48
2300,1,1831.0819091796882,36.63,1,0,0.87,0:42:30
2301,1,3.920108318328857,36.63,1,0,0.87,0:42:32
2302,1,179.9742889404297,36.63,1,0,0.87,0:42:13
2303,1,6.459941387176514,36.63,1,0,0.87,0:41:03
2304,1,68.44830322265625,36.63,1,0,0.87,0:42:06
2305,1,232.3138732910156,36.63,1,0,0.87,0:42:10
2306,1,92.49187469482422,36.63,1,0,0.87,0:42:10
2307,1,104.15274047851558,36.63,1,0,0.87,0:40:56
2308,1,236.900634765625,36.63,1,0,0.87,0:40:20
2309,1,223.7906799316406,36.63,1,0,0.87,0:44:10
2310,1,447.4283447265625,36.63,1,0,0.87,0:41:13
2311,1,85.19644927978516,36.63,1,0,0.87,0:39:58
2312,1,35.90165328979492,36.63,1,0,0.87,0:40:23
2313,1,2.022631406784058,36.63,1,0,0.87,0:41:30
2314,1,317.7398071289062,36.63,1,0,0.87,0:42:54
2315,1,2229.72216796875,36.63,1,0,0.87,0:40:09
2316,1,320.0387878417969,36.63,1,0,0.87,0:42:46
2317,1,544.2213134765625,36.63,1,0,0.87,0:42:48
2318,1,167.9832916259766,36.63,1,0,0.87,0:41:43
2319,1,222.6948394775391,36.63,1,0,0.87,0:41:59
2320,1,112.8550796508789,36.63,1,0,0.87,0:41:24
2321,1,18.53952789306641,36.63,1,0,0.87,0:41:58
2322,1,113.2635650634766,36.63,1,0,0.87,0:39:34
2323,1,1596.6729736328118,36.63,1,0,0.87,0:42:51
2324,1,194.29931640625,36.63,1,0,0.87,0:40:33
2325,1,138.3722991943359,36.63,1,0,0.87,0:41:41
2326,1,27.55710220336914,36.63,1,0,0.87,0:39:49
2327,1,73.68095397949219,36.63,1,0,0.87,0:42:09
2328,1,315.6446228027344,36.63,1,0,0.87,0:41:34
2329,1,179.9742889404297,36.63,1,0,0.87,0:42:13
2330,1,252.96630859375,36.63,1,0,0.87,0:40:52
2331,1,18.05331420898438,36.63,1,0,0.87,0:39:04
2332,1,131.0602111816406,36.63,1,0,0.87,0:36:52
2333,1,222.7997283935547,36.63,1,0,0.87,0:42:02
2334,1,304.7702941894531,36.63,1,0,0.87,0:40:07
2335,1,261.54904174804693,36.63,1,0,0.87,0:42:05
2336,1,92.71110534667969,36.63,1,0,0.87,0:40:04
2337,1,45.21803283691406,36.63,1,0,0.87,0:41:36
2338,1,10.44183731079102,36.63,1,0,0.87,0:42:56
2339,1,209.3033447265625,36.63,1,0,0.87,0:38:05
2340,2,30.4487247467041,36.63,1,0,0.87,0:42:50
2341,1,19.24552345275879,36.63,1,0,0.87,0:42:32
2342,1,387.1519165039062,36.63,1,0,0.87,0:43:10
2343,1,242.7269287109375,36.63,1,0,0.87,0:42:26
2344,1,197.583984375,36.63,0,1,0.87,0:37:40
2345,1,126.1189117431641,36.63,1,0,0.87,0:40:28
2346,1,36.98998641967773,36.63,1,0,0.87,0:42:02
2347,1,181.5143737792969,36.63,1,0,0.87,0:43:01
2348,1,18.31573867797852,36.63,1,0,0.87,0:39:10
2349,1,544.2213134765625,36.63,1,0,0.87,0:39:37
2350,1,31.97005462646484,36.63,0,1,0.87,0:42:45
2351,1,24.5399284362793,36.63,0,1,0.87,0:42:50
2352,1,17.3270263671875,36.63,1,0,0.87,0:40:50
2353,1,10.58681583404541,36.63,0,1,0.87,0:41:58
2354,1,91.82389068603516,36.63,1,0,0.87,0:40:03
2355,1,2159.802978515625,36.63,1,0,0.87,0:42:03
2356,1,306.636474609375,36.63,1,0,0.87,0:40:33
2357,1,15.224977493286133,36.63,1,0,0.87,0:42:28
2358,1,10.44776248931885,36.63,1,0,0.87,0:42:36
2359,1,250.0541687011719,36.63,1,0,0.87,0:42:12
2360,1,10.44183731079102,36.63,1,0,0.87,0:42:41
2361,1,260.0,36.63,1,0,0.87,0:41:53
2362,1,159.2595977783203,36.63,1,0,0.87,0:41:39
2363,1,31.97005462646484,36.63,0,1,0.87,0:42:48
2364,1,13.06448364257812,36.63,0,1,0.87,0:41:37
2365,1,191.0,36.63,1,0,0.87,0:43:03
2366,1,45.1541862487793,36.63,1,0,0.87,0:41:43
2367,1,218.9133148193359,36.63,1,0,0.87,0:41:10
2368,1,7.965522289276122,36.63,1,0,0.87,0:41:58
2369,1,19.0,36.63,1,0,0.87,0:42:35
2370,1,181.5143737792969,36.63,1,0,0.87,0:41:12
2371,1,3.6919877529144287,36.63,1,0,0.87,0:43:17
2372,1,151.7860565185547,36.63,0,1,0.87,0:41:59
2373,1,159.2595977783203,36.63,1,0,0.87,0:43:02
2374,1,232.78302001953116,36.63,1,0,0.87,0:42:27
2375,1,118.5949020385742,36.63,1,0,0.87,0:42:08
2376,1,91.7226791381836,36.63,1,0,0.87,0:40:16
2377,1,244.3005676269531,36.63,1,0,0.87,0:41:16
2378,1,524.4072875976561,36.63,1,0,0.87,0:39:38
2379,1,252.6790618896484,36.63,1,0,0.87,0:40:11
2380,1,1623.9774169921882,36.63,1,0,0.87,0:42:47
2381,1,2147.357421875,36.63,1,0,0.87,0:43:50
2382,1,259.998291015625,36.63,1,0,0.87,0:40:48
2383,1,220.5344543457031,36.63,1,0,0.87,0:42:45
2384,1,1.7364590167999268,36.63,1,0,0.87,0:41:18
2385,1,9.36025619506836,36.63,1,0,0.87,0:42:09
2386,1,27.48541641235352,36.63,1,0,0.87,0:42:02
2387,1,24.80491638183594,36.63,0,1,0.87,0:40:53
2388,1,428.7605285644531,36.63,1,0,0.87,0:42:09
2389,1,88.98007202148438,36.63,1,0,0.87,0:40:30
2390,1,52.21719360351562,36.63,1,0,0.87,0:43:16
2391,1,767.4879150390625,36.63,1,0,0.87,0:41:34
2392,1,181.5143737792969,36.63,1,0,0.87,0:40:47
2393,1,4.3414626121521005,36.63,1,0,0.87,0:42:40
2394,1,137.57452392578122,36.63,1,0,0.87,0:41:10
2395,1,241.9176025390625,36.63,1,0,0.87,0:42:30
2396,1,32.650562286376946,36.63,1,0,0.87,0:40:33
2397,1,18.82139015197754,36.63,1,0,0.87,0:39:01
2398,1,1046.732788085938,36.63,1,0,0.87,0:41:34
2399,1,282.3769836425781,36.63,1,0,0.87,0:40:33
2400,1,321.1102600097656,36.63,1,0,0.87,0:40:49
2401,1,122.0685043334961,36.63,0,1,0.87,0:40:43
2402,1,56.084815979003906,36.63,1,0,0.87,0:40:47
2403,1,20.11386871337891,36.63,1,0,0.87,0:41:35
2404,1,10.44183731079102,36.63,1,0,0.87,0:42:07
2405,1,10.44183731079102,36.63,0,1,0.87,0:42:02
2406,1,428.7605285644531,36.63,1,0,0.87,0:42:10
2407,1,5.047508716583252,36.63,1,0,0.87,0:41:49
2408,1,102.4752883911133,36.63,0,1,0.87,0:42:46
2409,1,544.2213134765625,36.63,1,0,0.87,0:39:37
2410,1,26.14098167419434,36.63,1,0,0.87,0:42:22
2411,1,56.084815979003906,36.63,1,0,0.87,0:41:47
2412,1,242.4671478271484,36.63,1,0,0.87,0:41:58
2413,1,120.0959701538086,36.63,1,0,0.87,0:42:19
2414,1,22.12597465515137,36.63,1,0,0.87,0:43:08
2415,1,202.9051818847656,36.63,1,0,0.87,0:41:42
2416,1,15.55781936645508,36.63,1,0,0.87,0:43:34
2417,1,388.5563049316406,36.63,1,0,0.87,0:42:18
2418,1,152.9394073486328,36.63,1,0,0.87,0:42:18
2419,1,246.6096496582031,36.63,1,0,0.87,0:40:28
2420,1,122.6507949829102,36.63,1,0,0.87,0:41:34
2421,1,315.9778747558594,36.63,1,0,0.87,0:42:08
2422,1,71.07490539550781,36.63,1,0,0.87,0:39:35
2423,1,810.0172729492188,36.63,1,0,0.87,0:42:43
2424,1,10.44183731079102,36.63,1,0,0.87,0:42:10
2425,1,45.1541862487793,36.63,1,0,0.87,0:43:50
2426,1,151.7768249511719,36.63,1,0,0.87,0:41:44
2427,1,43.62190246582031,36.63,1,0,0.87,0:42:30
2428,1,13.52747440338135,36.63,1,0,0.87,0:42:41
2429,1,62.27024841308594,36.63,1,0,0.87,0:41:58
2430,1,1186.648193359375,36.63,1,0,0.87,0:42:24
2431,1,19.23562431335449,36.63,1,0,0.87,0:41:40
2432,1,150.3178405761719,36.63,1,0,0.87,0:41:56
2433,1,204.0068664550781,36.63,1,0,0.87,0:43:01
2434,1,11.05302143096924,36.63,1,0,0.87,0:41:36
2435,1,278.0033569335938,36.63,1,0,0.87,0:42:47
2436,1,237.6291656494141,36.63,1,0,0.87,0:39:53
2437,1,55.22239303588867,36.63,1,0,0.87,0:41:18
2438,1,30.55678749084473,36.63,1,0,0.87,0:41:20
2439,1,298.6752014160156,36.63,1,0,0.87,0:40:11
2440,1,195.6222991943359,36.63,1,0,0.87,0:42:32
2441,1,31.2812614440918,36.63,1,0,0.87,0:42:20
2442,1,3.920108318328857,36.63,1,0,0.87,0:42:03
2443,1,24.5399284362793,36.63,1,0,0.87,0:41:55
2444,1,311.047607421875,36.63,1,0,0.87,0:42:03
2445,1,1596.6729736328118,36.63,1,0,0.87,0:42:42
2446,1,261.49755859375,36.63,1,0,0.87,0:42:45
2447,1,56.58110809326172,36.63,1,0,0.87,0:42:44
2448,1,126.1217880249023,36.63,1,0,0.87,0:41:53
2449,1,14.32654094696045,36.63,1,0,0.87,0:40:53
2450,1,139.41778564453122,36.63,1,0,0.87,0:41:56
2451,1,14.523913383483892,36.63,1,0,0.87,0:42:56
2452,1,12.82390880584717,36.63,1,0,0.87,0:42:19
2453,1,1596.6729736328118,36.63,1,0,0.87,0:42:02
2454,1,1631.184326171875,36.63,1,0,0.87,0:42:00
2455,1,162.3643646240234,36.63,1,0,0.87,0:41:38
2456,1,91.7226791381836,36.63,1,0,0.87,0:41:10
2457,1,259.998291015625,36.63,1,0,0.87,0:43:12
2458,1,46.15754318237305,36.63,1,0,0.87,0:39:55
2459,1,11.57025718688965,36.63,1,0,0.87,0:42:04
2460,1,140.9442596435547,36.63,1,0,0.87,0:41:02
2461,1,30.0,36.63,1,0,0.87,0:42:16
2462,1,194.4599151611328,36.63,1,0,0.87,0:41:57
2463,1,263.49282836914057,36.63,1,0,0.87,0:42:05
2464,1,228.0850677490234,36.63,1,0,0.87,0:36:37
2465,1,110.9721298217773,36.63,1,0,0.87,0:41:42
2466,1,11.45005798339844,36.63,1,0,0.87,0:40:53
2467,1,34.247421264648445,36.63,1,0,0.87,0:42:17
2468,1,321.1102600097656,36.63,1,0,0.87,0:40:29
2469,1,242.0789947509766,36.63,1,0,0.87,0:41:58
2470,1,17.20283889770508,36.63,1,0,0.87,0:41:58
2471,1,15.55781936645508,36.63,1,0,0.87,0:42:53
2472,1,45.07054901123047,36.63,1,0,0.87,0:42:03
2473,1,108.9886856079102,36.63,1,0,0.87,0:42:49
2474,1,15.55781936645508,36.63,1,0,0.87,0:40:59
2475,1,77.97574615478516,36.63,1,0,0.87,0:40:29
2476,1,77.97574615478516,36.63,1,0,0.87,0:41:21
2477,1,51.94340515136719,36.63,1,0,0.87,0:38:47
2478,1,206.0412750244141,36.63,1,0,0.87,0:42:53
2479,1,19.70092582702637,36.63,1,0,0.87,0:42:12
2480,1,137.57452392578122,36.63,1,0,0.87,0:42:14
2481,1,208.2879638671875,36.63,0,1,0.87,0:40:14
2482,1,39.21760559082031,36.63,1,0,0.87,0:42:01
2483,1,1816.216796875,36.63,1,0,0.87,0:39:29
2484,1,71.6093521118164,36.63,1,0,0.87,0:42:28
2485,1,73.2974853515625,36.63,1,0,0.87,0:42:55
2486,1,140.6603088378906,36.63,0,1,0.87,0:42:55
2487,1,2.139576435089111,36.63,1,0,0.87,0:42:02
2488,1,1976.76318359375,36.63,1,0,0.87,0:42:28
2489,1,199.1593475341797,36.63,1,0,0.87,0:44:17
2490,1,31.2812614440918,36.63,1,0,0.87,0:42:03
2491,1,15.55781936645508,36.63,0,1,0.87,0:39:13
2492,1,13.315147399902338,36.63,1,0,0.87,0:42:08
2493,1,49.35443496704102,36.63,1,0,0.87,0:41:58
2494,1,594.5111694335938,36.63,1,0,0.87,0:40:07
2495,1,14.447757720947273,36.63,1,0,0.87,0:41:19
2496,1,13.027480125427251,36.63,1,0,0.87,0:41:52
2497,1,271.45523071289057,36.63,1,0,0.87,0:41:28
2498,1,2229.72216796875,36.63,1,0,0.87,0:42:08
2499,1,204.6719512939453,36.63,1,0,0.87,0:42:23
2500,1,218.9133148193359,36.63,0,1,0.87,0:43:09
2501,1,7.965522289276122,36.63,1,0,0.87,0:40:23
2502,1,254.7844543457031,36.63,1,0,0.87,0:41:43
2503,1,34.46718978881836,36.63,1,0,0.87,0:42:43
2504,1,6.801628589630128,36.63,1,0,0.87,0:42:34
2505,1,32.52695846557617,36.63,1,0,0.87,0:42:06
2506,1,211.8292083740234,36.63,1,0,0.87,0:41:02
2507,1,233.2363739013672,36.63,1,0,0.87,0:42:10
2508,1,320.0387878417969,36.63,1,0,0.87,0:41:43
2509,1,197.583984375,36.63,1,0,0.87,0:39:17
2510,1,278.0033569335938,36.63,1,0,0.87,0:42:47
2511,1,148.55224609375,36.63,1,0,0.87,0:42:35
2512,1,209.4566192626953,36.63,1,0,0.87,0:42:12
2513,1,320.0387878417969,36.63,1,0,0.87,0:40:34
2514,1,600.0,36.63,1,0,0.87,0:41:43
2515,1,10.44183731079102,36.63,1,0,0.87,0:41:49
2516,1,259.998291015625,36.63,1,0,0.87,0:41:36
2517,1,120.0959701538086,36.63,1,0,0.87,0:42:16
2518,1,109.5502395629883,36.63,1,0,0.87,0:41:07
2519,1,2103.939453125,36.63,1,0,0.87,0:42:26
2520,1,61.52347183227539,36.63,1,0,0.87,0:42:10
2521,1,21.42482948303223,36.63,1,0,0.87,0:43:51
2522,1,181.5143737792969,36.63,1,0,0.87,0:41:37
2523,1,611.3375244140625,36.63,1,0,0.87,0:42:41
2524,1,10.44183731079102,36.63,1,0,0.87,0:41:33
2525,1,1581.0887451171882,36.63,1,0,0.87,0:40:05
2526,1,337.3735046386719,36.63,1,0,0.87,0:42:35
2527,1,15.224977493286133,36.63,1,0,0.87,0:43:28
2528,1,89.6968994140625,36.63,1,0,0.87,0:43:00
2529,1,56.084815979003906,36.63,1,0,0.87,0:41:02
2530,1,259.998291015625,36.63,1,0,0.87,0:42:37
2531,1,220.8075714111328,36.63,1,0,0.87,0:41:10
2532,1,767.4879150390625,36.63,1,0,0.87,0:42:43
2533,1,19.07254981994629,36.63,1,0,0.87,0:42:47
2534,1,77.97574615478516,36.63,1,0,0.87,0:39:53
2535,1,122.18740844726558,36.63,1,0,0.87,0:43:09
2536,1,15.55781936645508,36.63,1,0,0.87,0:42:13
2537,1,2229.72216796875,36.63,1,0,0.87,0:41:36
2538,1,873.9188842773438,36.63,1,0,0.87,0:42:34
2539,1,259.998291015625,36.63,1,0,0.87,0:41:56
2540,1,15.55781936645508,36.63,1,0,0.87,0:41:06
2541,1,542.0845947265625,36.63,1,0,0.87,0:41:48
2542,1,258.83737182617193,36.63,1,0,0.87,0:42:22
2543,1,149.1394653320312,36.63,1,0,0.87,0:42:25
2544,1,25.88188934326172,36.63,1,0,0.87,0:42:23
2545,1,254.7844543457031,36.63,1,0,0.87,0:42:02
2546,1,484.7640075683594,36.63,1,0,0.87,0:42:14
2547,1,130.9079742431641,36.63,1,0,0.87,0:42:41
2548,1,51.94340515136719,36.63,1,0,0.87,0:43:12
2549,1,165.4194030761719,36.63,1,0,0.87,0:41:13
2550,1,242.2535705566406,36.63,1,0,0.87,0:43:12
2551,1,145.2298431396484,36.63,1,0,0.87,0:42:29
2552,1,205.9886016845703,36.63,1,0,0.87,0:38:41
2553,1,10.44183731079102,36.63,1,0,0.87,0:38:00
2554,1,91.7226791381836,36.63,1,0,0.87,0:41:16
2555,1,263.49282836914057,36.63,0,1,0.87,0:43:02
2556,1,24.17752647399902,36.63,1,0,0.87,0:42:36
2557,1,231.64434814453116,36.63,1,0,0.87,0:43:16
2558,1,7.0,36.63,1,0,0.87,0:41:46
2559,1,315.9778747558594,36.63,1,0,0.87,0:41:25
2560,1,10.44183731079102,36.63,1,0,0.87,0:43:11
2561,1,248.39337158203116,36.63,1,0,0.87,0:41:17
2562,1,4.194859027862549,36.63,1,0,0.87,0:40:30
2563,1,106.3583984375,36.63,1,0,0.87,0:41:42
2564,1,569.87158203125,36.63,1,0,0.87,0:40:58
2565,1,975.9893798828124,36.63,1,0,0.87,0:40:56
2566,2,15.55781936645508,36.63,1,0,0.87,0:41:24
2567,1,272.28091430664057,36.63,1,0,0.87,0:36:09
2568,1,320.0387878417969,36.63,0,1,0.87,0:42:15
2569,1,6.262023448944093,36.63,1,0,0.87,0:41:12
2570,1,57.4091796875,36.63,1,0,0.87,0:41:56
2571,1,91.7226791381836,36.63,1,0,0.87,0:41:00
2572,1,1.539181590080261,36.63,1,0,0.87,0:41:53
2573,1,199.6450042724609,36.63,1,0,0.87,0:41:34
2574,1,1015.653198242188,36.63,1,0,0.87,0:42:37
2575,1,181.5143737792969,36.63,1,0,0.87,0:42:13
2576,1,232.5149993896484,36.63,1,0,0.87,0:42:01
2577,1,77.97574615478516,36.63,1,0,0.87,0:42:15
2578,1,11.05302143096924,36.63,1,0,0.87,0:41:52
2579,1,225.9079742431641,36.63,1,0,0.87,0:43:10
2580,1,220.8075714111328,36.63,1,0,0.87,0:39:03
2581,1,91.7226791381836,36.63,1,0,0.87,0:40:54
2582,1,320.0387878417969,36.63,1,0,0.87,0:41:59
2583,1,180.45697021484384,36.63,1,0,0.87,0:42:05
2584,1,121.3621368408203,36.63,1,0,0.87,0:41:41
2585,1,151.0,36.63,1,0,0.87,0:42:17
2586,1,202.9051818847656,36.63,1,0,0.87,0:43:17
2587,1,33.1964111328125,36.63,1,0,0.87,0:40:27
2588,1,315.6446228027344,36.63,1,0,0.87,0:43:13
2589,1,140.6603088378906,36.63,1,0,0.87,0:42:50
2590,1,55.22239303588867,36.63,0,1,0.87,0:41:30
2591,1,1596.6729736328118,36.63,1,0,0.87,0:42:45
2592,1,146.087158203125,36.63,1,0,0.87,0:41:48
2593,1,7.63557243347168,36.63,1,0,0.87,0:43:36
2594,1,200.7367095947266,36.63,1,0,0.87,0:41:29
2595,1,160.1657257080078,36.63,1,0,0.87,0:42:27
2596,1,253.1743621826172,36.63,1,0,0.87,0:42:34
2597,1,195.8340911865234,36.63,1,0,0.87,0:38:24
2598,1,181.5143737792969,36.63,1,0,0.87,0:43:12
2599,1,317.7398071289062,36.63,1,0,0.87,0:41:43
2600,1,22.02759552001953,36.63,1,0,0.87,0:41:18
2601,1,187.7010803222656,36.63,1,0,0.87,0:41:07
2602,1,44.45844268798828,36.63,1,0,0.87,0:42:23
2603,1,222.6948394775391,36.63,1,0,0.87,0:41:26
2604,1,147.3282012939453,36.63,1,0,0.87,0:41:45
2605,1,23.61162948608398,36.63,1,0,0.87,0:42:25
2606,1,7.704025745391848,36.63,1,0,0.87,0:38:45
2607,1,5.274471282958984,36.63,1,0,0.87,0:41:44
2608,1,91.7226791381836,36.63,1,0,0.87,0:42:55
2609,1,2.076677083969116,36.63,0,1,0.87,0:41:49
2610,1,224.9377288818359,36.63,1,0,0.87,0:41:57
2611,1,90.6382827758789,36.63,0,1,0.87,0:42:16
2612,1,16.66305160522461,36.63,1,0,0.87,0:42:14
2613,1,19.0,36.63,1,0,0.87,0:41:09
2614,1,24.55533409118652,36.63,1,0,0.87,0:40:06
2615,1,181.5143737792969,36.63,1,0,0.87,0:40:13
2616,1,5.032363891601562,36.63,1,0,0.87,0:43:38
2617,1,18.05331420898438,36.63,1,0,0.87,0:41:17
2618,1,32.52695846557617,36.63,1,0,0.87,0:41:25
2619,1,424.7549133300781,36.63,1,0,0.87,0:43:03
2620,1,187.9427490234375,36.63,1,0,0.87,0:41:35
2621,1,260.0,36.63,1,0,0.87,0:43:13
2622,1,614.4942016601562,36.63,1,0,0.87,0:41:12
2623,1,347.6758728027344,36.63,1,0,0.87,0:42:26
2624,1,143.3488616943359,36.63,1,0,0.87,0:40:57
2625,1,253.0893249511719,36.63,1,0,0.87,0:42:27
2626,2,231.64434814453116,36.63,1,0,0.87,0:41:41
2627,1,326.47265625,36.63,1,0,0.87,0:41:59
2628,1,182.8298187255859,36.63,1,0,0.87,0:42:08
2629,1,1623.9774169921882,36.63,1,0,0.87,0:34:19
2630,1,194.7049560546875,36.63,1,0,0.87,0:39:55
2631,1,12.58986759185791,36.63,0,1,0.87,0:42:15
2632,1,181.5143737792969,36.63,0,1,0.87,0:42:38
2633,1,22.24826240539551,36.63,1,0,0.87,0:41:33
2634,1,260.0,36.63,1,0,0.87,0:43:08
2635,1,181.5143737792969,36.63,1,0,0.87,0:43:08
2636,1,71.8073501586914,36.63,1,0,0.87,0:42:17
2637,1,14.32654094696045,36.63,1,0,0.87,0:42:02
2638,1,255.9418182373047,36.63,1,0,0.87,0:42:45
2639,1,72.69342041015625,36.63,1,0,0.87,0:42:41
2640,1,2.9525933265686035,36.63,1,0,0.87,0:42:16
2641,1,3.977304220199585,36.63,1,0,0.87,0:41:13
2642,1,157.2373657226562,36.63,1,0,0.87,0:42:20
2643,1,1993.0521240234384,36.63,1,0,0.87,0:42:36
2644,1,105.6290054321289,36.63,1,0,0.87,0:38:26
2645,1,5.0,36.63,1,0,0.87,0:39:07
2646,1,149.1394653320312,36.63,1,0,0.87,0:44:08
2647,1,320.0387878417969,36.63,1,0,0.87,0:42:14
2648,1,233.6640472412109,36.63,1,0,0.87,0:39:00
2649,1,233.269287109375,36.63,1,0,0.87,0:41:20
2650,1,181.5143737792969,36.63,1,0,0.87,0:40:30
2651,1,91.7226791381836,36.63,1,0,0.87,0:42:58
2652,1,224.95013427734384,36.63,1,0,0.87,0:42:17
2653,1,5.020810604095459,36.63,1,0,0.87,0:43:20
2654,1,32.69082641601562,36.63,1,0,0.87,0:42:19
2655,1,35.90165328979492,36.63,1,0,0.87,0:42:03
2656,1,3.1576759815216064,36.63,1,0,0.87,0:41:52
2657,1,106.87122344970699,36.63,1,0,0.87,0:43:12
2658,1,18.05331420898438,36.63,1,0,0.87,0:41:37
2659,1,196.0460205078125,36.63,1,0,0.87,0:41:24
2660,1,10.44776248931885,36.63,1,0,0.87,0:42:45
2661,1,238.2223663330078,36.63,1,0,0.87,0:42:42
2662,1,24.17752647399902,36.63,1,0,0.87,0:42:13
2663,1,16.84739112854004,36.63,1,0,0.87,0:41:23
2664,1,321.1102600097656,36.63,1,0,0.87,0:40:50
2665,1,159.2595977783203,36.63,1,0,0.87,0:40:28
2666,1,201.880615234375,36.63,1,0,0.87,0:41:48
2667,1,10.44183731079102,36.63,1,0,0.87,0:42:17
2668,1,16.84739112854004,36.63,1,0,0.87,0:42:03
2669,1,767.4879150390625,36.63,1,0,0.87,0:41:27
2670,1,198.6544494628906,36.63,1,0,0.87,0:40:58
2671,1,199.8629608154297,36.63,1,0,0.87,0:41:18
2672,1,90.16681671142578,36.63,1,0,0.87,0:42:03
2673,1,13.027480125427251,36.63,1,0,0.87,0:42:14
2674,3,13.973583221435552,36.63,1,0,0.87,0:42:56
2675,1,188.2588348388672,36.63,1,0,0.87,0:39:23
2676,1,10.44183731079102,36.63,1,0,0.87,0:41:44
2677,1,233.2363739013672,36.63,1,0,0.87,0:36:38
2678,1,1.5720475912094118,36.63,0,1,0.87,0:42:40
2679,1,249.9987335205078,36.63,1,0,0.87,0:42:24
2680,1,254.7844543457031,36.63,1,0,0.87,0:42:57
2681,1,86.84709167480469,36.63,1,0,0.87,0:43:25
2682,1,270.910888671875,36.63,1,0,0.87,0:43:11
2683,1,171.1222991943359,36.63,1,0,0.87,0:42:49
2684,2,197.91021728515616,36.63,1,0,0.87,0:42:33
2685,1,291.1369323730469,36.63,1,0,0.87,0:42:56
2686,1,49.35443496704102,36.63,1,0,0.87,0:42:45
2687,1,122.5372314453125,36.63,1,0,0.87,0:41:59
2688,1,13.445884704589838,36.63,0,1,0.87,0:38:52
2689,1,236.7088165283203,36.63,1,0,0.87,0:41:00
2690,1,190.1064758300781,36.63,1,0,0.87,0:43:02
2691,1,1323.43017578125,36.63,1,0,0.87,0:41:11
2692,1,8.194785118103027,36.63,1,0,0.87,0:41:52
2693,1,7.63557243347168,36.63,1,0,0.87,0:43:35
2694,1,5.020810604095459,36.63,1,0,0.87,0:40:38
2695,1,52.08999252319336,36.63,0,1,0.87,0:39:07
2696,1,16.84739112854004,36.63,1,0,0.87,0:43:21
2697,1,93.58145141601562,36.63,1,0,0.87,0:42:41
2698,1,10.44776248931885,36.63,1,0,0.87,0:38:29
2699,1,398.2716369628906,36.63,1,0,0.87,0:42:52
2700,1,213.9208221435547,36.63,1,0,0.87,0:41:38
2701,1,79.19601440429688,36.63,1,0,0.87,0:42:28
2702,1,101.3185882568359,36.63,1,0,0.87,0:43:34
2703,1,233.2363739013672,36.63,1,0,0.87,0:42:00
2704,1,356.2357482910156,36.63,1,0,0.87,0:43:07
2705,1,259.998291015625,36.63,1,0,0.87,0:42:11
2706,1,336.294921875,36.63,1,0,0.87,0:42:31
2707,1,131.0602111816406,36.63,1,0,0.87,0:44:18
2708,1,101.0947265625,36.63,1,0,0.87,0:42:47
2709,1,69.55393981933594,36.63,1,0,0.87,0:42:18
2710,1,22.17125129699707,36.63,1,0,0.87,0:41:21
2711,1,263.49282836914057,36.63,1,0,0.87,0:42:23
2712,1,181.5143737792969,36.63,1,0,0.87,0:42:57
2713,1,233.2363739013672,36.63,1,0,0.87,0:42:12
2714,1,6.444761276245117,36.63,1,0,0.87,0:41:21
2715,1,18.05331420898438,36.63,1,0,0.87,0:43:40
2716,1,249.9987335205078,36.63,0,1,0.87,0:43:31
2717,1,237.6291656494141,36.63,1,0,0.87,0:42:31
2718,1,268.927001953125,36.63,1,0,0.87,0:43:18
2719,1,71.8073501586914,36.63,1,0,0.87,0:42:38
2720,1,20.15006828308105,36.63,1,0,0.87,0:41:53
2721,1,266.2826538085938,36.63,1,0,0.87,0:42:50
2722,1,31.52193450927734,36.63,1,0,0.87,0:42:28
2723,1,1518.96630859375,36.63,1,0,0.87,0:42:03
2724,1,140.58866882324222,36.63,1,0,0.87,0:40:36
2725,1,1460.8671875,36.63,1,0,0.87,0:41:51
2726,1,10.44183731079102,36.63,1,0,0.87,0:40:59
2727,1,41.28313827514648,36.63,1,0,0.87,0:40:55
2728,1,91.7226791381836,36.63,1,0,0.87,0:42:09
2729,1,237.6291656494141,36.63,1,0,0.87,0:41:48
2730,1,1.7231634855270392,36.63,1,0,0.87,0:41:21
2731,1,237.6291656494141,36.63,1,0,0.87,0:41:48
2732,1,181.5143737792969,36.63,1,0,0.87,0:42:25
2733,1,5.767207145690918,36.63,1,0,0.87,0:43:09
2734,1,57.82163619995117,36.63,1,0,0.87,0:41:02
2735,1,16.83182334899902,36.63,1,0,0.87,0:41:46
2736,1,233.2363739013672,36.63,1,0,0.87,0:42:40
2737,1,259.998291015625,36.63,1,0,0.87,0:40:24
2738,1,10.44776248931885,36.63,1,0,0.87,0:44:13
2739,1,298.6752014160156,36.63,1,0,0.87,0:43:10
2740,1,38.78234481811523,36.63,1,0,0.87,0:42:30
2741,1,15.224977493286133,36.63,0,1,0.87,0:43:21
2742,1,1976.76318359375,36.63,1,0,0.87,0:41:04
2743,1,215.4762725830078,36.63,1,0,0.87,0:41:53
2744,1,10.44183731079102,36.63,1,0,0.87,0:41:34
2745,1,100.3342132568359,36.63,1,0,0.87,0:42:39
2746,1,243.8819274902344,36.63,1,0,0.87,0:42:03
2747,3,7.616072177886963,36.63,1,0,0.87,0:39:35
2748,1,113.38473510742192,36.63,1,0,0.87,0:42:08
2749,1,137.57452392578122,36.63,1,0,0.87,0:39:13
2750,2,121.23541259765621,36.63,1,0,0.87,0:40:47
2751,1,298.6752014160156,36.63,1,0,0.87,0:43:24
2752,1,302.06640625,36.63,1,0,0.87,0:41:56
2753,1,56.084815979003906,36.63,1,0,0.87,0:42:28
2754,1,0.1000000014901161,36.63,0,1,0.87,0:42:22
2755,1,8.194785118103027,36.63,1,0,0.87,0:42:55
2756,1,149.1394653320312,36.63,1,0,0.87,0:42:57
2757,1,283.7360534667969,36.63,1,0,0.87,0:40:28
2758,1,406.1163024902344,36.63,1,0,0.87,0:42:49
2759,1,253.1743621826172,36.63,1,0,0.87,0:42:36
2760,1,202.67291259765616,36.63,1,0,0.87,0:40:28
2761,1,36.98998641967773,36.63,1,0,0.87,0:40:46
2762,1,260.29702758789057,36.63,1,0,0.87,0:42:08
2763,1,14.32654094696045,36.63,1,0,0.87,0:43:28
2764,1,211.3568267822266,36.63,1,0,0.87,0:41:26
2765,1,13.445884704589838,36.63,1,0,0.87,0:42:39
2766,1,154.5012359619141,36.63,1,0,0.87,0:41:35
2767,1,15.030237197875982,36.63,1,0,0.87,0:42:00
2768,1,2133.544677734375,36.63,1,0,0.87,0:44:09
2769,1,157.0261993408203,36.63,1,0,0.87,0:42:06
2770,1,18.05331420898438,36.63,1,0,0.87,0:41:06
2771,1,7.864529609680176,36.63,1,0,0.87,0:42:58
2772,1,49.35443496704102,36.63,1,0,0.87,0:39:13
2773,1,10.44776248931885,36.63,0,1,0.87,0:41:32
2774,1,1.7231634855270392,36.63,1,0,0.87,0:41:24
2775,1,149.1394653320312,36.63,1,0,0.87,0:42:56
2776,1,20.052143096923828,36.63,1,0,0.87,0:41:38
2777,1,140.9563293457031,36.63,1,0,0.87,0:42:57
2778,1,10.44183731079102,36.63,1,0,0.87,0:44:13
2779,1,199.2205810546875,36.63,1,0,0.87,0:39:21
2780,1,205.3728790283203,36.63,1,0,0.87,0:42:01
2781,1,28.50639724731445,36.63,1,0,0.87,0:41:59
2782,1,86.84709167480469,36.63,1,0,0.87,0:43:04
2783,1,10.44776248931885,36.63,0,1,0.87,0:42:25
2784,1,24.55533409118652,36.63,1,0,0.87,0:43:28
2785,1,149.1394653320312,36.63,1,0,0.87,0:42:16
2786,1,66.09320831298828,36.63,1,0,0.87,0:42:52
2787,1,27.3308277130127,36.63,1,0,0.87,0:41:34
2788,1,4.209059238433838,36.63,1,0,0.87,0:43:13
2789,1,137.57452392578122,36.63,1,0,0.87,0:41:57
2790,1,228.7381286621094,36.63,1,0,0.87,0:41:31
2791,1,9.004517555236816,36.63,1,0,0.87,0:41:51
2792,1,41.98091506958008,36.63,1,0,0.87,0:41:24
2793,1,69.51416778564453,36.63,1,0,0.87,0:42:36
2794,1,82.32041931152344,36.63,1,0,0.87,0:43:08
2795,1,10.44183731079102,36.63,1,0,0.87,0:42:18
2796,1,588.7814331054688,36.63,1,0,0.87,0:41:39
2797,1,2758.343505859375,36.63,1,0,0.87,0:42:09
2798,1,15.55781936645508,36.63,0,1,0.87,0:43:09
2799,1,181.5143737792969,36.63,1,0,0.87,0:42:38
2800,1,571.0994873046875,36.63,1,0,0.87,0:42:20
2801,1,8.94913387298584,36.63,1,0,0.87,0:42:22
2802,1,350.7449645996094,36.63,1,0,0.87,0:40:06
2803,1,614.4942016601562,36.63,1,0,0.87,0:40:01
2804,1,16.83182334899902,36.63,1,0,0.87,0:41:00
2805,1,301.8386535644531,36.63,0,1,0.87,0:43:06
2806,1,226.9605255126953,36.63,0,1,0.87,0:41:07
2807,1,14.32654094696045,36.63,1,0,0.87,0:41:31
2808,1,544.2213134765625,36.63,1,0,0.87,0:42:18
2809,1,421.3871459960938,36.63,1,0,0.87,0:43:32
2810,1,9.185050010681152,36.63,1,0,0.87,0:42:19
2811,1,194.7049560546875,36.63,1,0,0.87,0:43:20
2812,1,66.17022705078125,36.63,1,0,0.87,0:41:37
2813,1,198.6544494628906,36.63,1,0,0.87,0:43:04
2814,1,1596.6729736328118,36.63,1,0,0.87,0:38:23
2815,1,310.2465515136719,36.63,1,0,0.87,0:41:11
2816,1,17.34169960021973,36.63,1,0,0.87,0:41:55
2817,1,46.3457260131836,36.63,1,0,0.87,0:42:25
2818,1,105.6290054321289,36.63,1,0,0.87,0:42:51
2819,1,49.35443496704102,36.63,1,0,0.87,0:41:02
2820,1,95.77094268798828,36.63,1,0,0.87,0:43:12
2821,1,2229.72216796875,36.63,1,0,0.87,0:41:49
2822,1,136.83207702636722,36.63,1,0,0.87,0:39:18
2823,1,614.4942016601562,36.63,1,0,0.87,0:42:07
2824,1,397.3585205078125,36.63,1,0,0.87,0:42:22
2825,1,447.4283447265625,36.63,1,0,0.87,0:41:59
2826,1,31.80343246459961,36.63,1,0,0.87,0:40:44
2827,1,131.8458557128906,36.63,1,0,0.87,0:42:18
2828,1,208.8983154296875,36.63,1,0,0.87,0:40:59
2829,1,49.75151824951172,36.63,1,0,0.87,0:40:33
2830,1,178.32672119140616,36.63,1,0,0.87,0:42:46
2831,1,11.932579040527338,36.63,1,0,0.87,0:38:47
2832,1,157.4949645996094,36.63,1,0,0.87,0:42:55
2833,3,23.1700439453125,36.63,1,0,0.87,0:41:16
2834,1,1.7231634855270392,36.63,1,0,0.87,0:43:35
2835,1,191.9058990478516,36.63,1,0,0.87,0:42:20
2836,1,140.9563293457031,36.63,1,0,0.87,0:42:31
2837,1,256.92111206054693,36.63,1,0,0.87,0:42:23
2838,1,205.6886901855469,36.63,1,0,0.87,0:42:57
2839,1,229.41131591796884,36.63,1,0,0.87,0:42:55
2840,1,19.78066635131836,36.63,0,1,0.87,0:40:58
2841,1,95.42633819580078,36.63,1,0,0.87,0:43:35
2842,1,122.6507949829102,36.63,0,1,0.87,0:41:57
2843,1,350.7449645996094,36.63,1,0,0.87,0:41:56
2844,1,259.998291015625,36.63,1,0,0.87,0:42:40
2845,1,226.5792541503906,36.63,0,1,0.87,0:40:40
2846,1,16.00102424621582,36.63,1,0,0.87,0:41:46
2847,1,71.8073501586914,36.63,1,0,0.87,0:41:50
2848,1,15.55781936645508,36.63,1,0,0.87,0:41:37
2849,1,181.5143737792969,36.63,1,0,0.87,0:41:58
2850,1,1831.0819091796882,36.63,1,0,0.87,0:42:51
2851,1,408.3877258300781,36.63,1,0,0.87,0:40:09
2852,1,282.704345703125,36.63,1,0,0.87,0:43:04
2853,1,22.53576469421387,36.63,1,0,0.87,0:41:38
2854,1,94.3494644165039,36.63,1,0,0.87,0:41:43
2855,1,226.4985656738281,36.63,1,0,0.87,0:42:36
2856,1,15.224977493286133,36.63,1,0,0.87,0:43:11
2857,1,16.83182334899902,36.63,1,0,0.87,0:44:21
2858,1,5.675545692443848,36.63,1,0,0.87,0:41:30
2859,1,7.150104522705077,36.63,1,0,0.87,0:42:04
2860,1,516.6248779296875,36.63,1,0,0.87,0:41:29
2861,1,379.9311218261719,36.63,1,0,0.87,0:42:37
2862,1,151.7768249511719,36.63,1,0,0.87,0:42:16
2863,1,103.51793670654301,36.63,1,0,0.87,0:41:26
2864,1,7.965522289276122,36.63,1,0,0.87,0:43:06
2865,1,37.9741325378418,36.63,1,0,0.87,0:42:41
2866,1,1046.732788085938,36.63,1,0,0.87,0:42:21
2867,1,159.2595977783203,36.63,1,0,0.87,0:42:21
2868,1,259.998291015625,36.63,1,0,0.87,0:41:49
2869,1,140.9563293457031,36.63,1,0,0.87,0:43:01
2870,1,158.6006774902344,36.63,1,0,0.87,0:41:54
2871,1,109.5502395629883,36.63,1,0,0.87,0:38:47
2872,1,199.6450042724609,36.63,1,0,0.87,0:41:53
2873,1,413.7853393554688,36.63,1,0,0.87,0:42:05
2874,1,57.82163619995117,36.63,1,0,0.87,0:42:38
2875,1,263.1090087890625,36.63,1,0,0.87,0:42:20
2876,1,15.55781936645508,36.63,1,0,0.87,0:42:21
2877,2,259.998291015625,36.63,1,0,0.87,0:41:38
2878,1,197.41845703125,36.63,1,0,0.87,0:40:59
2879,1,2229.72216796875,36.63,1,0,0.87,0:40:50
2880,1,91.7226791381836,36.63,1,0,0.87,0:41:57
2881,1,37.89982604980469,36.63,1,0,0.87,0:41:56
2882,1,18.05331420898438,36.63,1,0,0.87,0:41:54
2883,1,25.96640586853027,36.63,0,1,0.87,0:41:57
2884,1,224.96783447265616,36.63,1,0,0.87,0:41:21
2885,1,16.84739112854004,36.63,1,0,0.87,0:43:21
2886,1,3.1729369163513184,36.63,1,0,0.87,0:41:56
2887,1,6.285539150238037,36.63,1,0,0.87,0:42:31
2888,1,263.49282836914057,36.63,1,0,0.87,0:42:17
2889,1,138.2874450683594,36.63,1,0,0.87,0:42:59
2890,2,184.1705627441406,36.63,1,0,0.87,0:42:35
2891,1,699.5533447265625,36.63,1,0,0.87,0:42:34
2892,1,149.1394653320312,36.63,1,0,0.87,0:43:22
2893,1,10.44776248931885,36.63,1,0,0.87,0:41:13
2894,1,13.445884704589838,36.63,1,0,0.87,0:43:42
2895,1,3.8890023231506343,36.63,1,0,0.87,0:42:04
2896,1,153.4354248046875,36.63,1,0,0.87,0:41:49
2897,1,260.84353637695307,36.63,1,0,0.87,0:42:30
2898,1,330.2688598632812,36.63,1,0,0.87,0:41:58
2899,1,5.020810604095459,36.63,1,0,0.87,0:41:35
2900,1,1157.134887695312,36.63,1,0,0.87,0:40:25
2901,1,10.44183731079102,36.63,1,0,0.87,0:42:13
2902,1,184.2229766845703,36.63,1,0,0.87,0:43:27
2903,1,331.5245056152344,36.63,1,0,0.87,0:42:25
2904,1,30.50012588500977,36.63,1,0,0.87,0:42:11
2905,1,408.8565673828125,36.63,1,0,0.87,0:40:49
2906,1,297.332763671875,36.63,1,0,0.87,0:42:21
2907,1,158.5786590576172,36.63,1,0,0.87,0:43:26
2908,1,259.998291015625,36.63,1,0,0.87,0:41:55
2909,1,32.241134643554695,36.63,1,0,0.87,0:39:44
2910,1,374.1132507324219,36.63,0,1,0.87,0:42:24
2911,1,31.52193450927734,36.63,1,0,0.87,0:40:19
2912,1,28.003864288330078,36.63,1,0,0.87,0:40:46
2913,1,225.5588531494141,36.63,1,0,0.87,0:41:44
2914,1,16.83182334899902,36.63,1,0,0.87,0:42:16
2915,1,18.05331420898438,36.63,1,0,0.87,0:44:46
2916,1,231.64434814453116,36.63,1,0,0.87,0:42:19
2917,1,1976.76318359375,36.63,1,0,0.87,0:41:45
2918,1,767.4879150390625,36.63,1,0,0.87,0:41:58
2919,1,321.1102600097656,36.63,1,0,0.87,0:41:53
2920,1,614.4942016601562,36.63,0,1,0.87,0:42:06
2921,1,341.4302673339844,36.63,1,0,0.87,0:42:21
2922,1,291.1369323730469,36.63,1,0,0.87,0:43:28
2923,1,220.7496185302734,36.63,1,0,0.87,0:41:28
2924,1,16.66305160522461,36.63,0,1,0.87,0:43:20
2925,1,11.360401153564448,36.63,1,0,0.87,0:43:14
2926,1,121.78992462158199,36.63,1,0,0.87,0:39:33
2927,1,51.755409240722656,36.63,1,0,0.87,0:42:23
2928,1,181.5143737792969,36.63,1,0,0.87,0:43:28
2929,1,399.9556579589844,36.63,1,0,0.87,0:42:57
2930,1,198.6544494628906,36.63,1,0,0.87,0:42:17
2931,1,17.05924987792969,36.63,0,1,0.87,0:41:55
2932,1,204.6719512939453,36.63,1,0,0.87,0:42:31
2933,1,183.2224578857422,36.63,1,0,0.87,0:41:45
2934,1,251.0852508544922,36.63,1,0,0.87,0:40:17
2935,1,351.5207824707031,36.63,1,0,0.87,0:40:36
2936,1,22.12597465515137,36.63,1,0,0.87,0:43:29
2937,1,1046.732788085938,36.63,1,0,0.87,0:41:02
2938,1,189.5145568847656,36.63,1,0,0.87,0:40:37
2939,1,21.0,36.63,1,0,0.87,0:52:59
2940,1,207.3327484130859,36.63,1,0,0.87,0:40:49
2941,1,64.28103637695311,36.63,1,0,0.87,0:42:10
2942,1,47.37548446655273,36.63,1,0,0.87,0:40:53
2943,1,1976.76318359375,36.63,1,0,0.87,0:41:22
2944,1,32.77705764770508,36.63,1,0,0.87,0:42:11
2945,1,10.44776248931885,36.63,1,0,0.87,0:35:51
2946,1,10.44183731079102,36.63,1,0,0.87,0:41:25
2947,1,2456.488037109375,36.63,0,1,0.87,0:42:59
2948,1,51.9849967956543,36.63,1,0,0.87,0:42:00
2949,1,16.84739112854004,36.63,1,0,0.87,0:43:31
2950,1,1509.999267578125,36.63,1,0,0.87,0:39:23
2951,1,218.5335693359375,36.63,1,0,0.87,0:42:19
2952,1,140.6603088378906,36.63,1,0,0.87,0:38:18
2953,1,286.9860229492188,36.63,1,0,0.87,0:42:14
2954,1,151.7768249511719,36.63,1,0,0.87,0:40:46
2955,1,55.22239303588867,36.63,1,0,0.87,0:41:34
2956,1,292.6947631835938,36.63,1,0,0.87,0:42:38
2957,1,77.97574615478516,36.63,1,0,0.87,0:43:13
2958,1,120.9079360961914,36.63,0,1,0.87,0:43:26
2959,1,301.1059265136719,36.63,0,1,0.87,0:42:20
2960,1,614.4942016601562,36.63,1,0,0.87,0:41:26
2961,1,183.6633758544922,36.63,1,0,0.87,0:41:56
2962,1,173.3882141113281,36.63,0,1,0.87,0:40:57
2963,1,8.338591575622559,36.63,1,0,0.87,0:40:59
2964,1,15.4834680557251,36.63,1,0,0.87,0:40:52
2965,1,50.04737091064453,36.63,1,0,0.87,0:41:46
2966,1,15.79345035552979,36.63,1,0,0.87,0:40:09
2967,1,232.5149993896484,36.63,1,0,0.87,0:41:32
2968,1,118.26126098632808,36.63,0,1,0.87,0:43:00
2969,1,258.96517944335943,36.63,1,0,0.87,0:42:29
2970,1,31.52193450927734,36.63,1,0,0.87,0:41:30
2971,1,285.3211059570312,36.63,1,0,0.87,0:42:56
2972,1,328.505859375,36.63,0,1,0.87,0:42:24
2973,1,316.3588562011719,36.63,1,0,0.87,0:41:42
2974,1,56.084815979003906,36.63,1,0,0.87,0:41:58
2975,1,291.1369323730469,36.63,1,0,0.87,0:41:26
2976,1,113.2635650634766,36.63,1,0,0.87,0:42:36
2977,1,194.7049560546875,36.63,1,0,0.87,0:42:44
2978,1,12.32128620147705,36.63,0,1,0.87,0:40:53
2979,1,104.6115951538086,36.63,1,0,0.87,0:40:29
2980,1,127.01202392578121,36.63,1,0,0.87,0:45:22
2981,1,6.952293395996094,36.63,1,0,0.87,0:40:52
2982,1,115.60287475585942,36.63,1,0,0.87,0:44:02
2983,1,527.0923461914061,36.63,1,0,0.87,0:41:35
2984,1,666.8341674804688,36.63,0,1,0.87,0:43:20
2985,1,129.6224670410156,36.63,1,0,0.87,0:43:12
2986,1,12.58986759185791,36.63,0,1,0.87,0:42:30
2987,1,1623.9774169921882,36.63,1,0,0.87,0:42:46
2988,1,293.0,36.63,1,0,0.87,0:41:48
2989,1,291.1369323730469,36.63,1,0,0.87,0:43:39
2990,1,259.998291015625,36.63,1,0,0.87,0:42:22
2991,1,120.9079360961914,36.63,1,0,0.87,0:42:03
2992,1,181.5143737792969,36.63,1,0,0.87,0:42:57
2993,1,15.224977493286133,36.63,1,0,0.87,0:43:13
2994,1,182.7666320800781,36.63,1,0,0.87,0:42:14
2995,2,73.40917205810547,36.63,1,0,0.87,0:42:25
2996,1,514.8724365234375,36.63,1,0,0.87,0:42:17
2997,1,10.44183731079102,36.63,1,0,0.87,0:43:11
2998,1,277.51821899414057,36.63,1,0,0.87,0:40:42
2999,1,153.0057525634766,36.63,1,0,0.87,0:42:10
3000,1,19.23562431335449,36.63,1,0,0.87,0:43:09
3001,1,95.13848876953124,36.63,1,0,0.87,0:43:29
3002,1,35.90165328979492,36.63,1,0,0.87,0:43:08
3003,1,1755.077880859375,36.63,1,0,0.87,0:41:59
3004,1,56.084815979003906,36.63,1,0,0.87,0:42:21
3005,1,33.91964721679688,36.63,1,0,0.87,0:40:25
3006,1,0.3230879902839661,36.63,0,1,0.87,0:41:58
3007,1,37.53200912475586,36.63,1,0,0.87,0:42:37
3008,1,11.085031509399409,36.63,1,0,0.87,0:42:28
3009,1,18.05331420898438,36.63,1,0,0.87,0:40:43
3010,1,298.6752014160156,36.63,1,0,0.87,0:42:35
3011,1,262.5374755859375,36.63,1,0,0.87,0:39:00
3012,1,89.8837890625,36.63,1,0,0.87,0:42:39
3013,1,91.7226791381836,36.63,1,0,0.87,0:42:48
3014,1,263.39871215820307,36.63,1,0,0.87,0:43:07
3015,1,47.37548446655273,36.63,1,0,0.87,0:40:57
3016,1,22.24826240539551,36.63,1,0,0.87,0:42:44
3017,1,33.1964111328125,36.63,1,0,0.87,0:40:10
3018,1,259.998291015625,36.63,1,0,0.87,0:41:06
3019,1,596.0426025390625,36.63,1,0,0.87,0:43:22
3020,1,259.998291015625,36.63,1,0,0.87,0:40:53
3021,1,77.97574615478516,36.63,1,0,0.87,0:42:08
3022,1,6.029303550720215,36.63,1,0,0.87,0:41:24
3023,1,10.44776248931885,36.63,1,0,0.87,0:42:21
3024,1,24.55533409118652,36.63,1,0,0.87,0:42:24
3025,1,24.55533409118652,36.63,1,0,0.87,0:42:55
3026,1,64.35574340820311,36.63,1,0,0.87,0:41:36
3027,1,544.2213134765625,36.63,1,0,0.87,0:42:28
3028,1,335.0060424804688,36.63,1,0,0.87,0:42:07
3029,1,413.0821228027344,36.63,1,0,0.87,0:42:52
3030,1,205.3109893798828,36.63,0,1,0.87,0:42:47
3031,1,77.97574615478516,36.63,1,0,0.87,0:41:54
3032,1,248.38470458984384,36.63,1,0,0.87,0:42:24
3033,1,57.4091796875,36.63,1,0,0.87,0:41:36
3034,1,14.32654094696045,36.63,0,1,0.87,0:42:07
3035,3,232.5149993896484,36.63,1,0,0.87,0:41:53
3036,1,194.7049560546875,36.63,1,0,0.87,0:44:46
3037,1,10.44776248931885,36.63,1,0,0.87,0:42:16
3038,1,15.224977493286133,36.63,1,0,0.87,0:43:22
3039,1,207.9956359863281,36.63,1,0,0.87,0:43:04
3040,1,192.2165679931641,36.63,1,0,0.87,0:47:52
3041,1,303.4791564941406,36.63,1,0,0.87,0:41:07
3042,1,259.998291015625,36.63,1,0,0.87,0:41:53
3043,1,239.3311767578125,36.63,1,0,0.87,0:41:43
3044,1,127.01202392578121,36.63,1,0,0.87,0:43:23
3045,1,260.5658569335938,36.63,1,0,0.87,0:42:03
3046,1,199.8629608154297,36.63,1,0,0.87,0:43:12
3047,1,31.52193450927734,36.63,0,1,0.87,0:41:12
3048,1,636.262451171875,36.63,1,0,0.87,0:41:00
3049,1,213.8687438964844,36.63,1,0,0.87,0:42:17
3050,1,666.8341674804688,36.63,1,0,0.87,0:42:51
3051,1,45.1541862487793,36.63,1,0,0.87,0:39:58
3052,1,259.998291015625,36.63,1,0,0.87,0:44:06
3053,1,380.0,36.63,1,0,0.87,0:42:48
3054,2,47.58063888549805,36.63,1,0,0.87,0:43:05
3055,1,38.128883361816406,36.63,1,0,0.87,0:44:00
3056,1,276.82778930664057,36.63,1,0,0.87,0:43:19
3057,1,181.5143737792969,36.63,1,0,0.87,0:41:51
3058,1,232.5149993896484,36.63,1,0,0.87,0:42:30
3059,1,0.6114726066589355,36.63,1,0,0.87,0:42:42
3060,1,17.57425117492676,36.63,1,0,0.87,0:42:44
3061,1,2381.79736328125,36.63,1,0,0.87,0:42:06
3062,1,35.90165328979492,36.63,1,0,0.87,0:41:01
3063,1,24.22848892211914,36.63,1,0,0.87,0:41:02
3064,1,188.2588348388672,36.63,1,0,0.87,0:40:45
3065,1,290.4048156738281,36.63,1,0,0.87,0:42:43
3066,1,32.51519393920898,36.63,1,0,0.87,0:41:03
3067,1,10.44776248931885,36.63,1,0,0.87,0:44:26
3068,1,181.5143737792969,36.63,1,0,0.87,0:41:59
3069,1,12.58986759185791,36.63,1,0,0.87,0:42:31
3070,1,19.24552345275879,36.63,1,0,0.87,0:39:21
3071,1,30.4487247467041,36.63,1,0,0.87,0:42:48
3072,1,12.34099006652832,36.63,1,0,0.87,0:42:59
3073,1,254.7844543457031,36.63,0,1,0.87,0:43:21
3074,1,130.88081359863278,36.63,1,0,0.87,0:41:32
3075,1,1517.81298828125,36.63,0,1,0.87,0:42:27
3076,1,17.54564476013184,36.63,1,0,0.87,0:42:38
3077,1,10.44776248931885,36.63,1,0,0.87,0:41:48
3078,1,41.98091506958008,36.63,1,0,0.87,0:41:57
3079,1,4.641374111175537,36.63,1,0,0.87,0:43:15
3080,1,14.566981315612788,36.63,1,0,0.87,0:41:36
3081,1,77.44851684570312,36.63,1,0,0.87,0:42:49
3082,1,217.7077789306641,36.63,1,0,0.87,0:40:48
3083,1,104.1191558837891,36.63,1,0,0.87,0:42:57
3084,1,393.3740539550781,36.63,1,0,0.87,0:42:24
3085,1,91.7226791381836,36.63,1,0,0.87,0:41:59
3086,1,153.4354248046875,36.63,1,0,0.87,0:43:12
3087,1,10.44183731079102,36.63,1,0,0.87,0:43:14
3088,1,32.20459365844727,36.63,1,0,0.87,0:43:22
3089,1,10.96754741668701,36.63,1,0,0.87,0:43:11
3090,1,62.17602157592773,36.63,1,0,0.87,0:42:22
3091,1,31.2812614440918,36.63,1,0,0.87,0:39:52
3092,2,15.714406967163091,36.63,1,0,0.87,0:41:35
3093,1,614.4942016601562,36.63,1,0,0.87,0:42:02
3094,1,4.352334499359132,36.63,1,0,0.87,0:40:46
3095,1,16.5250129699707,36.63,1,0,0.87,0:40:18
3096,2,165.3308258056641,36.63,1,0,0.87,0:43:04
3097,1,316.2669372558594,36.63,1,0,0.87,0:40:34
3098,1,1046.732788085938,36.63,1,0,0.87,0:41:58
3099,1,24.55533409118652,36.63,1,0,0.87,0:42:25
3100,1,167.9832916259766,36.63,1,0,0.87,0:43:35
3101,1,20.66741943359375,36.63,1,0,0.87,0:42:17
3102,1,181.5143737792969,36.63,1,0,0.87,0:43:10
3103,1,60.01331329345703,36.63,1,0,0.87,0:41:57
3104,1,382.6460266113281,36.63,1,0,0.87,0:40:43
3105,1,11.05302143096924,36.63,1,0,0.87,0:42:34
3106,1,240.5286712646484,36.63,1,0,0.87,0:41:47
3107,1,653.6278686523438,36.63,1,0,0.87,0:43:30
3108,1,428.7605285644531,36.63,1,0,0.87,0:42:48
3109,1,3.1048374176025386,36.63,1,0,0.87,0:42:08
3110,1,4.579788208007812,36.63,1,0,0.87,0:43:00
3111,1,1009.5267944335941,36.63,1,0,0.87,0:42:24
3112,1,18.58514213562012,36.63,1,0,0.87,0:42:42
3113,1,1.5720475912094118,36.63,1,0,0.87,0:42:41
3114,1,260.406982421875,36.63,1,0,0.87,0:41:43
3115,1,614.4942016601562,36.63,1,0,0.87,0:42:11
3116,1,24.13339424133301,36.63,1,0,0.87,0:42:38
3117,1,7.965522289276122,36.63,1,0,0.87,0:42:27
3118,1,10.44776248931885,36.63,0,1,0.87,0:42:17
3119,1,107.4340057373047,36.63,1,0,0.87,0:41:56
3120,1,282.704345703125,36.63,1,0,0.87,0:41:35
3121,1,42.97978591918945,36.63,1,0,0.87,0:40:24
3122,1,236.6261138916016,36.63,1,0,0.87,0:42:06
3123,1,159.2595977783203,36.63,1,0,0.87,0:42:17
3124,1,152.9394073486328,36.63,1,0,0.87,0:42:39
3125,1,114.3625869750977,36.63,1,0,0.87,0:43:29
3126,1,77.97574615478516,36.63,1,0,0.87,0:44:00
3127,1,16.83182334899902,36.63,1,0,0.87,0:42:06
3128,1,15.55781936645508,36.63,1,0,0.87,0:41:47
3129,1,181.5143737792969,36.63,1,0,0.87,0:41:58
3130,1,79.19601440429688,36.63,1,0,0.87,0:37:47
3131,1,715.9334716796875,36.63,1,0,0.87,0:42:07
3132,1,676.4351806640625,36.63,0,1,0.87,0:43:33
3133,1,307.7281188964844,36.63,0,1,0.87,0:42:34
3134,1,196.8123321533203,36.63,0,1,0.87,0:42:17
3135,1,16.83182334899902,36.63,0,1,0.87,0:42:45
3136,1,2554.609619140625,36.63,1,0,0.87,0:41:14
3137,1,1310.919799804688,36.63,1,0,0.87,0:42:37
3138,1,614.4942016601562,36.63,1,0,0.87,0:43:57
3139,1,10.06689834594727,36.63,0,1,0.87,0:40:36
3140,1,152.9394073486328,36.63,1,0,0.87,0:43:03
3141,1,77.44851684570312,36.63,1,0,0.87,0:42:11
3142,1,263.49282836914057,36.63,1,0,0.87,0:42:16
3143,1,178.5460357666016,36.63,1,0,0.87,0:41:47
3144,1,121.8765487670898,36.63,1,0,0.87,0:41:33
3145,1,32.51520538330078,36.63,1,0,0.87,0:41:31
3146,1,181.5143737792969,36.63,1,0,0.87,0:43:10
3147,1,767.4879150390625,36.63,0,1,0.87,0:43:03
3148,1,56.084815979003906,36.63,1,0,0.87,0:42:14
3149,1,159.2595977783203,36.63,1,0,0.87,0:42:48
3150,1,14.32654094696045,36.63,1,0,0.87,0:40:57
3151,1,278.0640869140625,36.63,1,0,0.87,0:42:26
3152,1,137.68119812011722,36.63,1,0,0.87,0:41:50
3153,1,16.698308944702152,36.63,1,0,0.87,0:43:51
3154,1,39.21760559082031,36.63,1,0,0.87,0:42:40
3155,1,1976.76318359375,36.63,1,0,0.87,0:41:40
3156,1,11.86605930328369,36.63,0,1,0.87,0:43:20
3157,1,232.9170684814453,36.63,1,0,0.87,0:38:53
3158,1,19.54772758483887,36.63,1,0,0.87,0:40:40
3159,1,219.4850006103516,36.63,1,0,0.87,0:41:50
3160,1,91.7226791381836,36.63,1,0,0.87,0:42:25
3161,1,715.9334716796875,36.63,1,0,0.87,0:42:47
3162,1,149.1394653320312,36.63,1,0,0.87,0:42:45
3163,1,1325.179443359375,36.63,1,0,0.87,0:42:41
3164,1,292.8274841308594,36.63,1,0,0.87,0:43:13
3165,1,67.44759368896484,36.63,1,0,0.87,0:43:20
3166,1,170.2723541259766,36.63,1,0,0.87,0:39:57
3167,1,24.25622749328613,36.63,1,0,0.87,0:38:51
3168,2,222.7997283935547,36.63,1,0,0.87,0:42:28
3169,1,218.9133148193359,36.63,1,0,0.87,0:43:37
3170,1,232.4137268066406,36.63,1,0,0.87,0:41:38
3171,1,252.96630859375,36.63,1,0,0.87,0:42:33
3172,1,290.9824829101562,36.63,1,0,0.87,0:42:56
3173,1,35.65705490112305,36.63,0,1,0.87,0:41:59
3174,1,12.95450210571289,36.63,1,0,0.87,0:41:21
3175,1,226.3425140380859,36.63,1,0,0.87,0:41:37
3176,1,15.81486129760742,36.63,1,0,0.87,0:42:42
3177,1,21.53010749816895,36.63,1,0,0.87,0:43:12
3178,1,159.9830627441406,36.63,1,0,0.87,0:42:56
3179,1,105.6290054321289,36.63,0,1,0.87,0:41:48
3180,1,56.084815979003906,36.63,1,0,0.87,0:43:00
3181,1,19.24552345275879,36.63,1,0,0.87,0:42:16
3182,1,31.71040916442871,36.63,0,1,0.87,0:41:21
3183,1,155.1304626464844,36.63,1,0,0.87,0:41:56
3184,1,408.8565673828125,36.63,1,0,0.87,0:42:44
3185,1,47.77758407592773,36.63,1,0,0.87,0:42:26
3186,1,123.3999710083008,36.63,1,0,0.87,0:42:13
3187,1,282.0519104003906,36.63,1,0,0.87,0:43:13
3188,1,18.92317199707031,36.63,1,0,0.87,0:41:46
3189,1,208.05804443359384,36.63,1,0,0.87,0:42:27
3190,1,4.641374111175537,36.63,0,1,0.87,0:43:02
3191,1,25.25222396850586,36.63,1,0,0.87,0:40:25
3192,1,128.32891845703122,36.63,1,0,0.87,0:42:26
3193,1,95.78414916992188,36.63,1,0,0.87,0:42:03
3194,1,149.1394653320312,36.63,1,0,0.87,0:44:11
3195,1,5.619198799133301,36.63,1,0,0.87,0:43:28
3196,1,975.9893798828124,36.63,1,0,0.87,0:42:39
3197,1,51.94340515136719,36.63,1,0,0.87,0:41:34
3198,1,75.07860565185547,36.63,1,0,0.87,0:41:21
3199,1,4.641374111175537,36.63,1,0,0.87,0:40:33
3200,1,10.44183731079102,36.63,1,0,0.87,0:43:24
3201,1,153.6767120361328,36.63,1,0,0.87,0:42:32
3202,1,2299.197509765625,36.63,1,0,0.87,0:42:19
3203,1,254.7844543457031,36.63,1,0,0.87,0:42:10
3204,1,331.5245056152344,36.63,1,0,0.87,0:42:47
3205,1,77.44851684570312,36.63,1,0,0.87,0:43:18
3206,1,232.5149993896484,36.63,1,0,0.87,0:42:42
3207,1,259.998291015625,36.63,1,0,0.87,0:42:27
3208,1,181.5143737792969,36.63,1,0,0.87,0:41:48
3209,1,9.664861679077148,36.63,1,0,0.87,0:41:54
3210,1,235.7945709228516,36.63,0,1,0.87,0:43:22
3211,1,222.7997283935547,36.63,1,0,0.87,0:42:39
3212,1,21.00292205810547,36.63,1,0,0.87,0:41:57
3213,2,86.84709167480469,36.63,1,0,0.87,0:41:42
3214,1,16.84739112854004,36.63,1,0,0.87,0:42:46
3215,1,14.32654094696045,36.63,1,0,0.87,0:42:58
3216,1,2229.72216796875,36.63,1,0,0.87,0:42:32
3217,1,57.21894454956055,36.63,1,0,0.87,0:43:09
3218,1,32.20459365844727,36.63,1,0,0.87,0:40:24
3219,1,499.9349060058594,36.63,1,0,0.87,0:44:04
3220,1,840.6236572265625,36.63,1,0,0.87,0:41:25
3221,1,252.96630859375,36.63,1,0,0.87,0:42:36
3222,1,25.44406318664551,36.63,1,0,0.87,0:42:07
3223,1,2229.72216796875,36.63,1,0,0.87,0:42:04
3224,1,13.315147399902338,36.63,0,1,0.87,0:43:06
3225,1,16.5250129699707,36.63,1,0,0.87,0:41:56
3226,1,1596.6729736328118,36.63,1,0,0.87,0:42:09
3227,1,372.1288757324219,36.63,1,0,0.87,0:43:06
3228,1,301.8386535644531,36.63,1,0,0.87,0:43:12
3229,1,56.084815979003906,36.63,1,0,0.87,0:43:35
3230,1,7.048227787017822,36.63,1,0,0.87,0:43:12
3231,1,77.97574615478516,36.63,1,0,0.87,0:42:33
3232,1,321.9679870605469,36.63,1,0,0.87,0:42:22
3233,1,254.7844543457031,36.63,0,1,0.87,0:42:53
3234,1,15.224977493286133,36.63,1,0,0.87,0:42:21
3235,1,290.667724609375,36.63,1,0,0.87,0:44:54
3236,1,98.38727569580078,36.63,1,0,0.87,0:43:01
3237,1,183.04083251953116,36.63,1,0,0.87,0:41:11
3238,1,349.7747192382812,36.63,1,0,0.87,0:44:29
3239,1,8.98973274230957,36.63,1,0,0.87,0:41:46
3240,1,123.7852401733398,36.63,1,0,0.87,0:43:16
3241,1,65.50262451171875,36.63,1,0,0.87,0:42:45
3242,1,161.7024841308594,36.63,1,0,0.87,0:42:18
3243,1,266.2826538085938,36.63,1,0,0.87,0:38:17
3244,1,9.161127090454102,36.63,1,0,0.87,0:42:14
3245,1,51.94340515136719,36.63,1,0,0.87,0:42:05
3246,1,321.9679870605469,36.63,1,0,0.87,0:42:16
3247,1,35.90165328979492,36.63,1,0,0.87,0:43:51
3248,1,217.0154266357422,36.63,1,0,0.87,0:43:03
3249,1,146.087158203125,36.63,1,0,0.87,0:42:30
3250,1,14.566981315612788,36.63,1,0,0.87,0:42:06
3251,1,10.44776248931885,36.63,1,0,0.87,0:43:18
3252,1,7.309962749481201,36.63,1,0,0.87,0:42:27
3253,1,157.0261993408203,36.63,1,0,0.87,0:42:33
3254,1,14.32654094696045,36.63,1,0,0.87,0:42:30
3255,1,74.27950286865234,36.63,1,0,0.87,0:41:48
3256,1,242.8510589599609,36.63,1,0,0.87,0:43:35
3257,1,15.55781936645508,36.63,1,0,0.87,0:41:58
3258,1,91.7226791381836,36.63,1,0,0.87,0:42:51
3259,1,222.7997283935547,36.63,0,1,0.87,0:41:38
3260,1,231.64434814453116,36.63,0,1,0.87,0:41:50
3261,1,77.97574615478516,36.63,1,0,0.87,0:44:34
3262,1,7.965522289276122,36.63,1,0,0.87,0:43:17
3263,1,253.5734710693359,36.63,1,0,0.87,0:42:34
3264,1,666.8341674804688,36.63,1,0,0.87,0:42:33
3265,1,77.97574615478516,36.63,1,0,0.87,0:42:49
3266,1,232.5149993896484,36.63,1,0,0.87,0:43:43
3267,1,159.9830627441406,36.63,1,0,0.87,0:42:56
3268,1,12.58986759185791,36.63,1,0,0.87,0:42:47
3269,1,408.3877258300781,36.63,1,0,0.87,0:39:38
3270,1,7.242066860198975,36.63,1,0,0.87,0:42:09
3271,1,318.0594787597656,36.63,1,0,0.87,0:42:39
3272,1,233.6640472412109,36.63,1,0,0.87,0:42:02
3273,1,159.9830627441406,36.63,1,0,0.87,0:42:55
3274,1,20.64476203918457,36.63,1,0,0.87,0:41:19
3275,1,315.6446228027344,36.63,1,0,0.87,0:44:19
3276,1,3.8890023231506343,36.63,1,0,0.87,0:43:53
3277,1,3.8890023231506343,36.63,1,0,0.87,0:43:53
3278,1,331.5245056152344,36.63,1,0,0.87,0:38:00
3279,1,16.84739112854004,36.63,1,0,0.87,0:43:24
3280,1,15.029300689697273,36.63,1,0,0.87,0:42:30
3281,1,68.85420227050781,36.63,1,0,0.87,0:42:19
3282,1,14.32654094696045,36.63,1,0,0.87,0:42:17
3283,1,64.93417358398439,36.63,1,0,0.87,0:42:08
3284,1,301.5379333496094,36.63,1,0,0.87,0:43:09
3285,1,13.445884704589838,36.63,1,0,0.87,0:43:26
3286,1,186.81561279296884,36.63,1,0,0.87,0:42:50
3287,1,14.566981315612788,36.63,1,0,0.87,0:39:58
3288,1,320.4460144042969,36.63,1,0,0.87,0:41:57
3289,1,266.2826538085938,36.63,1,0,0.87,0:40:24
3290,1,41.98091506958008,36.63,1,0,0.87,0:41:28
3291,1,252.96630859375,36.63,1,0,0.87,0:43:28
3292,1,316.2669372558594,36.63,1,0,0.87,0:37:21
3293,1,369.6962890625,36.63,1,0,0.87,0:42:24
3294,1,15.224977493286133,36.63,0,1,0.87,0:43:21
3295,1,9.335716247558594,36.63,1,0,0.87,0:43:39
3296,1,8.212539672851562,36.63,1,0,0.87,0:43:39
3297,1,320.0387878417969,36.63,1,0,0.87,0:42:32
3298,1,10.44183731079102,36.63,1,0,0.87,0:43:40
3299,1,11.57025718688965,36.63,1,0,0.87,0:42:42
3300,2,405.1419982910156,36.63,1,0,0.87,0:39:19
3301,1,27.562824249267575,36.63,1,0,0.87,0:39:34
3302,1,149.1394653320312,36.63,1,0,0.87,0:42:38
3303,1,93.20311737060548,36.63,1,0,0.87,0:43:28
3304,1,724.8308715820312,36.63,0,1,0.87,0:40:14
3305,1,298.6752014160156,36.63,1,0,0.87,0:41:24
3306,1,21.21549415588379,36.63,1,0,0.87,0:43:22
3307,1,614.4942016601562,36.63,0,1,0.87,0:43:25
3308,1,120.9079360961914,36.63,0,1,0.87,0:44:30
3309,1,9.335716247558594,36.63,1,0,0.87,0:39:20
3310,1,331.5245056152344,36.63,1,0,0.87,0:42:49
3311,1,32.16836166381836,36.63,1,0,0.87,0:44:04
3312,1,152.9394073486328,36.63,1,0,0.87,0:43:28
3313,1,255.9438323974609,36.63,1,0,0.87,0:37:59
3314,1,16.83182334899902,36.63,1,0,0.87,0:37:55
3315,1,16.84739112854004,36.63,1,0,0.87,0:44:25
3316,1,13.027480125427251,36.63,1,0,0.87,0:43:10
3317,1,36.52098846435547,36.63,1,0,0.87,0:41:36
3318,1,77.97574615478516,36.63,1,0,0.87,0:41:21
3319,1,1186.648193359375,36.63,1,0,0.87,0:41:35
3320,1,428.7605285644531,36.63,1,0,0.87,0:41:40
3321,1,47.58063888549805,36.63,1,0,0.87,0:43:45
3322,1,10.58681583404541,36.63,1,0,0.87,0:42:43
3323,1,77.97574615478516,36.63,1,0,0.87,0:42:00
3324,1,91.7226791381836,36.63,1,0,0.87,0:42:34
3325,1,1816.216796875,36.63,1,0,0.87,0:41:27
3326,1,10.44183731079102,36.63,1,0,0.87,0:43:38
3327,1,217.5452423095703,36.63,0,1,0.87,0:41:44
3328,1,15.55781936645508,36.63,1,0,0.87,0:42:21
3329,1,31.52193450927734,36.63,0,1,0.87,0:44:16
3330,1,186.2136383056641,36.63,1,0,0.87,0:42:46
3331,1,366.0434265136719,36.63,1,0,0.87,0:41:48
3332,1,1185.627197265625,36.63,1,0,0.87,0:43:30
3333,1,1.9516090154647836,36.63,1,0,0.87,0:42:27
3334,1,5.969511985778809,36.63,0,1,0.87,0:42:34
3335,1,1831.0819091796882,36.63,0,1,0.87,0:41:34
3336,1,366.0434265136719,36.63,1,0,0.87,0:43:23
3337,1,159.2595977783203,36.63,1,0,0.87,0:41:17
3338,1,56.084815979003906,36.63,1,0,0.87,0:43:29
3339,1,380.0,36.63,1,0,0.87,0:44:59
3340,1,10.44183731079102,36.63,1,0,0.87,0:42:35
3341,1,117.2898101806641,36.63,1,0,0.87,0:43:11
3342,1,86.84709167480469,36.63,1,0,0.87,0:40:18
3343,1,0.6114726066589355,36.63,1,0,0.87,0:41:39
3344,1,271.45523071289057,36.63,1,0,0.87,0:41:15
3345,1,665.229248046875,36.63,1,0,0.87,0:43:21
3346,1,50.26950454711914,36.63,1,0,0.87,0:41:25
3347,1,77.97574615478516,36.63,1,0,0.87,0:42:28
3348,1,99.92736053466795,36.63,1,0,0.87,0:42:41
3349,1,4.209059238433838,36.63,1,0,0.87,0:42:41
3350,1,110.83322143554692,36.63,1,0,0.87,0:40:12
3351,1,32.74137115478516,36.63,1,0,0.87,0:43:31
3352,1,1.7231634855270392,36.63,1,0,0.87,0:41:38
3353,1,316.6901245117188,36.63,1,0,0.87,0:42:10
3354,1,36.52098846435547,36.63,1,0,0.87,0:42:52
3355,1,263.49282836914057,36.63,1,0,0.87,0:42:03
3356,1,20.64476203918457,36.63,1,0,0.87,0:42:46
3357,1,1993.0521240234384,36.63,0,1,0.87,0:42:53
3358,1,427.3978576660156,36.63,1,0,0.87,0:41:06
3359,1,21.97243499755859,36.63,1,0,0.87,0:42:38
3360,1,128.6095886230469,36.63,1,0,0.87,0:42:01
3361,1,158.8190002441406,36.63,1,0,0.87,0:40:32
3362,1,374.1132507324219,36.63,0,1,0.87,0:42:26
3363,1,666.8341674804688,36.63,1,0,0.87,0:41:30
3364,1,196.8123321533203,36.63,1,0,0.87,0:42:27
3365,1,259.998291015625,36.63,1,0,0.87,0:43:07
3366,1,670.1943359375,36.63,0,1,0.87,0:42:05
3367,1,16.38112831115723,36.63,1,0,0.87,0:44:13
3368,1,51.94340515136719,36.63,1,0,0.87,0:41:57
3369,1,47.86614990234375,36.63,1,0,0.87,0:42:54
3370,1,141.2901458740234,36.63,1,0,0.87,0:43:39
3371,1,233.6640472412109,36.63,1,0,0.87,0:41:14
3372,1,24.55533409118652,36.63,1,0,0.87,0:42:27
3373,1,225.7191925048828,36.63,1,0,0.87,0:41:58
3374,1,187.2318572998047,36.63,1,0,0.87,0:42:48
3375,1,342.2857666015625,36.63,1,0,0.87,0:42:45
3376,1,2.335977554321289,36.63,1,0,0.87,0:45:44
3377,1,248.2649841308594,36.63,1,0,0.87,0:43:37
3378,1,120.9079360961914,36.63,0,1,0.87,0:42:10
3379,1,96.83551788330078,36.63,1,0,0.87,0:40:13
3380,1,192.7410583496094,36.63,1,0,0.87,0:43:32
3381,1,142.3699798583984,36.63,1,0,0.87,0:43:53
3382,1,2554.609619140625,36.63,1,0,0.87,0:42:51
3383,1,10.44183731079102,36.63,1,0,0.87,0:40:40
3384,1,326.7633666992188,36.63,1,0,0.87,0:43:17
3385,2,35.90165328979492,36.63,1,0,0.87,0:41:45
3386,1,9.629579544067383,36.63,1,0,0.87,0:42:47
3387,1,298.1704406738281,36.63,1,0,0.87,0:43:15
3388,1,146.0351257324219,36.63,1,0,0.87,0:43:28
3389,1,3.1729369163513184,36.63,1,0,0.87,0:43:44
3390,1,149.1394653320312,36.63,0,1,0.87,0:41:01
3391,1,15.224977493286133,36.63,1,0,0.87,0:40:35
3392,1,13.027480125427251,36.63,1,0,0.87,0:41:51
3393,1,44.54317474365234,36.63,1,0,0.87,0:41:57
3394,1,224.3040618896484,36.63,1,0,0.87,0:43:23
3395,1,316.4576721191406,36.63,1,0,0.87,0:41:38
3396,1,186.5994720458984,36.63,1,0,0.87,0:42:04
3397,1,147.2976989746094,36.63,1,0,0.87,0:42:13
3398,1,121.3621368408203,36.63,0,1,0.87,0:43:08
3399,1,151.6166839599609,36.63,1,0,0.87,0:41:09
3400,1,35.90165328979492,36.63,1,0,0.87,0:42:17
3401,1,69.87646484375,36.63,0,1,0.87,0:40:01
3402,1,1881.796875,36.63,1,0,0.87,0:43:16
3403,1,232.5149993896484,36.63,1,0,0.87,0:41:19
3404,1,105.6140594482422,36.63,1,0,0.87,0:41:24
3405,1,16.83182334899902,36.63,1,0,0.87,0:43:59
3406,1,26.14076805114746,36.63,1,0,0.87,0:41:25
3407,2,104.0583648681641,36.63,1,0,0.87,0:38:28
3408,1,159.2595977783203,36.63,0,1,0.87,0:44:25
3409,1,9.170575141906738,36.63,1,0,0.87,0:40:27
3410,1,119.56497192382808,36.63,1,0,0.87,0:42:39
3411,1,7.965522289276122,36.63,1,0,0.87,0:44:20
3412,1,15.55781936645508,36.63,1,0,0.87,0:41:41
3413,1,56.403968811035156,36.63,1,0,0.87,0:43:00
3414,1,36.19046020507812,36.63,1,0,0.87,0:40:57
3415,1,853.1998901367188,36.63,1,0,0.87,0:40:12
3416,1,254.7844543457031,36.63,1,0,0.87,0:43:06
3417,2,222.7997283935547,36.63,1,0,0.87,0:41:54
3418,1,233.2363739013672,36.63,1,0,0.87,0:42:21
3419,1,3.403828620910645,36.63,1,0,0.87,0:42:00
3420,1,3.1729369163513184,36.63,1,0,0.87,0:43:21
3421,1,120.9079360961914,36.63,1,0,0.87,0:42:02
3422,1,16.698308944702152,36.63,1,0,0.87,0:40:59
3423,1,113.38473510742192,36.63,0,1,0.87,0:42:06
3424,1,24.55533409118652,36.63,1,0,0.87,0:42:38
3425,1,343.5472106933594,36.63,0,1,0.87,0:41:18
3426,1,190.7738342285156,36.63,1,0,0.87,0:42:58
3427,1,199.8629608154297,36.63,0,1,0.87,0:40:56
3428,1,10.44183731079102,36.63,0,1,0.87,0:42:44
3429,1,29.08253288269043,36.63,1,0,0.87,0:42:33
3430,1,241.1495513916016,36.63,1,0,0.87,0:43:02
3431,1,149.1394653320312,36.63,1,0,0.87,0:43:01
3432,1,194.9833679199219,36.63,1,0,0.87,0:44:33
3433,1,1563.10498046875,36.63,1,0,0.87,0:40:55
3434,1,224.8154296875,36.63,1,0,0.87,0:41:28
3435,1,263.39871215820307,36.63,1,0,0.87,0:43:07
3436,1,178.32672119140616,36.63,1,0,0.87,0:41:18
3437,1,93.0883560180664,36.63,1,0,0.87,0:42:44
3438,1,116.2873992919922,36.63,1,0,0.87,0:42:38
3439,1,10.44776248931885,36.63,1,0,0.87,0:43:33
3440,1,233.2363739013672,36.63,1,0,0.87,0:43:09
3441,1,2548.3037109375,36.63,1,0,0.87,0:41:30
3442,1,78.52559661865234,36.63,1,0,0.87,0:42:37
3443,1,15.55781936645508,36.63,0,1,0.87,0:44:15
3444,1,105.6140594482422,36.63,0,1,0.87,0:42:54
3445,1,376.4162902832031,36.63,1,0,0.87,0:38:17
3446,1,10.44183731079102,36.63,1,0,0.87,0:42:08
3447,1,91.7226791381836,36.63,0,1,0.87,0:42:24
3448,1,2.214568138122559,36.63,1,0,0.87,0:42:42
3449,1,16.439580917358402,36.63,0,1,0.87,0:42:52
3450,1,51.87065505981445,36.63,1,0,0.87,0:42:05
3451,1,425.3714904785156,36.63,1,0,0.87,0:43:01
3452,1,71.6093521118164,36.63,0,1,0.87,0:43:41
3453,1,295.9783935546875,36.63,1,0,0.87,0:45:06
3454,1,544.2213134765625,36.63,1,0,0.87,0:42:34
3455,1,50.50469589233398,36.63,1,0,0.87,0:42:08
3456,1,281.27517700195307,36.63,1,0,0.87,0:39:37
3457,1,911.8583984375,36.63,1,0,0.87,0:42:26
3458,1,6.217576503753662,36.63,1,0,0.87,0:43:28
3459,1,19.78066635131836,36.63,1,0,0.87,0:42:34
3460,1,9.22296905517578,36.63,0,1,0.87,0:44:37
3461,1,105.6290054321289,36.63,1,0,0.87,0:43:17
3462,1,291.1369323730469,36.63,1,0,0.87,0:42:31
3463,1,165.3308258056641,36.63,1,0,0.87,0:41:23
3464,1,497.1525268554688,36.63,1,0,0.87,0:42:02
3465,1,18.05331420898438,36.63,1,0,0.87,0:41:30
3466,1,56.084815979003906,36.63,0,1,0.87,0:43:20
3467,1,4.702780723571777,36.63,1,0,0.87,0:42:39
3468,1,90.76966857910156,36.63,1,0,0.87,0:41:09
3469,1,25.39257431030273,36.63,0,1,0.87,0:44:03
3470,1,4.69460391998291,36.63,1,0,0.87,0:42:23
3471,1,317.6456298828125,36.63,1,0,0.87,0:43:10
3472,1,181.5143737792969,36.63,1,0,0.87,0:44:36
3473,1,8.94913387298584,36.63,1,0,0.87,0:42:20
3474,1,69.23052215576172,36.63,1,0,0.87,0:42:54
3475,1,72.69342041015625,36.63,0,1,0.87,0:42:08
3476,1,371.795654296875,36.63,1,0,0.87,0:44:06
3477,1,259.998291015625,36.63,1,0,0.87,0:42:21
3478,1,15.224977493286133,36.63,1,0,0.87,0:42:28
3479,1,380.0,36.63,1,0,0.87,0:40:47
3480,1,254.7844543457031,36.63,1,0,0.87,0:42:56
3481,1,272.28091430664057,36.63,1,0,0.87,0:43:57
3482,1,321.6220397949219,36.63,1,0,0.87,0:42:17
3483,1,75.1241455078125,36.63,1,0,0.87,0:42:29
3484,1,259.998291015625,36.63,1,0,0.87,0:42:36
3485,1,293.0,36.63,1,0,0.87,0:43:10
3486,1,56.89868545532227,36.63,1,0,0.87,0:42:44
3487,1,317.6456298828125,36.63,1,0,0.87,0:43:13
3488,1,1643.08056640625,36.63,0,1,0.87,0:43:32
3489,1,277.51071166992193,36.63,1,0,0.87,0:43:27
3490,1,254.7844543457031,36.63,1,0,0.87,0:42:04
3491,1,101.50933837890621,36.63,1,0,0.87,0:42:29
3492,1,218.9133148193359,36.63,1,0,0.87,0:43:13
3493,1,181.5143737792969,36.63,1,0,0.87,0:43:28
3494,1,21.21549415588379,36.63,1,0,0.87,0:43:38
3495,1,10.44776248931885,36.63,1,0,0.87,0:44:59
3496,1,200.6321105957031,36.63,1,0,0.87,0:40:36
3497,1,63.69070434570312,36.63,1,0,0.87,0:38:54
3498,1,16.84739112854004,36.63,1,0,0.87,0:42:56
3499,1,140.6603088378906,36.63,1,0,0.87,0:42:50
3500,1,188.6734466552734,36.63,1,0,0.87,0:43:49
3501,1,140.6603088378906,36.63,0,1,0.87,0:42:50
3502,1,5.22021484375,36.63,1,0,0.87,0:40:58
3503,1,1371.919311523438,36.63,1,0,0.87,0:44:10
3504,1,250.9209747314453,36.63,1,0,0.87,0:41:54
3505,1,133.931640625,36.63,1,0,0.87,0:41:10
3506,1,79.58588409423828,36.63,1,0,0.87,0:42:38
3507,1,31.52193450927734,36.63,1,0,0.87,0:43:21
3508,1,301.8386535644531,36.63,1,0,0.87,0:42:46
3509,1,1636.990966796875,36.63,1,0,0.87,0:42:24
3510,1,83.15779876708984,36.63,1,0,0.87,0:43:54
3511,1,237.6291656494141,36.63,1,0,0.87,0:42:51
3512,1,24.55533409118652,36.63,1,0,0.87,0:42:31
3513,1,77.97574615478516,36.63,1,0,0.87,0:43:05
3514,1,3.310425281524658,36.63,1,0,0.87,0:42:51
3515,1,43.01800537109375,36.63,1,0,0.87,0:41:52
3516,1,51.94340515136719,36.63,1,0,0.87,0:42:18
3517,1,315.9778747558594,36.63,1,0,0.87,0:40:26
3518,1,31.97005462646484,36.63,0,1,0.87,0:42:55
3519,1,205.3109893798828,36.63,1,0,0.87,0:40:57
3520,1,1831.0819091796882,36.63,0,1,0.87,0:42:38
3521,1,188.2588348388672,36.63,1,0,0.87,0:43:21
3522,1,181.5143737792969,36.63,1,0,0.87,0:43:07
3523,1,254.7844543457031,36.63,1,0,0.87,0:42:00
3524,1,8.438035011291504,36.63,1,0,0.87,0:38:17
3525,1,71.8073501586914,36.63,1,0,0.87,0:43:38
3526,1,7.058139324188232,36.63,1,0,0.87,0:42:58
3527,1,7.965522289276122,36.63,1,0,0.87,0:42:09
3528,1,429.4203186035156,36.63,1,0,0.87,0:43:03
3529,1,149.1394653320312,36.63,1,0,0.87,0:40:32
3530,1,9.03772258758545,36.63,1,0,0.87,0:43:13
3531,1,436.9813232421875,36.63,1,0,0.87,0:40:36
3532,1,10.44183731079102,36.63,1,0,0.87,0:42:25
3533,1,181.5143737792969,36.63,1,0,0.87,0:43:33
3534,1,105.6290054321289,36.63,1,0,0.87,0:42:54
3535,1,56.084815979003906,36.63,1,0,0.87,0:42:10
3536,1,10.58681583404541,36.63,1,0,0.87,0:42:23
3537,1,260.0,36.63,1,0,0.87,0:41:36
3538,1,152.9394073486328,36.63,0,1,0.87,0:43:55
3539,1,31.52193450927734,36.63,1,0,0.87,0:42:33
3540,1,11.8902006149292,36.63,1,0,0.87,0:43:09
3541,1,260.84353637695307,36.63,1,0,0.87,0:42:47
3542,1,327.1522216796875,36.63,1,0,0.87,0:40:22
3543,1,140.58866882324222,36.63,0,1,0.87,0:43:11
3544,1,1310.919799804688,36.63,1,0,0.87,0:43:02
3545,1,197.583984375,36.63,1,0,0.87,0:43:30
3546,1,15.55781936645508,36.63,0,1,0.87,0:43:17
3547,1,2.790159702301025,36.63,1,0,0.87,0:42:16
3548,1,368.8739624023438,36.63,1,0,0.87,0:43:57
3549,1,288.1201171875,36.63,1,0,0.87,0:42:38
3550,1,157.0261993408203,36.63,1,0,0.87,0:41:37
3551,1,252.96630859375,36.63,1,0,0.87,0:42:52
3552,1,252.5192565917969,36.63,1,0,0.87,0:43:09
3553,1,1577.7049560546882,36.63,0,1,0.87,0:43:56
3554,1,239.3311767578125,36.63,1,0,0.87,0:42:06
3555,1,1577.7049560546882,36.63,1,0,0.87,0:43:55
3556,1,108.55994415283199,36.63,1,0,0.87,0:42:33
3557,1,16.84739112854004,36.63,1,0,0.87,0:43:38
3558,2,181.8118896484375,36.63,1,0,0.87,0:42:39
3559,1,49.9882698059082,36.63,1,0,0.87,0:42:32
3560,1,69.2257080078125,36.63,1,0,0.87,0:42:39
3561,1,5.969511985778809,36.63,0,1,0.87,0:42:43
3562,1,140.9563293457031,36.63,1,0,0.87,0:43:10
3563,1,188.2588348388672,36.63,1,0,0.87,0:34:14
3564,1,0.5368872284889221,36.63,1,0,0.87,0:42:33
3565,1,21.91367149353027,36.63,1,0,0.87,0:40:39
3566,1,1433.4541015625,36.63,1,0,0.87,0:43:15
3567,1,179.3947906494141,36.63,0,1,0.87,0:41:55
3568,1,177.1923370361328,36.63,1,0,0.87,0:42:05
3569,1,399.9556579589844,36.63,0,1,0.87,0:43:47
3570,1,137.57452392578122,36.63,1,0,0.87,0:43:39
3571,1,20.15006828308105,36.63,1,0,0.87,0:42:49
3572,1,43.67227554321289,36.63,1,0,0.87,0:42:16
3573,1,249.7708282470703,36.63,1,0,0.87,0:39:13
3574,1,222.6948394775391,36.63,1,0,0.87,0:42:55
3575,1,52.71562576293945,36.63,1,0,0.87,0:42:01
3576,1,200.0,36.63,1,0,0.87,0:43:53
3577,1,611.3375244140625,36.63,1,0,0.87,0:40:55
3578,1,36.38833236694336,36.63,1,0,0.87,0:43:30
3579,1,18.05331420898438,36.63,1,0,0.87,0:44:00
3580,1,256.92111206054693,36.63,1,0,0.87,0:43:34
3581,1,767.4879150390625,36.63,1,0,0.87,0:40:15
3582,1,237.6291656494141,36.63,0,1,0.87,0:41:31
3583,1,56.084815979003906,36.63,1,0,0.87,0:42:27
3584,1,315.9778747558594,36.63,1,0,0.87,0:44:51
3585,1,232.9170684814453,36.63,1,0,0.87,0:42:32
3586,1,152.9394073486328,36.63,1,0,0.87,0:43:07
3587,1,69.51416778564453,36.63,1,0,0.87,0:44:15
3588,1,31.17976570129395,36.63,1,0,0.87,0:43:33
3589,1,11.8902006149292,36.63,1,0,0.87,0:43:31
3590,1,1831.0819091796882,36.63,1,0,0.87,0:42:21
3591,1,39.94172286987305,36.63,1,0,0.87,0:39:05
3592,1,14.32654094696045,36.63,0,1,0.87,0:42:40
3593,1,31.52193450927734,36.63,1,0,0.87,0:42:52
3594,1,17.17996788024902,36.63,1,0,0.87,0:43:31
3595,1,60.15327453613281,36.63,1,0,0.87,0:43:18
3596,1,137.57452392578122,36.63,1,0,0.87,0:42:56
3597,1,544.2213134765625,36.63,0,1,0.87,0:42:07
3598,1,14.523913383483892,36.63,1,0,0.87,0:43:18
3599,1,251.0852508544922,36.63,1,0,0.87,0:40:46
3600,1,250.0315856933594,36.63,1,0,0.87,0:41:56
3601,1,58.4475212097168,36.63,0,1,0.87,0:43:40
3602,1,299.6451721191406,36.63,1,0,0.87,0:45:34
3603,1,31.52193450927734,36.63,1,0,0.87,0:42:30
3604,1,9.335716247558594,36.63,0,1,0.87,0:42:25
3605,1,259.998291015625,36.63,1,0,0.87,0:44:08
3606,1,2.952972412109375,36.63,1,0,0.87,0:41:56
3607,1,317.6456298828125,36.63,1,0,0.87,0:43:28
3608,1,15.55781936645508,36.63,0,1,0.87,0:42:39
3609,1,142.791748046875,36.63,1,0,0.87,0:43:38
3610,1,57.82163619995117,36.63,1,0,0.87,0:41:02
3611,1,202.2655334472656,36.63,1,0,0.87,0:42:57
3612,1,266.2826538085938,36.63,1,0,0.87,0:42:26
3613,1,41.98091506958008,36.63,1,0,0.87,0:40:25
3614,1,179.3947906494141,36.63,1,0,0.87,0:41:51
3615,1,293.0,36.63,1,0,0.87,0:43:58
3616,1,66.11064147949219,36.63,1,0,0.87,0:42:23
3617,1,120.9079360961914,36.63,1,0,0.87,0:44:00
3618,1,167.9832916259766,36.63,1,0,0.87,0:42:13
3619,1,51.94340515136719,36.63,0,1,0.87,0:42:45
3620,1,101.77871704101558,36.63,1,0,0.87,0:43:26
3621,1,4.579788208007812,36.63,1,0,0.87,0:39:17
3622,1,151.6166839599609,36.63,1,0,0.87,0:42:47
3623,1,15.55781936645508,36.63,1,0,0.87,0:42:47
3624,1,429.6692504882812,36.63,1,0,0.87,0:42:56
3625,1,254.7844543457031,36.63,1,0,0.87,0:43:19
3626,1,101.0947265625,36.63,1,0,0.87,0:42:47
3627,1,235.2525177001953,36.63,1,0,0.87,0:42:52
3628,1,6.065486431121826,36.63,1,0,0.87,0:42:31
3629,1,45.1541862487793,36.63,1,0,0.87,0:41:02
3630,1,20.19857788085938,36.63,1,0,0.87,0:42:36
3631,1,426.9492797851562,36.63,1,0,0.87,0:42:28
3632,1,319.0,36.63,1,0,0.87,0:42:02
3633,1,7.965522289276122,36.63,1,0,0.87,0:43:17
3634,1,89.75890350341797,36.63,1,0,0.87,0:43:34
3635,1,51.94340515136719,36.63,1,0,0.87,0:43:05
3636,1,232.5149993896484,36.63,0,1,0.87,0:43:45
3637,1,172.369873046875,36.63,1,0,0.87,0:42:58
3638,1,86.27144622802734,36.63,1,0,0.87,0:37:41
3639,1,10.44776248931885,36.63,1,0,0.87,0:42:10
3640,1,249.9365234375,36.63,1,0,0.87,0:41:46
3641,1,56.084815979003906,36.63,1,0,0.87,0:43:42
3642,1,10.44183731079102,36.63,1,0,0.87,0:41:49
3643,1,19.0,36.63,1,0,0.87,0:42:35
3644,1,33.91964721679688,36.63,0,1,0.87,0:42:41
3645,1,137.57452392578122,36.63,1,0,0.87,0:44:02
3646,1,278.0640869140625,36.63,1,0,0.87,0:43:07
3647,1,14.566981315612788,36.63,1,0,0.87,0:41:25
3648,1,228.6362762451172,36.63,1,0,0.87,0:43:05
3649,1,317.6456298828125,36.63,1,0,0.87,0:43:11
3650,1,105.59640502929692,36.63,1,0,0.87,0:39:40
3651,1,25.63100624084473,36.63,1,0,0.87,0:43:18
3652,1,41.90795516967773,36.63,1,0,0.87,0:43:10
3653,1,222.7997283935547,36.63,1,0,0.87,0:41:40
3654,1,222.7997283935547,36.63,1,0,0.87,0:43:24
3655,1,2.608278036117554,36.63,0,1,0.87,0:41:34
3656,1,197.583984375,36.63,1,0,0.87,0:43:36
3657,1,236.22540283203116,36.63,1,0,0.87,0:44:24
3658,1,158.8190002441406,36.63,1,0,0.87,0:44:23
3659,1,15.151857376098633,36.63,1,0,0.87,0:42:44
3660,1,51.94340515136719,36.63,1,0,0.87,0:43:55
3661,1,37.34151840209961,36.63,1,0,0.87,0:42:33
3662,1,2.043102264404297,36.63,1,0,0.87,0:42:59
3663,1,1596.6729736328118,36.63,0,1,0.87,0:42:55
3664,1,220.4464874267578,36.63,1,0,0.87,0:43:04
3665,1,10.44776248931885,36.63,1,0,0.87,0:41:58
3666,1,187.0788269042969,36.63,1,0,0.87,0:43:22
3667,1,15.55781936645508,36.63,1,0,0.87,0:42:26
3668,1,309.84130859375,36.63,1,0,0.87,0:44:42
3669,1,52.04446411132812,36.63,1,0,0.87,0:40:52
3670,1,48.91930770874023,36.63,1,0,0.87,0:46:05
3671,1,1.5720475912094118,36.63,1,0,0.87,0:42:41
3672,1,153.5594482421875,36.63,1,0,0.87,0:44:08
3673,1,43.54506301879883,36.63,1,0,0.87,0:40:50
3674,1,320.0387878417969,36.63,1,0,0.87,0:40:45
3675,1,476.2521362304688,36.63,1,0,0.87,0:41:09
3676,1,24.55533409118652,36.63,1,0,0.87,0:43:53
3677,1,1596.6729736328118,36.63,1,0,0.87,0:39:58
3678,1,55.27118682861328,36.63,0,1,0.87,0:41:57
3679,1,77.9705810546875,36.63,1,0,0.87,0:43:02
3680,1,31.2812614440918,36.63,1,0,0.87,0:43:07
3681,1,1307.604125976562,36.63,1,0,0.87,0:41:54
3682,1,4.016949653625488,36.63,0,1,0.87,0:45:01
3683,1,10.06689834594727,36.63,1,0,0.87,0:43:27
3684,1,17.5898609161377,36.63,1,0,0.87,0:42:24
3685,1,1623.9774169921882,36.63,1,0,0.87,0:40:23
3686,1,2554.609619140625,36.63,1,0,0.87,0:41:49
3687,1,199.9040832519531,36.63,1,0,0.87,0:42:13
3688,1,97.9373550415039,36.63,1,0,0.87,0:42:22
3689,1,71.8073501586914,36.63,1,0,0.87,0:43:43
3690,1,31.52193450927734,36.63,1,0,0.87,0:43:12
3691,1,11.085031509399409,36.63,1,0,0.87,0:43:55
3692,1,10.44183731079102,36.63,1,0,0.87,0:41:21
3693,1,192.1500244140625,36.63,1,0,0.87,0:43:09
3694,1,5.251800537109375,36.63,1,0,0.87,0:43:55
3695,1,58.93083190917969,36.63,1,0,0.87,0:42:58
3696,1,614.4942016601562,36.63,1,0,0.87,0:42:05
3697,1,32.52695846557617,36.63,1,0,0.87,0:39:55
3698,1,11.57025718688965,36.63,1,0,0.87,0:42:50
3699,1,213.1086730957031,36.63,0,1,0.87,0:43:43
3700,1,198.1594390869141,36.63,1,0,0.87,0:42:55
3701,1,277.09481811523443,36.63,1,0,0.87,0:42:49
3702,1,13.70660877227783,36.63,1,0,0.87,0:42:44
3703,1,10.96754741668701,36.63,1,0,0.87,0:43:00
3704,1,341.4302673339844,36.63,1,0,0.87,0:43:08
3705,1,398.2716369628906,36.63,1,0,0.87,0:40:16
3706,1,147.0316009521484,36.63,1,0,0.87,0:44:12
3707,1,18.05331420898438,36.63,0,1,0.87,0:42:30
3708,1,31.52193450927734,36.63,1,0,0.87,0:42:44
3709,1,46.01627731323242,36.63,1,0,0.87,0:42:19
3710,1,259.998291015625,36.63,1,0,0.87,0:44:24
3711,1,614.4942016601562,36.63,0,1,0.87,0:43:19
3712,1,140.3616638183594,36.63,1,0,0.87,0:43:58
3713,1,14.32654094696045,36.63,1,0,0.87,0:43:23
3714,1,30.01123428344727,36.63,1,0,0.87,0:40:02
3715,1,450.5632629394531,36.63,1,0,0.87,0:43:22
3716,1,153.7318725585938,36.63,1,0,0.87,0:41:35
3717,1,506.4453735351562,36.63,1,0,0.87,0:42:33
3718,1,283.4776611328125,36.63,1,0,0.87,0:43:46
3719,1,33.42565536499023,36.63,1,0,0.87,0:43:45
3720,1,77.97574615478516,36.63,0,1,0.87,0:43:03
3721,1,11.57025718688965,36.63,1,0,0.87,0:43:36
3722,1,193.0290832519531,36.63,1,0,0.87,0:41:47
3723,1,149.1394653320312,36.63,1,0,0.87,0:41:42
3724,1,10.44183731079102,36.63,0,1,0.87,0:43:49
3725,1,203.7541961669922,36.63,1,0,0.87,0:42:12
3726,1,18.05331420898438,36.63,0,1,0.87,0:42:56
3727,1,15.55781936645508,36.63,1,0,0.87,0:43:19
3728,1,119.56497192382808,36.63,0,1,0.87,0:42:59
3729,1,14.32654094696045,36.63,1,0,0.87,0:43:45
3730,1,734.1759033203125,36.63,1,0,0.87,0:42:38
3731,1,125.94122314453121,36.63,1,0,0.87,0:43:36
3732,1,22.02380752563477,36.63,1,0,0.87,0:43:20
3733,1,0.8299209475517273,36.63,0,1,0.87,0:41:04
3734,1,91.7226791381836,36.63,1,0,0.87,0:41:33
3735,1,181.5143737792969,36.63,1,0,0.87,0:42:27
3736,1,18.05331420898438,36.63,1,0,0.87,0:41:06
3737,1,310.49072265625,36.63,1,0,0.87,0:43:48
3738,1,13.06448364257812,36.63,0,1,0.87,0:42:02
3739,1,1046.732788085938,36.63,1,0,0.87,0:39:18
3740,1,18.05331420898438,36.63,1,0,0.87,0:41:52
3741,1,73.85041809082031,36.63,1,0,0.87,0:43:10
3742,1,230.3356475830078,36.63,1,0,0.87,0:41:44
3743,1,199.3862457275391,36.63,1,0,0.87,0:43:15
3744,1,238.2223663330078,36.63,1,0,0.87,0:42:33
3745,1,97.56755828857422,36.63,1,0,0.87,0:42:18
3746,1,222.7997283935547,36.63,1,0,0.87,0:44:10
3747,1,10.44183731079102,36.63,1,0,0.87,0:42:45
3748,1,35.90165328979492,36.63,1,0,0.87,0:43:24
3749,1,6.807552337646484,36.63,1,0,0.87,0:43:28
3750,1,63.69070434570312,36.63,1,0,0.87,0:43:58
3751,1,0.0,36.63,0,1,0.87,0:42:42
3752,1,19.4232006072998,36.63,0,1,0.87,0:42:26
3753,1,259.998291015625,36.63,1,0,0.87,0:44:03
3754,1,13.027480125427251,36.63,1,0,0.87,0:44:47
3755,1,16.08600044250488,36.63,0,1,0.87,0:44:06
3756,1,51.94340515136719,36.63,0,1,0.87,0:44:32
3757,1,69.08901214599611,36.63,1,0,0.87,0:43:57
3758,1,7.150104522705077,36.63,1,0,0.87,0:43:35
3759,1,35.90165328979492,36.63,1,0,0.87,0:42:05
3760,1,1623.9774169921882,36.63,1,0,0.87,0:42:35
3761,1,71.07490539550781,36.63,1,0,0.87,0:43:10
3762,1,10.44183731079102,36.63,1,0,0.87,0:43:20
3763,1,236.22540283203116,36.63,1,0,0.87,0:42:58
3764,1,8.470474243164062,36.63,1,0,0.87,0:44:55
3765,1,7.058139324188232,36.63,1,0,0.87,0:41:06
3766,1,407.1546325683594,36.63,0,1,0.87,0:43:12
3767,1,206.3250579833984,36.63,1,0,0.87,0:43:43
3768,1,320.0387878417969,36.63,1,0,0.87,0:43:56
3769,1,31.781719207763672,36.63,1,0,0.87,0:43:01
3770,1,237.47161865234384,36.63,1,0,0.87,0:43:57
3771,1,32.53877639770508,36.63,1,0,0.87,0:43:18
3772,1,187.2318572998047,36.63,1,0,0.87,0:43:49
3773,1,285.3211059570312,36.63,1,0,0.87,0:43:10
3774,1,181.5143737792969,36.63,1,0,0.87,0:43:34
3775,1,15.55781936645508,36.63,1,0,0.87,0:41:13
3776,1,166.5921936035156,36.63,1,0,0.87,0:40:59
3777,1,100.7476806640625,36.63,1,0,0.87,0:41:38
3778,1,20.29923248291016,36.63,1,0,0.87,0:42:33
3779,1,7.709846973419189,36.63,1,0,0.87,0:43:10
3780,1,65.24627685546875,36.63,1,0,0.87,0:46:15
3781,1,92.49187469482422,36.63,1,0,0.87,0:41:42
3782,1,15.23883628845215,36.63,1,0,0.87,0:41:52
3783,1,59.91531372070312,36.63,1,0,0.87,0:42:25
3784,1,1623.9774169921882,36.63,1,0,0.87,0:42:57
3785,1,218.9133148193359,36.63,1,0,0.87,0:43:42
3786,1,181.5143737792969,36.63,1,0,0.87,0:42:26
3787,1,56.91740036010742,36.63,1,0,0.87,0:43:43
3788,1,9.335716247558594,36.63,1,0,0.87,0:43:24
3789,1,1782.531494140625,36.63,1,0,0.87,0:43:22
3790,1,95.78414916992188,36.63,1,0,0.87,0:43:31
3791,1,32.88138961791992,36.63,1,0,0.87,0:42:49
3792,1,79.19601440429688,36.63,1,0,0.87,0:41:43
3793,1,428.7605285644531,36.63,1,0,0.87,0:41:59
3794,1,1605.6175537109382,36.63,1,0,0.87,0:44:24
3795,1,173.0569305419922,36.63,1,0,0.87,0:43:37
3796,1,1628.9993896484382,36.63,1,0,0.87,0:39:54
3797,1,259.998291015625,36.63,1,0,0.87,0:41:09
3798,1,165.2113800048828,36.63,0,1,0.87,0:43:43
3799,1,132.44648742675778,36.63,1,0,0.87,0:43:42
3800,1,35.90165328979492,36.63,1,0,0.87,0:42:09
3801,1,230.3356475830078,36.63,1,0,0.87,0:41:25
3802,1,184.2229766845703,36.63,1,0,0.87,0:43:56
3803,1,269.0430908203125,36.63,0,1,0.87,0:43:31
3804,1,246.7092742919922,36.63,0,1,0.87,0:43:58
3805,1,15.55781936645508,36.63,1,0,0.87,0:43:42
3806,1,15.224977493286133,36.63,0,1,0.87,0:42:27
3807,1,24.55533409118652,36.63,1,0,0.87,0:44:25
3808,1,56.00885772705078,36.63,1,0,0.87,0:43:20
3809,1,9.335716247558594,36.63,1,0,0.87,0:44:13
3810,1,1052.470092773438,36.63,1,0,0.87,0:42:04
3811,1,614.4942016601562,36.63,1,0,0.87,0:44:07
3812,1,10.44183731079102,36.63,1,0,0.87,0:44:58
3813,1,276.82778930664057,36.63,1,0,0.87,0:42:42
3814,1,151.7768249511719,36.63,0,1,0.87,0:43:16
3815,1,121.6089935302734,36.63,1,0,0.87,0:44:09
3816,1,276.82778930664057,36.63,1,0,0.87,0:43:56
3817,1,149.1394653320312,36.63,1,0,0.87,0:42:09
3818,1,368.4687805175781,36.63,1,0,0.87,0:41:58
3819,1,10.44183731079102,36.63,1,0,0.87,0:43:16
3820,1,10.44776248931885,36.63,0,1,0.87,0:44:25
3821,1,90.16681671142578,36.63,1,0,0.87,0:43:57
3822,2,202.9051818847656,36.63,1,0,0.87,0:43:30
3823,1,196.03497314453116,36.63,1,0,0.87,0:43:21
3824,1,109.1946792602539,36.63,0,1,0.87,0:40:15
3825,1,637.21435546875,36.63,1,0,0.87,0:42:42
3826,1,270.05172729492193,36.63,0,1,0.87,0:42:08
3827,1,149.9436340332031,36.63,1,0,0.87,0:42:19
3828,1,237.6291656494141,36.63,1,0,0.87,0:42:30
3829,1,-0.949664294719696,36.63,1,0,0.87,0:41:52
3830,1,138.9033355712891,36.63,1,0,0.87,0:43:41
3831,1,203.7541961669922,36.63,1,0,0.87,0:40:28
3832,1,10.44776248931885,36.63,1,0,0.87,0:42:50
3833,1,137.49957275390622,36.63,1,0,0.87,0:40:30
3834,1,249.0633392333984,36.63,0,1,0.87,0:45:12
3835,1,126.1217880249023,36.63,1,0,0.87,0:42:28
3836,1,254.7844543457031,36.63,1,0,0.87,0:41:56
3837,1,225.7191925048828,36.63,1,0,0.87,0:44:13
3838,1,149.1394653320312,36.63,1,0,0.87,0:42:20
3839,1,4.990877151489258,36.63,1,0,0.87,0:41:56
3840,1,11.05302143096924,36.63,0,1,0.87,0:38:59
3841,1,288.391845703125,36.63,1,0,0.87,0:42:19
3842,1,3.6919877529144287,36.63,1,0,0.87,0:42:46
3843,1,635.294189453125,36.63,1,0,0.87,0:42:58
3844,1,13.346641540527338,36.63,0,1,0.87,0:42:50
3845,1,16.84739112854004,36.63,1,0,0.87,0:44:13
3846,1,9.87485122680664,36.63,1,0,0.87,0:42:24
3847,1,61.68596649169922,36.63,1,0,0.87,0:42:54
3848,1,24.55533409118652,36.63,1,0,0.87,0:42:38
3849,1,1596.6729736328118,36.63,1,0,0.87,0:36:57
3850,1,43.40748977661133,36.63,1,0,0.87,0:43:08
3851,1,542.0845947265625,36.63,1,0,0.87,0:42:04
3852,1,666.8135986328125,36.63,1,0,0.87,0:42:18
3853,1,276.82778930664057,36.63,1,0,0.87,0:43:44
3854,1,37.34151840209961,36.63,1,0,0.87,0:42:06
3855,1,51.61442184448242,36.63,1,0,0.87,0:42:29
3856,1,220.304931640625,36.63,1,0,0.87,0:40:47
3857,1,810.0172729492188,36.63,1,0,0.87,0:42:46
3858,1,1.4816341400146482,36.63,1,0,0.87,0:43:44
3859,1,118.6974105834961,36.63,0,1,0.87,0:43:31
3860,1,12.0,36.63,1,0,0.87,0:45:09
3861,1,187.1661834716797,36.63,1,0,0.87,0:42:00
3862,1,520.9115600585939,36.63,1,0,0.87,0:44:47
3863,1,49.35443496704102,36.63,1,0,0.87,0:43:19
3864,1,53.74789428710938,36.63,1,0,0.87,0:43:37
3865,1,242.2535705566406,36.63,1,0,0.87,0:42:31
3866,1,14.566981315612788,36.63,1,0,0.87,0:44:15
3867,1,13.027480125427251,36.63,1,0,0.87,0:43:17
3868,1,69.55393981933594,36.63,1,0,0.87,0:43:53
3869,1,36.99644088745117,36.63,1,0,0.87,0:42:45
3870,1,259.998291015625,36.63,1,0,0.87,0:45:02
3871,1,65.93780517578125,36.63,1,0,0.87,0:41:56
3872,1,12.25817584991455,36.63,1,0,0.87,0:42:52
3873,1,465.0982360839844,36.63,1,0,0.87,0:42:59
3874,1,7.126426696777344,36.63,1,0,0.87,0:44:15
3875,1,6.952293395996094,36.63,1,0,0.87,0:42:32
3876,1,8.212539672851562,36.63,0,1,0.87,0:42:55
3877,1,60.15327453613281,36.63,1,0,0.87,0:42:22
3878,1,13.315147399902338,36.63,1,0,0.87,0:42:32
3879,1,366.3646240234375,36.63,1,0,0.87,0:43:37
3880,1,220.377197265625,36.63,1,0,0.87,0:43:01
3881,1,131.7489013671875,36.63,1,0,0.87,0:43:11
3882,1,425.3714904785156,36.63,1,0,0.87,0:43:47
3883,1,185.813720703125,36.63,1,0,0.87,0:42:08
3884,1,288.7768859863281,36.63,1,0,0.87,0:43:17
3885,1,167.9832916259766,36.63,1,0,0.87,0:42:26
3886,1,47.901039123535156,36.63,1,0,0.87,0:42:55
3887,1,238.9887847900391,36.63,0,1,0.87,0:43:57
3888,1,220.12713623046884,36.63,1,0,0.87,0:43:35
3889,1,4.784560680389403,36.63,1,0,0.87,0:42:47
3890,1,200.0,36.63,1,0,0.87,0:43:18
3891,1,484.7640075683594,36.63,1,0,0.87,0:44:29
3892,1,232.1054382324219,36.63,1,0,0.87,0:43:31
3893,1,421.3871459960938,36.63,1,0,0.87,0:44:23
3894,1,111.1497421264648,36.63,1,0,0.87,0:42:19
3895,1,203.7541961669922,36.63,1,0,0.87,0:44:36
3896,1,24.55533409118652,36.63,1,0,0.87,0:40:12
3897,1,779.2720947265625,36.63,1,0,0.87,0:43:29
3898,1,542.0845947265625,36.63,1,0,0.87,0:42:22
3899,1,3.8890023231506343,36.63,1,0,0.87,0:42:57
3900,1,6.090157508850098,36.63,1,0,0.87,0:42:58
3901,1,15.55781936645508,36.63,1,0,0.87,0:42:00
3902,1,108.9886856079102,36.63,1,0,0.87,0:45:13
3903,1,181.5143737792969,36.63,1,0,0.87,0:45:28
3904,1,384.0559692382812,36.63,1,0,0.87,0:41:04
3905,1,259.998291015625,36.63,1,0,0.87,0:44:45
3906,1,249.9987335205078,36.63,1,0,0.87,0:42:37
3907,1,68.72623443603516,36.63,1,0,0.87,0:43:17
3908,1,21.98657035827637,36.63,1,0,0.87,0:42:58
3909,1,550.4672241210939,36.63,1,0,0.87,0:44:11
3910,1,2229.72216796875,36.63,1,0,0.87,0:41:59
3911,1,1.4977959394454958,36.63,1,0,0.87,0:42:44
3912,1,273.54550170898443,36.63,0,1,0.87,0:43:02
3913,1,51.877418518066406,36.63,1,0,0.87,0:42:11
3914,1,62.17602157592773,36.63,1,0,0.87,0:43:16
3915,1,69.01016235351561,36.63,0,1,0.87,0:41:36
3916,1,7.209052085876465,36.63,1,0,0.87,0:37:05
3917,1,238.484375,36.63,1,0,0.87,0:43:03
3918,1,15.55781936645508,36.63,0,1,0.87,0:44:22
3919,1,1636.990966796875,36.63,1,0,0.87,0:43:17
3920,1,232.1995086669922,36.63,1,0,0.87,0:41:37
3921,1,10.44776248931885,36.63,1,0,0.87,0:42:29
3922,1,14.32654094696045,36.63,1,0,0.87,0:41:56
3923,1,259.998291015625,36.63,1,0,0.87,0:41:00
3924,1,9.170575141906738,36.63,0,1,0.87,0:43:36
3925,1,234.6153564453125,36.63,0,1,0.87,0:43:30
3926,1,31.1684627532959,36.63,1,0,0.87,0:41:20
3927,1,4.954220771789551,36.63,0,1,0.87,0:44:06
3928,1,91.7226791381836,36.63,1,0,0.87,0:42:02
3929,1,822.3980712890625,36.63,1,0,0.87,0:42:56
3930,1,161.9420623779297,36.63,1,0,0.87,0:43:06
3931,1,202.9051818847656,36.63,1,0,0.87,0:40:10
3932,1,10.44183731079102,36.63,1,0,0.87,0:41:37
3933,1,304.9073486328125,36.63,0,1,0.87,0:41:57
3934,1,128.6258697509766,36.63,1,0,0.87,0:45:15
3935,1,0.5368872284889221,36.63,1,0,0.87,0:41:37
3936,1,30.4487247467041,36.63,1,0,0.87,0:42:55
3937,1,275.51992797851557,36.63,1,0,0.87,0:42:29
3938,1,71.8073501586914,36.63,1,0,0.87,0:41:06
3939,1,228.6362762451172,36.63,0,1,0.87,0:43:12
3940,1,10.44183731079102,36.63,1,0,0.87,0:42:53
3941,1,113.2635650634766,36.63,1,0,0.87,0:43:30
3942,1,56.084815979003906,36.63,1,0,0.87,0:42:12
3943,1,107.81885528564449,36.63,1,0,0.87,0:43:49
3944,1,10.44183731079102,36.63,1,0,0.87,0:42:49
3945,1,259.998291015625,36.63,1,0,0.87,0:39:18
3946,1,202.05096435546884,36.63,1,0,0.87,0:43:31
3947,1,203.7541961669922,36.63,1,0,0.87,0:39:34
3948,1,254.7844543457031,36.63,1,0,0.87,0:42:02
3949,1,29.27904891967773,36.63,1,0,0.87,0:42:06
3950,1,1046.732788085938,36.63,1,0,0.87,0:43:23
3951,1,5.22021484375,36.63,1,0,0.87,0:42:56
3952,1,61.6694564819336,36.63,1,0,0.87,0:44:38
3953,1,403.4977416992188,36.63,1,0,0.87,0:43:19
3954,1,13.027480125427251,36.63,1,0,0.87,0:43:34
3955,1,15.55781936645508,36.63,1,0,0.87,0:39:41
3956,1,120.8983688354492,36.63,1,0,0.87,0:43:11
3957,1,2103.939453125,36.63,1,0,0.87,0:42:23
3958,1,1413.3297119140618,36.63,1,0,0.87,0:41:19
3959,1,1.7364590167999268,36.63,1,0,0.87,0:43:21
3960,1,205.3276519775391,36.63,1,0,0.87,0:42:23
3961,1,16.83182334899902,36.63,1,0,0.87,0:42:47
3962,1,77.97574615478516,36.63,1,0,0.87,0:43:41
3963,1,5.445359230041504,36.63,0,1,0.87,0:43:19
3964,1,197.583984375,36.63,1,0,0.87,0:39:10
3965,1,181.5143737792969,36.63,1,0,0.87,0:42:20
3966,1,37.9741325378418,36.63,1,0,0.87,0:43:26
3967,1,287.5038757324219,36.63,1,0,0.87,0:42:16
3968,1,314.2830200195312,36.63,1,0,0.87,0:43:10
3969,1,1855.5650634765616,36.63,1,0,0.87,0:39:13
3970,1,28.00276184082031,36.63,1,0,0.87,0:45:39
3971,1,47.58063888549805,36.63,1,0,0.87,0:43:09
3972,1,1596.6729736328118,36.63,1,0,0.87,0:42:19
3973,1,213.1336364746094,36.63,1,0,0.87,0:43:48
3974,1,73.2974853515625,36.63,1,0,0.87,0:42:47
3975,1,676.4351806640625,36.63,1,0,0.87,0:42:35
3976,1,331.5713806152344,36.63,1,0,0.87,0:43:28
3977,1,266.18588256835943,36.63,0,1,0.87,0:43:43
3978,1,301.8386535644531,36.63,1,0,0.87,0:44:07
3979,1,270.910888671875,36.63,0,1,0.87,0:43:36
3980,1,59.33108520507812,36.63,1,0,0.87,0:45:55
3981,1,291.1369323730469,36.63,1,0,0.87,0:43:44
3982,1,91.7226791381836,36.63,0,1,0.87,0:42:50
3983,1,232.9170684814453,36.63,1,0,0.87,0:42:52
3984,1,313.3936462402344,36.63,1,0,0.87,0:43:06
3985,1,183.2224578857422,36.63,1,0,0.87,0:44:24
3986,1,678.201904296875,36.63,1,0,0.87,0:42:10
3987,1,31.72106170654297,36.63,1,0,0.87,0:42:17
3988,1,191.6649322509766,36.63,1,0,0.87,0:43:07
3989,1,204.6719512939453,36.63,1,0,0.87,0:44:37
3990,1,32.674026489257805,36.63,1,0,0.87,0:43:43
3991,1,14.32654094696045,36.63,1,0,0.87,0:41:32
3992,1,15.55781936645508,36.63,1,0,0.87,0:45:00
3993,1,15.859853744506841,36.63,1,0,0.87,0:42:26
3994,1,287.84716796875,36.63,1,0,0.87,0:41:46
3995,1,112.2148666381836,36.63,1,0,0.87,0:43:19
3996,1,1623.9774169921882,36.63,1,0,0.87,0:43:06
3997,1,1188.080810546875,36.63,0,1,0.87,0:42:26
3998,1,1.151199102401733,36.63,1,0,0.87,0:44:13
3999,1,1046.732788085938,36.63,0,1,0.87,0:42:31
4000,1,9.807595252990724,36.63,0,1,0.87,0:42:53
4001,1,121.3621368408203,36.63,1,0,0.87,0:42:03
4002,1,182.8298187255859,36.63,1,0,0.87,0:43:48
4003,1,10.44183731079102,36.63,0,1,0.87,0:42:29
4004,1,10.44183731079102,36.63,0,1,0.87,0:42:04
4005,1,275.6912841796875,36.63,1,0,0.87,0:38:39
4006,1,217.7437591552734,36.63,1,0,0.87,0:43:19
4007,1,132.78535461425778,36.63,1,0,0.87,0:44:54
4008,1,14.32654094696045,36.63,1,0,0.87,0:43:33
4009,1,199.8629608154297,36.63,0,1,0.87,0:44:04
4010,1,24.5399284362793,36.63,1,0,0.87,0:40:36
4011,1,14.566981315612788,36.63,1,0,0.87,0:42:51
4012,1,282.0519104003906,36.63,1,0,0.87,0:42:13
4013,1,156.1229248046875,36.63,1,0,0.87,0:42:33
4014,1,131.0602111816406,36.63,0,1,0.87,0:44:38
4015,1,10.06689834594727,36.63,1,0,0.87,0:42:53
4016,1,1300.004516601562,36.63,1,0,0.87,0:42:50
4017,1,18.26416397094727,36.63,1,0,0.87,0:42:08
4018,1,4.144457340240479,36.63,1,0,0.87,0:41:44
4019,1,614.4942016601562,36.63,1,0,0.87,0:43:33
4020,1,239.3311767578125,36.63,1,0,0.87,0:42:57
4021,1,10.44183731079102,36.63,1,0,0.87,0:42:37
4022,1,1325.179443359375,36.63,0,1,0.87,0:44:16
4023,1,232.5149993896484,36.63,1,0,0.87,0:42:44
4024,1,200.7367095947266,36.63,0,1,0.87,0:42:14
4025,1,1394.4505615234382,36.63,1,0,0.87,0:40:42
4026,1,201.4784851074219,36.63,1,0,0.87,0:43:08
4027,1,8.003841400146483,36.63,1,0,0.87,0:42:27
4028,1,167.9832916259766,36.63,1,0,0.87,0:42:36
4029,1,13.24106502532959,36.63,1,0,0.87,0:42:33
4030,1,647.6728515625,36.63,1,0,0.87,0:42:46
4031,1,5.22021484375,36.63,1,0,0.87,0:42:52
4032,1,307.5173950195312,36.63,1,0,0.87,0:42:10
4033,1,157.0987854003906,36.63,1,0,0.87,0:42:10
4034,1,8.959807395935059,36.63,1,0,0.87,0:43:48
4035,1,256.92111206054693,36.63,1,0,0.87,0:43:09
4036,1,197.7006378173828,36.63,0,1,0.87,0:41:36
4037,1,259.998291015625,36.63,1,0,0.87,0:42:09
4038,1,0.5368872284889221,36.63,1,0,0.87,0:42:43
4039,1,1897.159912109375,36.63,1,0,0.87,0:43:09
4040,1,151.7860565185547,36.63,1,0,0.87,0:43:31
4041,1,5.053183555603027,36.63,0,1,0.87,0:42:36
4042,1,330.2688598632812,36.63,1,0,0.87,0:42:23
4043,1,48.610740661621094,36.63,1,0,0.87,0:44:06
4044,1,14.566981315612788,36.63,1,0,0.87,0:40:35
4045,1,79.43071746826172,36.63,1,0,0.87,0:43:24
4046,1,799.8717651367188,36.63,1,0,0.87,0:42:48
4047,1,15.55781936645508,36.63,1,0,0.87,0:42:54
4048,1,75.89776611328125,36.63,1,0,0.87,0:43:57
4049,1,331.5245056152344,36.63,0,1,0.87,0:41:59
4050,1,1831.0819091796882,36.63,1,0,0.87,0:42:38
4051,1,571.0994873046875,36.63,1,0,0.87,0:42:59
4052,1,31.97005462646484,36.63,1,0,0.87,0:41:59
4053,1,237.47161865234384,36.63,0,1,0.87,0:43:17
4054,1,51.61442184448242,36.63,1,0,0.87,0:42:55
4055,1,149.1394653320312,36.63,1,0,0.87,0:45:12
4056,1,378.2447204589844,36.63,1,0,0.87,0:42:37
4057,1,91.7226791381836,36.63,1,0,0.87,0:41:33
4058,1,113.81967163085942,36.63,1,0,0.87,0:42:50
4059,1,1596.6729736328118,36.63,0,1,0.87,0:42:29
4060,1,12.356241226196287,36.63,1,0,0.87,0:42:00
4061,1,86.84709167480469,36.63,0,1,0.87,0:44:46
4062,1,9.776250839233398,36.63,0,1,0.87,0:43:30
4063,1,19.24552345275879,36.63,1,0,0.87,0:43:00
4064,1,11.34018135070801,36.63,1,0,0.87,0:42:14
4065,1,11.8902006149292,36.63,1,0,0.87,0:44:50
4066,1,1596.6729736328118,36.63,1,0,0.87,0:42:10
4067,1,16.84739112854004,36.63,0,1,0.87,0:43:47
4068,1,221.14324951171884,36.63,1,0,0.87,0:40:36
4069,1,356.2357482910156,36.63,1,0,0.87,0:42:56
4070,1,344.7054748535156,36.63,1,0,0.87,0:43:24
4071,1,1386.9697265625,36.63,1,0,0.87,0:40:05
4072,1,2600.427734375,36.63,1,0,0.87,0:43:51
4073,1,1631.184326171875,36.63,1,0,0.87,0:42:56
4074,1,9.170575141906738,36.63,1,0,0.87,0:41:37
4075,1,1509.999267578125,36.63,0,1,0.87,0:42:41
4076,1,14.070459365844732,36.63,1,0,0.87,0:44:35
4077,1,12.58986759185791,36.63,1,0,0.87,0:43:35
4078,1,202.2101898193359,36.63,1,0,0.87,0:42:42
4079,1,249.0633392333984,36.63,1,0,0.87,0:40:34
4080,1,288.3515319824219,36.63,1,0,0.87,0:43:24
4081,1,2930.111572265625,36.63,1,0,0.87,0:44:45
4082,1,380.0,36.63,1,0,0.87,0:42:25
4083,1,75.07860565185547,36.63,1,0,0.87,0:43:42
4084,1,1596.6729736328118,36.63,1,0,0.87,0:44:40
4085,1,15.09849548339844,36.63,1,0,0.87,0:41:18
4086,1,9.36025619506836,36.63,0,1,0.87,0:42:29
4087,1,165.2113800048828,36.63,1,0,0.87,0:43:42
4088,1,10.44776248931885,36.63,1,0,0.87,0:44:31
4089,1,22.17125129699707,36.63,1,0,0.87,0:43:34
4090,1,707.8436889648438,36.63,1,0,0.87,0:42:26
4091,1,91.7226791381836,36.63,1,0,0.87,0:43:42
4092,1,181.5143737792969,36.63,0,1,0.87,0:43:45
4093,1,7.965522289276122,36.63,1,0,0.87,0:43:28
4094,1,25.30437278747559,36.63,1,0,0.87,0:42:34
4095,1,1544.9874267578118,36.63,1,0,0.87,0:42:50
4096,1,189.5145568847656,36.63,1,0,0.87,0:43:45
4097,1,159.2595977783203,36.63,1,0,0.87,0:44:03
4098,1,9.03772258758545,36.63,1,0,0.87,0:43:24
4099,1,237.47161865234384,36.63,0,1,0.87,0:43:10
4100,1,50.01289749145508,36.63,1,0,0.87,0:43:15
4101,1,873.9188842773438,36.63,1,0,0.87,0:42:33
4102,1,56.93828964233398,36.63,1,0,0.87,0:43:32
4103,1,288.1201171875,36.63,1,0,0.87,0:44:43
4104,1,31.52193450927734,36.63,1,0,0.87,0:42:40
4105,1,250.0153350830078,36.63,1,0,0.87,0:43:46
4106,1,185.813720703125,36.63,1,0,0.87,0:43:22
4107,1,86.84709167480469,36.63,1,0,0.87,0:41:06
4108,1,16.84739112854004,36.63,0,1,0.87,0:43:01
4109,1,75.07860565185547,36.63,1,0,0.87,0:44:06
4110,1,134.9916687011719,36.63,0,1,0.87,0:44:08
4111,1,253.1178741455078,36.63,1,0,0.87,0:42:59
4112,1,16.84739112854004,36.63,1,0,0.87,0:45:30
4113,1,90.67456817626952,36.63,1,0,0.87,0:42:48
4114,1,158.8113250732422,36.63,1,0,0.87,0:43:48
4115,1,228.5584411621094,36.63,1,0,0.87,0:42:01
4116,1,91.7226791381836,36.63,1,0,0.87,0:40:16
4117,1,71.8073501586914,36.63,1,0,0.87,0:43:15
4118,1,157.4949645996094,36.63,1,0,0.87,0:42:18
4119,1,237.28778076171884,36.63,1,0,0.87,0:43:15
4120,1,1.9527682065963752,36.63,1,0,0.87,0:40:32
4121,1,10.44183731079102,36.63,1,0,0.87,0:43:35
4122,1,272.2723388671875,36.63,1,0,0.87,0:44:21
4123,1,5.445359230041504,36.63,0,1,0.87,0:45:43
4124,1,41.13945007324219,36.63,1,0,0.87,0:43:05
4125,1,39.47004318237305,36.63,1,0,0.87,0:41:57
4126,1,233.6640472412109,36.63,1,0,0.87,0:42:10
4127,1,91.7226791381836,36.63,1,0,0.87,0:42:05
4128,1,767.4879150390625,36.63,1,0,0.87,0:43:03
4129,1,321.1102600097656,36.63,1,0,0.87,0:42:13
4130,1,14.32654094696045,36.63,1,0,0.87,0:42:18
4131,1,2229.72216796875,36.63,1,0,0.87,0:41:20
4132,1,505.1585388183594,36.63,0,1,0.87,0:44:20
4133,1,1085.734008789062,36.63,1,0,0.87,0:43:15
4134,1,320.0387878417969,36.63,0,1,0.87,0:42:00
4135,1,2295.736328125,36.63,0,1,0.87,0:43:41
4136,1,289.900634765625,36.63,1,0,0.87,0:44:35
4137,2,15.93889045715332,36.63,1,0,0.87,0:42:42
4138,1,270.96609497070307,36.63,1,0,0.87,0:42:46
4139,1,11.45151901245117,36.63,1,0,0.87,0:42:47
4140,1,187.0844268798828,36.63,1,0,0.87,0:42:39
4141,1,222.6948394775391,36.63,1,0,0.87,0:42:12
4142,1,22.11793327331543,36.63,1,0,0.87,0:43:13
4143,1,-0.6010046601295471,36.63,1,0,0.87,0:41:39
4144,1,91.46649932861328,36.63,1,0,0.87,0:43:22
4145,1,5.445359230041504,36.63,0,1,0.87,0:43:46
4146,1,189.8126220703125,36.63,1,0,0.87,0:44:06
4147,1,267.48617553710943,36.63,1,0,0.87,0:44:33
4148,1,101.87521362304692,36.63,1,0,0.87,0:40:43
4149,1,226.0847473144531,36.63,1,0,0.87,0:43:10
4150,1,330.508056640625,36.63,0,1,0.87,0:42:09
4151,1,113.8161773681641,36.63,1,0,0.87,0:44:00
4152,1,232.5149993896484,36.63,1,0,0.87,0:43:56
4153,1,197.583984375,36.63,0,1,0.87,0:42:02
4154,2,10.44776248931885,36.63,1,0,0.87,0:43:18
4155,1,268.69815063476557,36.63,1,0,0.87,0:43:15
4156,1,222.7997283935547,36.63,1,0,0.87,0:44:29
4157,1,53.399818420410156,36.63,1,0,0.87,0:43:06
4158,1,1976.76318359375,36.63,0,1,0.87,0:42:53
4159,1,561.71484375,36.63,1,0,0.87,0:38:36
4160,1,19.24552345275879,36.63,1,0,0.87,0:40:58
4161,1,324.6480712890625,36.63,0,1,0.87,0:46:07
4162,1,219.39703369140616,36.63,0,1,0.87,0:44:25
4163,1,116.2873992919922,36.63,0,1,0.87,0:41:09
4164,1,91.7226791381836,36.63,1,0,0.87,0:42:25
4165,1,19.48332405090332,36.63,1,0,0.87,0:43:20
4166,1,19.48332405090332,36.63,1,0,0.87,0:43:23
4167,1,314.2830200195312,36.63,1,0,0.87,0:42:58
4168,1,137.6639404296875,36.63,1,0,0.87,0:43:13
4169,1,194.2860260009766,36.63,0,1,0.87,0:44:13
4170,1,131.0602111816406,36.63,0,1,0.87,0:43:29
4171,1,26.57074546813965,36.63,1,0,0.87,0:43:39
4172,1,1511.2135009765618,36.63,0,1,0.87,0:45:09
4173,1,37.5223388671875,36.63,1,0,0.87,0:43:38
4174,1,392.9354553222656,36.63,1,0,0.87,0:44:31
4175,1,277.09481811523443,36.63,1,0,0.87,0:43:03
4176,1,51.94340515136719,36.63,0,1,0.87,0:43:02
4177,1,62.24077606201172,36.63,1,0,0.87,0:42:43
4178,1,29.45329856872559,36.63,1,0,0.87,0:42:44
4179,1,425.3714904785156,36.63,1,0,0.87,0:42:42
4180,1,14.32654094696045,36.63,1,0,0.87,0:38:47
4181,1,203.7541961669922,36.63,0,1,0.87,0:47:12
4182,1,321.9679870605469,36.63,1,0,0.87,0:44:23
4183,1,232.5149993896484,36.63,0,1,0.87,0:43:57
4184,1,1553.364013671875,36.63,1,0,0.87,0:42:34
4185,1,231.64434814453116,36.63,1,0,0.87,0:41:33
4186,1,349.8689575195312,36.63,1,0,0.87,0:43:09
4187,1,167.1740875244141,36.63,1,0,0.87,0:43:32
4188,1,16.84739112854004,36.63,1,0,0.87,0:43:37
4189,1,259.998291015625,36.63,1,0,0.87,0:44:19
4190,1,14.32654094696045,36.63,0,1,0.87,0:42:55
4191,1,226.47772216796884,36.63,1,0,0.87,0:41:03
4192,1,181.5143737792969,36.63,1,0,0.87,0:41:35
4193,1,8.919455528259277,36.63,1,0,0.87,0:41:44
4194,1,91.7226791381836,36.63,1,0,0.87,0:42:51
4195,1,313.4428405761719,36.63,1,0,0.87,0:44:21
4196,1,9.22296905517578,36.63,1,0,0.87,0:43:52
4197,1,10.44183731079102,36.63,1,0,0.87,0:43:39
4198,1,138.0673675537109,36.63,1,0,0.87,0:44:42
4199,1,12.0,36.63,1,0,0.87,0:43:57
4200,1,222.7997283935547,36.63,1,0,0.87,0:43:30
4201,1,240.75494384765616,36.63,1,0,0.87,0:41:33
4202,1,11.44741916656494,36.63,1,0,0.87,0:42:48
4203,1,10.44183731079102,36.63,1,0,0.87,0:40:33
4204,1,187.9427490234375,36.63,1,0,0.87,0:40:44
4205,1,91.7226791381836,36.63,1,0,0.87,0:40:56
4206,1,8.554366111755371,36.63,1,0,0.87,0:43:27
4207,1,10.44776248931885,36.63,0,1,0.87,0:43:10
4208,1,104.0583648681641,36.63,1,0,0.87,0:44:26
4209,1,1415.200439453125,36.63,1,0,0.87,0:42:55
4210,1,287.5038757324219,36.63,1,0,0.87,0:44:30
4211,1,15.55781936645508,36.63,0,1,0.87,0:43:34
4212,1,1085.734008789062,36.63,1,0,0.87,0:44:29
4213,1,416.1348876953125,36.63,1,0,0.87,0:42:50
4214,1,291.1369323730469,36.63,1,0,0.87,0:43:36
4215,1,118.3513641357422,36.63,1,0,0.87,0:43:54
4216,1,36.986473083496094,36.63,1,0,0.87,0:44:20
4217,1,278.49575805664057,36.63,1,0,0.87,0:43:57
4218,1,21.0,36.63,1,0,0.87,0:42:53
4219,1,35.90165328979492,36.63,1,0,0.87,0:44:48
4220,1,197.583984375,36.63,0,1,0.87,0:45:07
4221,1,350.7449645996094,36.63,1,0,0.87,0:43:47
4222,1,37.14537048339844,36.63,1,0,0.87,0:41:45
4223,1,9.36793613433838,36.63,1,0,0.87,0:43:31
4224,1,14.32654094696045,36.63,1,0,0.87,0:40:21
4225,1,16.83182334899902,36.63,1,0,0.87,0:44:44
4226,1,7.965522289276122,36.63,1,0,0.87,0:43:55
4227,1,10.44183731079102,36.63,0,1,0.87,0:43:14
4228,1,284.3707580566406,36.63,1,0,0.87,0:42:29
4229,1,326.47265625,36.63,0,1,0.87,0:44:48
4230,1,16.83182334899902,36.63,0,1,0.87,0:43:16
4231,1,5.251800537109375,36.63,1,0,0.87,0:41:53
4232,1,13.315147399902338,36.63,1,0,0.87,0:41:01
4233,1,77.97574615478516,36.63,1,0,0.87,0:42:18
4234,1,0.5368872284889221,36.63,1,0,0.87,0:43:33
4235,1,10.44183731079102,36.63,1,0,0.87,0:43:19
4236,1,25.25222396850586,36.63,1,0,0.87,0:44:02
4237,1,259.998291015625,36.63,1,0,0.87,0:41:47
4238,1,159.9830627441406,36.63,1,0,0.87,0:43:40
4239,1,17.05924987792969,36.63,1,0,0.87,0:43:02
4240,1,263.1090087890625,36.63,1,0,0.87,0:42:42
4241,1,98.69014739990234,36.63,1,0,0.87,0:43:57
4242,1,41.13945007324219,36.63,1,0,0.87,0:41:31
4243,1,213.1336364746094,36.63,1,0,0.87,0:41:23
4244,1,56.084815979003906,36.63,0,1,0.87,0:42:59
4245,1,71.8073501586914,36.63,0,1,0.87,0:43:48
4246,1,184.2229766845703,36.63,1,0,0.87,0:45:24
4247,1,276.82778930664057,36.63,0,1,0.87,0:44:05
4248,1,257.22152709960943,36.63,0,1,0.87,0:43:20
4249,1,1429.183837890625,36.63,1,0,0.87,0:42:19
4250,1,15.55781936645508,36.63,1,0,0.87,0:42:37
4251,1,380.0,36.63,1,0,0.87,0:43:31
4252,1,16.00442504882812,36.63,1,0,0.87,0:43:53
4253,1,264.17724609375,36.63,1,0,0.87,0:42:28
4254,1,71.07490539550781,36.63,1,0,0.87,0:44:09
4255,1,195.1442413330078,36.63,1,0,0.87,0:42:16
4256,1,723.138916015625,36.63,1,0,0.87,0:43:27
4257,1,35.90165328979492,36.63,1,0,0.87,0:43:16
4258,1,51.94340515136719,36.63,0,1,0.87,0:42:41
4259,1,86.27144622802734,36.63,0,1,0.87,0:39:38
4260,1,228.6362762451172,36.63,1,0,0.87,0:42:57
4261,1,198.6672515869141,36.63,1,0,0.87,0:43:02
4262,1,19.94200897216797,36.63,1,0,0.87,0:44:16
4263,1,181.5143737792969,36.63,1,0,0.87,0:44:32
4264,1,167.9832916259766,36.63,1,0,0.87,0:42:39
4265,1,200.3335113525391,36.63,1,0,0.87,0:43:47
4266,1,194.2860260009766,36.63,1,0,0.87,0:42:35
4267,1,270.18362426757807,36.63,0,1,0.87,0:41:29
4268,1,311.7809753417969,36.63,1,0,0.87,0:45:45
4269,1,130.2024078369141,36.63,1,0,0.87,0:43:47
4270,1,27.46144104003906,36.63,1,0,0.87,0:41:13
4271,1,217.7437591552734,36.63,1,0,0.87,0:45:07
4272,1,20.15006828308105,36.63,1,0,0.87,0:43:47
4273,1,18.5946102142334,36.63,1,0,0.87,0:41:33
4274,1,15.224977493286133,36.63,0,1,0.87,0:44:39
4275,1,396.0248413085938,36.63,1,0,0.87,0:41:41
4276,1,33.505199432373054,36.63,1,0,0.87,0:40:02
4277,1,19.54772758483887,36.63,1,0,0.87,0:41:42
4278,1,263.1090087890625,36.63,1,0,0.87,0:38:35
4279,1,550.9036865234375,36.63,0,1,0.87,0:42:44
4280,1,259.998291015625,36.63,1,0,0.87,0:43:18
4281,1,236.900634765625,36.63,0,1,0.87,0:41:23
4282,1,1046.732788085938,36.63,0,1,0.87,0:41:34
4283,1,48.91930770874023,36.63,1,0,0.87,0:42:16
4284,1,259.998291015625,36.63,1,0,0.87,0:44:56
4285,1,27.96543884277344,36.63,1,0,0.87,0:43:47
4286,1,10.44183731079102,36.63,1,0,0.87,0:44:08
4287,1,54.44868850708008,36.63,1,0,0.87,0:42:57
4288,1,63.12728118896485,36.63,1,0,0.87,0:42:49
4289,1,538.231689453125,36.63,1,0,0.87,0:42:58
4290,1,9.347909927368164,36.63,1,0,0.87,0:44:09
4291,1,31.2812614440918,36.63,1,0,0.87,0:42:45
4292,1,222.7997283935547,36.63,1,0,0.87,0:42:02
4293,1,16.83182334899902,36.63,0,1,0.87,0:43:40
4294,1,779.2720947265625,36.63,0,1,0.87,0:44:00
4295,1,266.2826538085938,36.63,1,0,0.87,0:39:00
4296,1,117.0965118408203,36.63,1,0,0.87,0:43:26
4297,1,109.5502395629883,36.63,0,1,0.87,0:43:14
4298,1,69.10917663574219,36.63,1,0,0.87,0:42:57
4299,1,207.4205627441406,36.63,1,0,0.87,0:42:59
4300,1,353.2088928222656,36.63,1,0,0.87,0:44:03
4301,1,5.72465705871582,36.63,1,0,0.87,0:43:56
4302,1,273.63796997070307,36.63,1,0,0.87,0:43:09
4303,1,183.7735900878906,36.63,0,1,0.87,0:43:57
4304,1,245.6878814697266,36.63,0,1,0.87,0:42:26
4305,1,35.90165328979492,36.63,1,0,0.87,0:44:38
4306,1,18.05331420898438,36.63,1,0,0.87,0:43:04
4307,1,152.9394073486328,36.63,0,1,0.87,0:44:18
4308,1,110.1000442504883,36.63,1,0,0.87,0:44:52
4309,2,31.97005462646484,36.63,1,0,0.87,0:42:49
4310,1,205.6791229248047,36.63,1,0,0.87,0:44:28
4311,1,11.05302143096924,36.63,0,1,0.87,0:44:51
4312,1,181.5143737792969,36.63,0,1,0.87,0:41:57
4313,1,4.784560680389403,36.63,1,0,0.87,0:44:40
4314,1,197.583984375,36.63,1,0,0.87,0:41:58
4315,1,86.8436279296875,36.63,1,0,0.87,0:43:25
4316,1,16.32639312744141,36.63,1,0,0.87,0:42:13
4317,1,47.26740264892578,36.63,1,0,0.87,0:45:31
4318,1,378.2447204589844,36.63,1,0,0.87,0:42:05
4319,1,115.0462417602539,36.63,1,0,0.87,0:44:09
4320,1,194.7049560546875,36.63,1,0,0.87,0:41:53
4321,1,319.6967468261719,36.63,0,1,0.87,0:45:40
4322,1,20.15006828308105,36.63,1,0,0.87,0:42:03
4323,1,320.0387878417969,36.63,0,1,0.87,0:44:43
4324,1,229.17529296875,36.63,1,0,0.87,0:42:38
4325,1,76.36974334716797,36.63,1,0,0.87,0:44:36
4326,1,24.5399284362793,36.63,0,1,0.87,0:41:02
4327,1,316.2669372558594,36.63,1,0,0.87,0:43:59
4328,1,169.5493469238281,36.63,1,0,0.87,0:43:43
4329,1,424.544677734375,36.63,1,0,0.87,0:43:01
4330,1,72.02412414550781,36.63,1,0,0.87,0:44:33
4331,1,5.421722888946533,36.63,1,0,0.87,0:44:15
4332,1,14.447757720947273,36.63,1,0,0.87,0:43:26
4333,1,97.04413604736328,36.63,1,0,0.87,0:43:42
4334,1,254.7844543457031,36.63,1,0,0.87,0:42:23
4335,1,30.59146118164062,36.63,1,0,0.87,0:43:31
4336,1,15.55781936645508,36.63,1,0,0.87,0:43:40
4337,1,118.26126098632808,36.63,1,0,0.87,0:40:08
4338,1,428.7605285644531,36.63,1,0,0.87,0:41:59
4339,1,10.44183731079102,36.63,0,1,0.87,0:44:19
4340,1,7.058139324188232,36.63,1,0,0.87,0:42:31
4341,1,10.44183731079102,36.63,1,0,0.87,0:43:49
4342,1,149.1394653320312,36.63,1,0,0.87,0:43:02
4343,1,14.88372325897217,36.63,0,1,0.87,0:43:34
4344,1,149.1394653320312,36.63,1,0,0.87,0:44:17
4345,1,109.5065460205078,36.63,1,0,0.87,0:43:57
4346,1,74.7370834350586,36.63,1,0,0.87,0:42:28
4347,1,10.06689834594727,36.63,1,0,0.87,0:43:23
4348,1,275.6912841796875,36.63,1,0,0.87,0:43:59
4349,1,8.94913387298584,36.63,1,0,0.87,0:41:17
4350,1,67.57332611083984,36.63,1,0,0.87,0:45:22
4351,1,1596.6729736328118,36.63,1,0,0.87,0:43:35
4352,1,723.138916015625,36.63,1,0,0.87,0:43:53
4353,1,40.2354850769043,36.63,1,0,0.87,0:43:16
4354,1,336.294921875,36.63,1,0,0.87,0:44:13
4355,1,47.58063888549805,36.63,1,0,0.87,0:43:49
4356,1,30.48093223571777,36.63,1,0,0.87,0:42:53
4357,1,291.1369323730469,36.63,0,1,0.87,0:45:02
4358,1,22.02380752563477,36.63,1,0,0.87,0:45:23
4359,2,21.53010749816895,36.63,0,1,0.87,0:44:07
4360,1,0.1636374741792679,36.63,1,0,0.87,0:42:22
4361,1,222.7997283935547,36.63,1,0,0.87,0:42:03
4362,1,205.6886901855469,36.63,1,0,0.87,0:45:43
4363,1,1667.119140625,36.63,1,0,0.87,0:44:30
4364,1,237.6291656494141,36.63,1,0,0.87,0:44:24
4365,1,15.55781936645508,36.63,1,0,0.87,0:43:37
4366,1,153.0057525634766,36.63,1,0,0.87,0:44:07
4367,1,7.965522289276122,36.63,0,1,0.87,0:44:32
4368,1,274.3619384765625,36.63,1,0,0.87,0:44:11
4369,1,104.0583648681641,36.63,1,0,0.87,0:43:17
4370,1,128.71272277832028,36.63,1,0,0.87,0:44:43
4371,1,1596.6729736328118,36.63,1,0,0.87,0:43:22
4372,1,69.01016235351561,36.63,1,0,0.87,0:44:02
4373,1,23.78700828552246,36.63,1,0,0.87,0:43:53
4374,1,46.23047637939453,36.63,1,0,0.87,0:43:42
4375,1,321.1102600097656,36.63,1,0,0.87,0:41:43
4376,1,3.1576759815216064,36.63,1,0,0.87,0:44:02
4377,1,568.2205200195312,36.63,1,0,0.87,0:40:11
4378,1,77.97574615478516,36.63,1,0,0.87,0:43:59
4379,1,140.9563293457031,36.63,1,0,0.87,0:42:56
4380,1,10.44183731079102,36.63,1,0,0.87,0:43:49
4381,1,16.83182334899902,36.63,0,1,0.87,0:42:43
4382,1,38.52471923828125,36.63,1,0,0.87,0:42:12
4383,1,261.54904174804693,36.63,1,0,0.87,0:42:51
4384,1,15.55781936645508,36.63,0,1,0.87,0:43:51
4385,1,2554.609619140625,36.63,1,0,0.87,0:42:59
4386,1,140.58866882324222,36.63,0,1,0.87,0:45:40
4387,1,322.6423645019531,36.63,1,0,0.87,0:45:43
4388,1,50.82839584350586,36.63,1,0,0.87,0:42:47
4389,1,21.27112197875977,36.63,1,0,0.87,0:43:40
4390,1,254.7844543457031,36.63,1,0,0.87,0:42:39
4391,1,1046.732788085938,36.63,1,0,0.87,0:43:28
4392,1,177.9579010009766,36.63,1,0,0.87,0:42:38
4393,1,1831.0819091796882,36.63,1,0,0.87,0:43:05
4394,1,14.359289169311518,36.63,1,0,0.87,0:44:10
4395,1,3.4413056373596187,36.63,1,0,0.87,0:43:19
4396,1,74.7410659790039,36.63,1,0,0.87,0:43:47
4397,1,181.5143737792969,36.63,1,0,0.87,0:42:34
4398,1,91.7226791381836,36.63,1,0,0.87,0:43:44
4399,1,18.05331420898438,36.63,0,1,0.87,0:45:33
4400,1,316.4576721191406,36.63,1,0,0.87,0:44:20
4401,1,142.791748046875,36.63,1,0,0.87,0:44:53
4402,1,18.05331420898438,36.63,1,0,0.87,0:45:34
4403,1,447.4283447265625,36.63,1,0,0.87,0:40:37
4404,1,134.4911193847656,36.63,1,0,0.87,0:43:34
4405,1,1518.96630859375,36.63,1,0,0.87,0:42:14
4406,1,261.3677368164062,36.63,1,0,0.87,0:42:50
4407,1,273.91162109375,36.63,1,0,0.87,0:41:40
4408,1,14.32654094696045,36.63,0,1,0.87,0:44:49
4409,1,762.0008544921875,36.63,1,0,0.87,0:43:05
4410,1,51.755409240722656,36.63,1,0,0.87,0:43:09
4411,1,181.5143737792969,36.63,1,0,0.87,0:42:09
4412,1,5.020810604095459,36.63,1,0,0.87,0:41:55
4413,1,104.0583648681641,36.63,1,0,0.87,0:43:13
4414,1,2.103271007537842,36.63,1,0,0.87,0:45:40
4415,1,159.9830627441406,36.63,1,0,0.87,0:41:55
4416,1,10.44183731079102,36.63,1,0,0.87,0:42:56
4417,1,259.998291015625,36.63,1,0,0.87,0:42:32
4418,1,254.7844543457031,36.63,1,0,0.87,0:44:12
4419,1,259.998291015625,36.63,0,1,0.87,0:43:34
4420,1,356.2755432128906,36.63,1,0,0.87,0:44:14
4421,1,2229.72216796875,36.63,1,0,0.87,0:43:10
4422,1,104.35462188720699,36.63,1,0,0.87,0:42:42
4423,1,324.6480712890625,36.63,0,1,0.87,0:44:22
4424,1,142.791748046875,36.63,0,1,0.87,0:45:16
4425,1,182.3301696777344,36.63,1,0,0.87,0:42:43
4426,1,149.1394653320312,36.63,1,0,0.87,0:44:31
4427,1,233.2363739013672,36.63,1,0,0.87,0:43:36
4428,1,16.84739112854004,36.63,1,0,0.87,0:43:08
4429,1,337.4805297851562,36.63,1,0,0.87,0:43:22
4430,1,152.9338684082031,36.63,1,0,0.87,0:43:48
4431,1,191.4495849609375,36.63,1,0,0.87,0:44:28
4432,1,198.5256195068359,36.63,1,0,0.87,0:44:28
4433,1,250.4043426513672,36.63,0,1,0.87,0:42:58
4434,1,16.66305160522461,36.63,0,1,0.87,0:45:03
4435,1,18.05331420898438,36.63,1,0,0.87,0:43:15
4436,1,14.36164379119873,36.63,1,0,0.87,0:43:12
4437,1,1046.732788085938,36.63,1,0,0.87,0:45:06
4438,1,16.00102424621582,36.63,0,1,0.87,0:43:14
4439,1,296.1231384277344,36.63,1,0,0.87,0:43:46
4440,1,15.224977493286133,36.63,0,1,0.87,0:44:10
4441,1,259.998291015625,36.63,1,0,0.87,0:42:57
4442,1,1596.6729736328118,36.63,1,0,0.87,0:43:45
4443,1,189.1244049072266,36.63,1,0,0.87,0:42:41
4444,1,724.8308715820312,36.63,0,1,0.87,0:43:09
4445,1,52.79186630249023,36.63,1,0,0.87,0:43:41
4446,1,320.0387878417969,36.63,1,0,0.87,0:42:47
4447,1,85.82516479492188,36.63,1,0,0.87,0:44:09
4448,1,169.7744903564453,36.63,1,0,0.87,0:43:34
4449,1,181.5143737792969,36.63,1,0,0.87,0:42:37
4450,1,259.998291015625,36.63,0,1,0.87,0:46:01
4451,1,5.020810604095459,36.63,1,0,0.87,0:43:39
4452,1,3.857389688491821,36.63,1,0,0.87,0:44:36
4453,1,1310.919799804688,36.63,1,0,0.87,0:44:06
4454,1,181.5143737792969,36.63,1,0,0.87,0:34:51
4455,1,14.32654094696045,36.63,1,0,0.87,0:42:49
4456,1,213.9208221435547,36.63,1,0,0.87,0:45:35
4457,1,149.1394653320312,36.63,1,0,0.87,0:44:06
4458,1,219.4850006103516,36.63,1,0,0.87,0:42:55
4459,1,505.1585388183594,36.63,1,0,0.87,0:43:31
4460,1,25.94916534423828,36.63,1,0,0.87,0:41:14
4461,1,10.44183731079102,36.63,1,0,0.87,0:43:39
4462,1,10.44183731079102,36.63,1,0,0.87,0:43:39
4463,1,5.0,36.63,1,0,0.87,0:43:56
4464,1,19.48332405090332,36.63,1,0,0.87,0:43:28
4465,1,111.40575408935551,36.63,1,0,0.87,0:42:13
4466,1,732.8167114257812,36.63,1,0,0.87,0:42:04
4467,1,285.3211059570312,36.63,1,0,0.87,0:43:10
4468,1,5.020810604095459,36.63,1,0,0.87,0:43:20
4469,1,46.06496810913086,36.63,1,0,0.87,0:44:12
4470,1,1596.6729736328118,36.63,0,1,0.87,0:42:50
4471,1,356.2357482910156,36.63,1,0,0.87,0:43:46
4472,1,169.5493469238281,36.63,1,0,0.87,0:42:41
4473,1,35.90165328979492,36.63,1,0,0.87,0:44:40
4474,1,7.0,36.63,1,0,0.87,0:43:27
4475,1,32.81052398681641,36.63,1,0,0.87,0:43:11
4476,1,1.720813989639282,36.63,1,0,0.87,0:43:04
4477,1,2554.609619140625,36.63,1,0,0.87,0:44:06
4478,1,131.0602111816406,36.63,1,0,0.87,0:45:14
4479,1,45.1541862487793,36.63,1,0,0.87,0:42:22
4480,1,263.49282836914057,36.63,1,0,0.87,0:44:49
4481,1,220.0638275146484,36.63,1,0,0.87,0:43:38
4482,1,614.4942016601562,36.63,1,0,0.87,0:41:43
4483,1,378.2447204589844,36.63,1,0,0.87,0:39:44
4484,1,31.52193450927734,36.63,1,0,0.87,0:42:29
4485,1,259.998291015625,36.63,1,0,0.87,0:44:14
4486,1,7.776358127593994,36.63,1,0,0.87,0:44:48
4487,1,1433.4541015625,36.63,1,0,0.87,0:42:38
4488,1,69.23052215576172,36.63,0,1,0.87,0:42:23
4489,1,224.7559356689453,36.63,1,0,0.87,0:42:25
4490,1,29.08253288269043,36.63,1,0,0.87,0:39:59
4491,1,16.698308944702152,36.63,1,0,0.87,0:43:16
4492,1,196.2203674316406,36.63,1,0,0.87,0:43:39
4493,1,398.2716369628906,36.63,1,0,0.87,0:43:29
4494,1,252.9573211669922,36.63,1,0,0.87,0:41:18
4495,1,4.0,36.63,1,0,0.87,0:42:03
4496,1,6.027743339538574,36.63,1,0,0.87,0:44:23
4497,1,10.44183731079102,36.63,0,1,0.87,0:43:12
4498,1,13.027480125427251,36.63,1,0,0.87,0:43:33
4499,1,184.2229766845703,36.63,1,0,0.87,0:43:56
4500,1,269.42013549804693,36.63,1,0,0.87,0:44:57
4501,1,321.1102600097656,36.63,1,0,0.87,0:43:15
4502,1,257.22152709960943,36.63,1,0,0.87,0:42:29
4503,1,15.55781936645508,36.63,1,0,0.87,0:42:36
4504,1,105.6290054321289,36.63,1,0,0.87,0:40:21
4505,1,13.445884704589838,36.63,1,0,0.87,0:42:34
4506,1,166.2202301025391,36.63,1,0,0.87,0:44:12
4507,1,50.79936981201172,36.63,1,0,0.87,0:42:06
4508,1,194.29931640625,36.63,1,0,0.87,0:42:12
4509,1,190.5054016113281,36.63,1,0,0.87,0:44:31
4510,1,227.52203369140616,36.63,1,0,0.87,0:41:41
4511,1,19.48332405090332,36.63,1,0,0.87,0:43:43
4512,1,103.0499267578125,36.63,1,0,0.87,0:43:16
4513,1,35.90165328979492,36.63,1,0,0.87,0:43:51
4514,1,243.6161041259766,36.63,1,0,0.87,0:40:46
4515,1,16.00102424621582,36.63,1,0,0.87,0:41:14
4516,1,447.4283447265625,36.63,1,0,0.87,0:41:05
4517,1,1357.120361328125,36.63,1,0,0.87,0:43:14
4518,1,7.242066860198975,36.63,1,0,0.87,0:42:41
4519,1,67.15016174316406,36.63,1,0,0.87,0:44:48
4520,1,717.7359008789062,36.63,1,0,0.87,0:42:29
4521,1,779.2720947265625,36.63,1,0,0.87,0:43:57
4522,1,15.46232318878174,36.63,1,0,0.87,0:42:32
4523,1,1157.134887695312,36.63,0,1,0.87,0:44:07
4524,1,227.9105377197266,36.63,1,0,0.87,0:42:47
4525,1,187.2318572998047,36.63,1,0,0.87,0:45:24
4526,1,181.5143737792969,36.63,1,0,0.87,0:43:15
4527,1,179.3947906494141,36.63,1,0,0.87,0:42:59
4528,1,505.1585388183594,36.63,1,0,0.87,0:43:32
4529,1,59.33108520507812,36.63,1,0,0.87,0:42:46
4530,1,230.5557708740234,36.63,1,0,0.87,0:43:39
4531,1,166.5819854736328,36.63,1,0,0.87,0:43:07
4532,1,3.8890023231506343,36.63,1,0,0.87,0:44:38
4533,1,104.15274047851558,36.63,1,0,0.87,0:44:39
4534,1,2.9630379676818848,36.63,1,0,0.87,0:43:08
4535,1,320.0387878417969,36.63,0,1,0.87,0:42:03
4536,1,278.6990356445312,36.63,1,0,0.87,0:44:14
4537,1,52.32403564453125,36.63,1,0,0.87,0:43:58
4538,1,28.79966735839844,36.63,1,0,0.87,0:42:01
4539,1,980.1451416015624,36.63,1,0,0.87,0:42:46
4540,1,72.12626647949219,36.63,1,0,0.87,0:47:45
4541,1,233.6640472412109,36.63,1,0,0.87,0:43:32
4542,1,2103.939453125,36.63,1,0,0.87,0:44:42
4543,1,91.7226791381836,36.63,1,0,0.87,0:42:41
4544,1,222.6948394775391,36.63,1,0,0.87,0:42:50
4545,1,286.9860229492188,36.63,1,0,0.87,0:42:31
4546,1,86.84709167480469,36.63,1,0,0.87,0:43:45
4547,1,397.1535034179688,36.63,1,0,0.87,0:43:49
4548,1,0.5217891335487366,36.63,1,0,0.87,0:43:13
4549,1,85.61605834960938,36.63,1,0,0.87,0:43:00
4550,1,259.998291015625,36.63,1,0,0.87,0:42:45
4551,1,91.7226791381836,36.63,1,0,0.87,0:44:00
4552,1,26.49992370605469,36.63,1,0,0.87,0:45:13
4553,1,361.4399108886719,36.63,1,0,0.87,0:44:26
4554,1,180.7409820556641,36.63,1,0,0.87,0:44:25
4555,1,392.9354553222656,36.63,1,0,0.87,0:44:39
4556,1,225.5588531494141,36.63,1,0,0.87,0:43:11
4557,1,224.9377288818359,36.63,1,0,0.87,0:44:06
4558,1,7.965522289276122,36.63,1,0,0.87,0:43:38
4559,1,59.33108520507812,36.63,1,0,0.87,0:43:27
4560,1,102.071533203125,36.63,1,0,0.87,0:44:27
4561,1,325.2479858398438,36.63,1,0,0.87,0:40:16
4562,1,248.1461334228516,36.63,1,0,0.87,0:42:46
4563,1,278.0033569335938,36.63,0,1,0.87,0:44:17
4564,1,167.9832916259766,36.63,1,0,0.87,0:42:26
4565,1,315.6446228027344,36.63,1,0,0.87,0:43:25
4566,1,263.49282836914057,36.63,1,0,0.87,0:43:28
4567,1,299.6451721191406,36.63,0,1,0.87,0:44:34
4568,1,71.8073501586914,36.63,1,0,0.87,0:43:24
4569,1,1.7231634855270392,36.63,0,1,0.87,0:44:45
4570,1,56.084815979003906,36.63,1,0,0.87,0:40:49
4571,2,259.998291015625,36.63,1,0,0.87,0:45:09
4572,1,396.658203125,36.63,1,0,0.87,0:42:29
4573,1,46.732627868652344,36.63,1,0,0.87,0:45:08
4574,1,427.2810668945312,36.63,1,0,0.87,0:45:18
4575,1,666.8341674804688,36.63,0,1,0.87,0:43:42
4576,1,39.18559646606445,36.63,1,0,0.87,0:45:04
4577,1,269.0430908203125,36.63,1,0,0.87,0:43:51
4578,1,676.4351806640625,36.63,1,0,0.87,0:43:42
4579,1,263.6666870117188,36.63,0,1,0.87,0:44:32
4580,1,220.0638275146484,36.63,1,0,0.87,0:42:47
4581,1,16.49083518981934,36.63,1,0,0.87,0:41:28
4582,1,393.3303833007812,36.63,1,0,0.87,0:42:52
4583,1,25.25222396850586,36.63,0,1,0.87,0:44:59
4584,1,67.57332611083984,36.63,1,0,0.87,0:45:04
4585,1,15.224977493286133,36.63,1,0,0.87,0:42:25
4586,1,71.8073501586914,36.63,1,0,0.87,0:41:01
4587,1,1387.646484375,36.63,1,0,0.87,0:43:11
4588,1,24.17752647399902,36.63,1,0,0.87,0:44:22
4589,1,3.920108318328857,36.63,0,1,0.87,0:40:45
4590,1,159.2595977783203,36.63,1,0,0.87,0:41:59
4591,1,230.2945404052734,36.63,1,0,0.87,0:42:30
4592,1,334.4909973144531,36.63,1,0,0.87,0:41:45
4593,1,131.7489013671875,36.63,1,0,0.87,0:43:54
4594,1,77.97574615478516,36.63,1,0,0.87,0:41:17
4595,1,46.78911590576172,36.63,1,0,0.87,0:43:49
4596,1,315.6446228027344,36.63,0,1,0.87,0:43:55
4597,1,84.88164520263672,36.63,1,0,0.87,0:44:08
4598,2,611.3375244140625,36.63,0,1,0.87,0:44:06
4599,1,55.0685920715332,36.63,1,0,0.87,0:44:26
4600,1,2893.0,36.63,1,0,0.87,0:46:19
4601,1,43.333152770996094,36.63,1,0,0.87,0:43:16
4602,1,181.5143737792969,36.63,1,0,0.87,0:43:57
4603,1,1105.029907226562,36.63,0,1,0.87,0:43:57
4604,1,270.566162109375,36.63,0,1,0.87,0:44:43
4605,1,1.475898504257202,36.63,1,0,0.87,0:45:02
4606,1,393.7900390625,36.63,1,0,0.87,0:42:56
4607,1,77.97574615478516,36.63,1,0,0.87,0:48:21
4608,1,1881.796875,36.63,1,0,0.87,0:43:33
4609,1,159.2595977783203,36.63,1,0,0.87,0:44:05
4610,1,224.9872589111328,36.63,1,0,0.87,0:42:50
4611,1,7.058139324188232,36.63,1,0,0.87,0:43:27
4612,1,16.84739112854004,36.63,0,1,0.87,0:43:48
4613,1,222.81597900390616,36.63,1,0,0.87,0:41:06
4614,1,210.49322509765616,36.63,1,0,0.87,0:43:07
4615,1,11.57025718688965,36.63,0,1,0.87,0:43:03
4616,1,3.1576759815216064,36.63,1,0,0.87,0:43:32
4617,1,149.1394653320312,36.63,1,0,0.87,0:44:11
4618,1,302.9169311523438,36.63,1,0,0.87,0:44:13
4619,1,232.4137268066406,36.63,0,1,0.87,0:43:03
4620,1,51.87637710571289,36.63,0,1,0.87,0:43:42
4621,1,105.6290054321289,36.63,1,0,0.87,0:43:14
4622,1,353.0921325683594,36.63,1,0,0.87,0:43:27
4623,1,102.18041229248051,36.63,1,0,0.87,0:44:46
4624,1,337.4805297851562,36.63,1,0,0.87,0:44:10
4625,1,10.9614315032959,36.63,1,0,0.87,0:44:36
4626,1,14.32654094696045,36.63,1,0,0.87,0:44:03
4627,1,2229.72216796875,36.63,1,0,0.87,0:43:39
4628,1,7.058139324188232,36.63,0,1,0.87,0:44:29
4629,1,112.8550796508789,36.63,1,0,0.87,0:43:06
4630,1,41.98091506958008,36.63,1,0,0.87,0:42:49
4631,1,22.02380752563477,36.63,1,0,0.87,0:44:09
4632,1,321.1102600097656,36.63,1,0,0.87,0:42:55
4633,1,233.2363739013672,36.63,1,0,0.87,0:42:55
4634,1,91.7226791381836,36.63,1,0,0.87,0:43:33
4635,1,614.4942016601562,36.63,0,1,0.87,0:46:05
4636,1,505.1585388183594,36.63,1,0,0.87,0:43:07
4637,1,134.9916687011719,36.63,0,1,0.87,0:45:31
4638,1,63.12728118896485,36.63,1,0,0.87,0:41:30
4639,1,31.97005462646484,36.63,1,0,0.87,0:42:46
4640,1,265.2646484375,36.63,1,0,0.87,0:43:16
4641,1,614.4942016601562,36.63,1,0,0.87,0:42:30
4642,1,268.64877319335943,36.63,1,0,0.87,0:43:41
4643,1,237.1077423095703,36.63,1,0,0.87,0:38:34
4644,1,904.0,36.63,1,0,0.87,0:44:31
4645,1,319.7898559570312,36.63,1,0,0.87,0:42:22
4646,1,254.7844543457031,36.63,1,0,0.87,0:43:24
4647,1,247.1052551269531,36.63,1,0,0.87,0:43:40
4648,1,259.998291015625,36.63,0,1,0.87,0:42:34
4649,1,257.22177124023443,36.63,1,0,0.87,0:42:37
4650,1,259.998291015625,36.63,1,0,0.87,0:42:23
4651,1,101.0343780517578,36.63,1,0,0.87,0:41:03
4652,1,275.6912841796875,36.63,1,0,0.87,0:45:07
4653,1,18.05331420898438,36.63,1,0,0.87,0:40:58
4654,1,45.11078643798828,36.63,1,0,0.87,0:44:47
4655,1,13.29267978668213,36.63,1,0,0.87,0:41:58
4656,1,278.07406616210943,36.63,1,0,0.87,0:42:55
4657,1,440.2154541015625,36.63,1,0,0.87,0:43:53
4658,1,61.94044494628906,36.63,1,0,0.87,0:42:38
4659,1,228.6362762451172,36.63,0,1,0.87,0:43:42
4660,1,149.1394653320312,36.63,1,0,0.87,0:40:07
4661,1,647.6728515625,36.63,1,0,0.87,0:41:17
4662,1,1300.004516601562,36.63,1,0,0.87,0:44:28
4663,1,51.94340515136719,36.63,1,0,0.87,0:45:37
4664,1,140.6603088378906,36.63,1,0,0.87,0:45:42
4665,1,7.965522289276122,36.63,1,0,0.87,0:41:11
4666,1,78.5858383178711,36.63,1,0,0.87,0:44:00
4667,1,666.8341674804688,36.63,0,1,0.87,0:44:31
4668,1,179.8980865478516,36.63,0,1,0.87,0:43:10
4669,1,243.8819274902344,36.63,1,0,0.87,0:43:54
4670,1,354.3406982421875,36.63,0,1,0.87,0:45:31
4671,1,187.1661834716797,36.63,1,0,0.87,0:42:05
4672,1,51.61442184448242,36.63,0,1,0.87,0:42:45
4673,1,14.32654094696045,36.63,0,1,0.87,0:45:08
4674,1,1.34741735458374,36.63,1,0,0.87,0:44:25
4675,1,15.224977493286133,36.63,1,0,0.87,0:44:29
4676,1,138.2874450683594,36.63,1,0,0.87,0:46:06
4677,1,55.65824508666992,36.63,1,0,0.87,0:45:15
4678,1,255.6479949951172,36.63,0,1,0.87,0:42:28
4679,1,384.0559692382812,36.63,0,1,0.87,0:42:58
4680,1,305.6573791503906,36.63,1,0,0.87,0:44:36
4681,1,50.26950454711914,36.63,1,0,0.87,0:40:40
4682,1,407.4927368164062,36.63,1,0,0.87,0:42:24
4683,1,2233.563720703125,36.63,1,0,0.87,0:43:15
4684,1,341.3320922851562,36.63,1,0,0.87,0:42:38
4685,1,11.82077217102051,36.63,0,1,0.87,0:43:38
4686,1,142.791748046875,36.63,1,0,0.87,0:44:49
4687,1,36.19046020507812,36.63,1,0,0.87,0:44:52
4688,1,4.943000316619873,36.63,1,0,0.87,0:45:55
4689,1,11.42669010162354,36.63,0,1,0.87,0:43:08
4690,1,39.94172286987305,36.63,1,0,0.87,0:44:41
4691,1,1831.0819091796882,36.63,1,0,0.87,0:44:36
4692,1,266.2826538085938,36.63,1,0,0.87,0:43:51
4693,1,320.0387878417969,36.63,1,0,0.87,0:44:32
4694,1,95.13848876953124,36.63,1,0,0.87,0:42:10
4695,1,450.9176635742188,36.63,1,0,0.87,0:43:58
4696,1,288.2652893066406,36.63,1,0,0.87,0:44:34
4697,1,544.2213134765625,36.63,1,0,0.87,0:39:58
4698,1,31.97005462646484,36.63,1,0,0.87,0:42:37
4699,1,29.80572700500488,36.63,1,0,0.87,0:42:18
4700,1,254.7844543457031,36.63,0,1,0.87,0:45:33
4701,1,35.90165328979492,36.63,1,0,0.87,0:44:51
4702,1,22.23203277587891,36.63,1,0,0.87,0:44:16
4703,1,31.2812614440918,36.63,1,0,0.87,0:43:58
4704,1,10.44183731079102,36.63,1,0,0.87,0:40:58
4705,1,291.1369323730469,36.63,1,0,0.87,0:43:20
4706,1,222.7997283935547,36.63,0,1,0.87,0:45:11
4707,1,38.32305526733398,36.63,1,0,0.87,0:44:53
4708,1,408.8565673828125,36.63,0,1,0.87,0:44:28
4709,1,18.05331420898438,36.63,0,1,0.87,0:44:41
4710,1,653.6278686523438,36.63,0,1,0.87,0:43:54
4711,1,606.4376831054688,36.63,1,0,0.87,0:42:49
4712,1,180.3200225830078,36.63,1,0,0.87,0:43:54
4713,1,1046.732788085938,36.63,1,0,0.87,0:43:57
4714,1,141.1389312744141,36.63,0,1,0.87,0:44:51
4715,1,368.4687805175781,36.63,0,1,0.87,0:42:33
4716,1,307.5173950195312,36.63,1,0,0.87,0:43:49
4717,1,222.7997283935547,36.63,0,1,0.87,0:43:53
4718,1,1623.9774169921882,36.63,0,1,0.87,0:44:05
4719,1,14.82353019714355,36.63,1,0,0.87,0:44:59
4720,1,57.34956359863281,36.63,1,0,0.87,0:43:52
4721,1,305.6573791503906,36.63,0,1,0.87,0:45:05
4722,1,188.2588348388672,36.63,1,0,0.87,0:44:31
4723,1,55.934326171875,36.63,1,0,0.87,0:44:15
4724,1,220.1817321777344,36.63,1,0,0.87,0:44:18
4725,1,259.998291015625,36.63,1,0,0.87,0:42:26
4726,1,1596.6729736328118,36.63,1,0,0.87,0:43:25
4727,1,9.22296905517578,36.63,1,0,0.87,0:41:52
4728,1,206.0,36.63,1,0,0.87,0:43:07
4729,1,239.3311767578125,36.63,1,0,0.87,0:43:10
4730,1,121.3621368408203,36.63,1,0,0.87,0:43:35
4731,1,77.97574615478516,36.63,0,1,0.87,0:45:28
4732,1,226.7956085205078,36.63,1,0,0.87,0:42:38
4733,1,152.0813446044922,36.63,0,1,0.87,0:42:00
4734,1,140.8886260986328,36.63,1,0,0.87,0:42:46
4735,1,157.0261993408203,36.63,0,1,0.87,0:42:46
4736,1,149.1394653320312,36.63,1,0,0.87,0:42:25
4737,1,200.3173065185547,36.63,1,0,0.87,0:42:25
4738,1,149.1394653320312,36.63,1,0,0.87,0:42:06
4739,1,57.82163619995117,36.63,1,0,0.87,0:42:35
4740,1,384.8033752441406,36.63,0,1,0.87,0:44:47
4741,1,137.57452392578122,36.63,1,0,0.87,0:45:27
4742,1,56.440467834472656,36.63,1,0,0.87,0:41:50
4743,1,278.0033569335938,36.63,1,0,0.87,0:42:05
4744,1,220.8075714111328,36.63,0,1,0.87,0:44:25
4745,1,12.0,36.63,1,0,0.87,0:43:42
4746,1,16.84739112854004,36.63,0,1,0.87,0:44:58
4747,1,278.5982666015625,36.63,1,0,0.87,0:45:26
4748,1,657.2290649414062,36.63,1,0,0.87,0:42:52
4749,1,1046.732788085938,36.63,1,0,0.87,0:42:34
4750,1,12.210763931274409,36.63,1,0,0.87,0:42:50
4751,1,170.169189453125,36.63,1,0,0.87,0:41:56
4752,1,109.1946792602539,36.63,1,0,0.87,0:42:36
4753,1,335.0653076171875,36.63,1,0,0.87,0:41:55
4754,1,219.0861511230469,36.63,1,0,0.87,0:44:50
4755,1,1623.9774169921882,36.63,1,0,0.87,0:42:26
4756,1,309.0383911132812,36.63,1,0,0.87,0:43:17
4757,1,12.0,36.63,1,0,0.87,0:43:38
4758,1,91.7226791381836,36.63,1,0,0.87,0:42:21
4759,1,104.0583648681641,36.63,1,0,0.87,0:45:20
4760,1,544.2213134765625,36.63,1,0,0.87,0:44:06
4761,1,58.99305725097656,36.63,1,0,0.87,0:43:04
4762,1,2.076677083969116,36.63,1,0,0.87,0:41:33
4763,1,305.2382202148438,36.63,1,0,0.87,0:43:44
4764,1,262.911865234375,36.63,0,1,0.87,0:46:14
4765,1,7.058139324188232,36.63,0,1,0.87,0:43:24
4766,1,8.241552352905272,36.63,1,0,0.87,0:42:16
4767,1,223.6062774658203,36.63,0,1,0.87,0:44:00
4768,1,194.7049560546875,36.63,0,1,0.87,0:42:41
4769,1,21.80615043640137,36.63,1,0,0.87,0:43:16
4770,1,222.7997283935547,36.63,1,0,0.87,0:42:54
4771,1,291.1369323730469,36.63,1,0,0.87,0:42:03
4772,1,197.0789337158203,36.63,0,1,0.87,0:44:54
4773,1,26.90760612487793,36.63,1,0,0.87,0:43:51
4774,1,133.0,36.63,1,0,0.87,0:43:50
4775,1,1.495869755744934,36.63,1,0,0.87,0:43:36
4776,1,189.8126220703125,36.63,1,0,0.87,0:42:28
4777,1,21.80615043640137,36.63,1,0,0.87,0:43:49
4778,1,15.224977493286133,36.63,0,1,0.87,0:45:19
4779,1,70.97525024414062,36.63,1,0,0.87,0:42:59
4780,1,2.228484630584717,36.63,0,1,0.87,0:42:10
4781,1,167.9832916259766,36.63,1,0,0.87,0:40:41
4782,1,11.05302143096924,36.63,1,0,0.87,0:44:57
4783,1,544.2213134765625,36.63,0,1,0.87,0:45:05
4784,1,77.97574615478516,36.63,1,0,0.87,0:45:27
4785,1,107.1270523071289,36.63,1,0,0.87,0:42:56
4786,1,10.44776248931885,36.63,0,1,0.87,0:43:41
4787,1,1046.732788085938,36.63,0,1,0.87,0:43:45
4788,1,295.7343444824219,36.63,0,1,0.87,0:43:46
4789,1,13.0,36.63,1,0,0.87,0:44:56
4790,1,11.603414535522461,36.63,1,0,0.87,0:43:34
4791,1,295.7343444824219,36.63,1,0,0.87,0:43:47
4792,1,149.1394653320312,36.63,1,0,0.87,0:45:22
4793,1,16.84739112854004,36.63,0,1,0.87,0:45:31
4794,1,24.55533409118652,36.63,1,0,0.87,0:44:29
4795,1,95.99735260009766,36.63,1,0,0.87,0:42:37
4796,1,8.94913387298584,36.63,0,1,0.87,0:43:18
4797,1,71.8073501586914,36.63,1,0,0.87,0:43:12
4798,1,1993.0521240234384,36.63,1,0,0.87,0:44:53
4799,1,181.5143737792969,36.63,1,0,0.87,0:40:25
4800,1,233.2363739013672,36.63,1,0,0.87,0:44:19
4801,1,276.05001831054693,36.63,1,0,0.87,0:44:21
4802,1,128.71272277832028,36.63,1,0,0.87,0:44:43
4803,1,16.00442504882812,36.63,1,0,0.87,0:42:45
4804,1,223.0571441650391,36.63,1,0,0.87,0:42:18
4805,1,312.5741882324219,36.63,1,0,0.87,0:42:45
4806,1,12.25817584991455,36.63,1,0,0.87,0:42:22
4807,1,10.44183731079102,36.63,1,0,0.87,0:44:13
4808,1,172.5128936767578,36.63,0,1,0.87,0:43:12
4809,1,220.8075714111328,36.63,1,0,0.87,0:42:50
4810,1,35.18864059448242,36.63,1,0,0.87,0:39:38
4811,1,254.4806976318359,36.63,1,0,0.87,0:44:50
4812,1,72.49528503417969,36.63,0,1,0.87,0:42:54
4813,1,326.9779968261719,36.63,1,0,0.87,0:42:55
4814,1,344.7054748535156,36.63,1,0,0.87,0:43:02
4815,1,363.4834289550781,36.63,1,0,0.87,0:43:04
4816,1,93.20311737060548,36.63,0,1,0.87,0:44:15
4817,1,200.3173065185547,36.63,0,1,0.87,0:42:10
4818,1,225.0845947265625,36.63,1,0,0.87,0:44:04
4819,1,10.44776248931885,36.63,0,1,0.87,0:44:51
4820,1,59.45719909667969,36.63,1,0,0.87,0:42:50
4821,1,91.7226791381836,36.63,1,0,0.87,0:41:54
4822,1,13.445884704589838,36.63,1,0,0.87,0:43:56
4823,1,205.3109893798828,36.63,1,0,0.87,0:44:51
4824,1,194.29931640625,36.63,1,0,0.87,0:44:08
4825,1,89.69725036621094,36.63,1,0,0.87,0:45:38
4826,1,200.158935546875,36.63,0,1,0.87,0:44:18
4827,1,123.2312469482422,36.63,1,0,0.87,0:43:37
4828,1,164.6177520751953,36.63,1,0,0.87,0:43:53
4829,1,46.23047637939453,36.63,0,1,0.87,0:44:10
4830,1,149.8865051269531,36.63,1,0,0.87,0:44:02
4831,1,218.9133148193359,36.63,1,0,0.87,0:45:05
4832,1,149.1394653320312,36.63,1,0,0.87,0:44:16
4833,1,50.91468048095703,36.63,0,1,0.87,0:44:52
4834,1,275.6912841796875,36.63,1,0,0.87,0:45:09
4835,1,51.61442184448242,36.63,0,1,0.87,0:44:10
4836,1,2.243182420730591,36.63,1,0,0.87,0:43:19
4837,1,72.69342041015625,36.63,1,0,0.87,0:44:52
4838,1,254.7844543457031,36.63,0,1,0.87,0:44:03
4839,1,259.998291015625,36.63,1,0,0.87,0:45:15
4840,1,198.2740936279297,36.63,1,0,0.87,0:44:18
4841,1,154.2336730957031,36.63,1,0,0.87,0:42:27
4842,1,337.4805297851562,36.63,1,0,0.87,0:45:49
4843,1,10.0096321105957,36.63,1,0,0.87,0:44:58
4844,1,5.066727638244629,36.63,1,0,0.87,0:44:55
4845,1,109.5065460205078,36.63,1,0,0.87,0:43:28
4846,1,8.082205772399902,36.63,1,0,0.87,0:45:55
4847,1,31.71040916442871,36.63,1,0,0.87,0:43:28
4848,1,196.8123321533203,36.63,1,0,0.87,0:42:17
4849,1,14.32654094696045,36.63,1,0,0.87,0:44:49
4850,1,294.5290832519531,36.63,1,0,0.87,0:43:58
4851,1,13.027480125427251,36.63,1,0,0.87,0:47:22
4852,1,19.8007926940918,36.63,1,0,0.87,0:43:19
4853,1,3.920108318328857,36.63,1,0,0.87,0:44:01
4854,1,13.074999809265142,36.63,1,0,0.87,0:44:40
4855,1,11.65731906890869,36.63,1,0,0.87,0:43:51
4856,1,11.261268615722662,36.63,1,0,0.87,0:43:59
4857,1,79.19601440429688,36.63,1,0,0.87,0:42:54
4858,1,189.8126220703125,36.63,1,0,0.87,0:43:53
4859,1,5.445359230041504,36.63,1,0,0.87,0:45:02
4860,1,259.998291015625,36.63,0,1,0.87,0:44:41
4861,1,272.28091430664057,36.63,1,0,0.87,0:42:32
4862,1,171.7709808349609,36.63,1,0,0.87,0:44:57
4863,1,20.15006828308105,36.63,0,1,0.87,0:46:28
4864,1,32.102649688720696,36.63,1,0,0.87,0:43:53
4865,1,181.5143737792969,36.63,1,0,0.87,0:45:05
4866,1,544.2213134765625,36.63,1,0,0.87,0:44:17
4867,1,252.9573211669922,36.63,1,0,0.87,0:43:14
4868,1,108.9886856079102,36.63,1,0,0.87,0:44:36
4869,1,18.05331420898438,36.63,1,0,0.87,0:41:41
4870,1,131.4553527832031,36.63,1,0,0.87,0:42:55
4871,1,52.69355010986328,36.63,1,0,0.87,0:43:48
4872,1,1.5206717252731317,36.63,1,0,0.87,0:42:27
4873,1,15.69310474395752,36.63,1,0,0.87,0:45:09
4874,1,223.7906799316406,36.63,1,0,0.87,0:45:05
4875,1,10.054220199584961,36.63,0,1,0.87,0:45:52
4876,1,15.35191059112549,36.63,1,0,0.87,0:42:15
4877,1,222.7997283935547,36.63,1,0,0.87,0:39:07
4878,1,32.81052398681641,36.63,1,0,0.87,0:43:30
4879,1,250.0541687011719,36.63,1,0,0.87,0:42:43
4880,1,305.2382202148438,36.63,1,0,0.87,0:43:49
4881,1,0.5217891335487366,36.63,1,0,0.87,0:45:10
4882,1,33.09881210327148,36.63,1,0,0.87,0:43:24
4883,1,126.11046600341801,36.63,1,0,0.87,0:43:09
4884,1,5.772377490997314,36.63,1,0,0.87,0:44:32
4885,1,263.1090087890625,36.63,1,0,0.87,0:45:26
4886,1,186.1188812255859,36.63,1,0,0.87,0:45:21
4887,1,6.293436527252197,36.63,1,0,0.87,0:42:37
4888,1,571.0994873046875,36.63,1,0,0.87,0:43:36
4889,1,321.9679870605469,36.63,1,0,0.87,0:43:54
4890,1,195.6222991943359,36.63,1,0,0.87,0:42:31
4891,1,181.5143737792969,36.63,0,1,0.87,0:44:53
4892,1,361.3875427246094,36.63,1,0,0.87,0:42:37
4893,1,316.2669372558594,36.63,1,0,0.87,0:44:38
4894,1,16.83182334899902,36.63,1,0,0.87,0:43:20
4895,1,77.97574615478516,36.63,1,0,0.87,0:41:46
4896,1,167.9832916259766,36.63,1,0,0.87,0:43:53
4897,1,105.59640502929692,36.63,1,0,0.87,0:43:32
4898,1,10.44183731079102,36.63,1,0,0.87,0:43:18
4899,1,5.675545692443848,36.63,1,0,0.87,0:45:33
4900,1,15.55781936645508,36.63,1,0,0.87,0:44:36
4901,1,280.774658203125,36.63,1,0,0.87,0:42:34
4902,1,56.00885772705078,36.63,1,0,0.87,0:45:05
4903,1,31.97005462646484,36.63,0,1,0.87,0:43:08
4904,1,86.84709167480469,36.63,0,1,0.87,0:43:08
4905,1,16.83182334899902,36.63,1,0,0.87,0:43:08
4906,1,263.49282836914057,36.63,1,0,0.87,0:43:30
4907,1,19.23562431335449,36.63,0,1,0.87,0:47:13
4908,1,424.5280151367188,36.63,1,0,0.87,0:43:59
4909,1,51.03147506713867,36.63,1,0,0.87,0:44:39
4910,1,110.1000442504883,36.63,1,0,0.87,0:43:37
4911,1,380.0,36.63,1,0,0.87,0:44:48
4912,1,225.5588531494141,36.63,1,0,0.87,0:41:55
4913,1,285.3211059570312,36.63,1,0,0.87,0:43:30
4914,1,21.44261741638184,36.63,1,0,0.87,0:42:09
4915,1,315.9778747558594,36.63,1,0,0.87,0:45:38
4916,1,73.68095397949219,36.63,1,0,0.87,0:43:02
4917,1,7.965522289276122,36.63,1,0,0.87,0:44:49
4918,1,56.00885772705078,36.63,1,0,0.87,0:45:28
4919,1,5.0,36.63,0,1,0.87,0:45:00
4920,1,614.4942016601562,36.63,1,0,0.87,0:42:46
4921,1,67.96146392822266,36.63,1,0,0.87,0:44:21
4922,1,152.9582672119141,36.63,0,1,0.87,0:43:41
4923,1,1643.08056640625,36.63,0,1,0.87,0:43:42
4924,1,140.6603088378906,36.63,1,0,0.87,0:44:31
4925,1,210.83978271484384,36.63,1,0,0.87,0:46:19
4926,1,300.2761840820312,36.63,1,0,0.87,0:42:29
4927,1,251.0852508544922,36.63,0,1,0.87,0:45:54
4928,1,16.00102424621582,36.63,0,1,0.87,0:43:02
4929,1,5.445359230041504,36.63,1,0,0.87,0:46:20
4930,1,259.998291015625,36.63,1,0,0.87,0:43:58
4931,1,186.5994720458984,36.63,1,0,0.87,0:44:37
4932,1,59.02432632446289,36.63,1,0,0.87,0:43:44
4933,1,380.0,36.63,0,1,0.87,0:44:15
4934,1,144.104248046875,36.63,1,0,0.87,0:44:53
4935,1,184.5129699707031,36.63,1,0,0.87,0:43:34
4936,1,149.9436340332031,36.63,1,0,0.87,0:43:27
4937,1,1596.6729736328118,36.63,0,1,0.87,0:43:05
4938,1,194.4031066894531,36.63,1,0,0.87,0:44:07
4939,1,0.0,36.63,1,0,0.87,0:44:45
4940,1,188.2260437011719,36.63,1,0,0.87,0:45:44
4941,1,9.664861679077148,36.63,0,1,0.87,0:43:50
4942,1,273.54550170898443,36.63,1,0,0.87,0:45:00
4943,1,10.44183731079102,36.63,0,1,0.87,0:46:25
4944,1,81.3333740234375,36.63,1,0,0.87,0:45:49
4945,1,31.2812614440918,36.63,0,1,0.87,0:45:14
4946,1,51.94340515136719,36.63,1,0,0.87,0:44:56
4947,1,320.0387878417969,36.63,1,0,0.87,0:42:36
4948,1,4.784560680389403,36.63,1,0,0.87,0:41:39
4949,1,1525.08740234375,36.63,1,0,0.87,0:43:50
4950,1,1525.08740234375,36.63,1,0,0.87,0:42:08
4951,1,259.998291015625,36.63,1,0,0.87,0:44:50
4952,1,15.859853744506841,36.63,0,1,0.87,0:45:40
4953,1,19.91307258605957,36.63,1,0,0.87,0:42:40
4954,1,1452.274169921875,36.63,1,0,0.87,0:41:44
4955,1,120.9079360961914,36.63,1,0,0.87,0:42:37
4956,1,29.1304931640625,36.63,1,0,0.87,0:43:18
4957,1,254.7844543457031,36.63,0,1,0.87,0:42:29
4958,1,1386.9697265625,36.63,1,0,0.87,0:44:23
4959,1,2147.357421875,36.63,1,0,0.87,0:44:16
4960,1,89.75890350341797,36.63,1,0,0.87,0:43:06
4961,1,44.02128601074219,36.63,0,1,0.87,0:46:24
4962,1,10.44183731079102,36.63,1,0,0.87,0:43:53
4963,1,237.6291656494141,36.63,0,1,0.87,0:42:58
4964,1,50.04737091064453,36.63,1,0,0.87,0:43:20
4965,1,15.711705207824712,36.63,1,0,0.87,0:42:20
4966,1,7.965522289276122,36.63,1,0,0.87,0:44:55
4967,1,316.4576721191406,36.63,1,0,0.87,0:44:01
4968,1,203.7541961669922,36.63,1,0,0.87,0:42:52
4969,1,137.57452392578122,36.63,1,0,0.87,0:46:26
4970,1,333.7080078125,36.63,1,0,0.87,0:44:55
4971,1,286.8392639160156,36.63,1,0,0.87,0:42:55
4972,1,28.003864288330078,36.63,1,0,0.87,0:43:33
4973,1,128.44091796875,36.63,1,0,0.87,0:43:08
4974,1,380.0,36.63,1,0,0.87,0:45:18
4975,1,3.652831315994263,36.63,1,0,0.87,0:44:28
4976,1,149.1394653320312,36.63,1,0,0.87,0:45:33
4977,1,10.44183731079102,36.63,1,0,0.87,0:42:48
4978,1,367.612060546875,36.63,1,0,0.87,0:45:07
4979,1,181.5143737792969,36.63,1,0,0.87,0:44:48
4980,1,22.876567840576172,36.63,1,0,0.87,0:42:35
4981,1,14.070459365844732,36.63,1,0,0.87,0:45:02
4982,1,181.5143737792969,36.63,1,0,0.87,0:44:48
4983,1,1831.0819091796882,36.63,0,1,0.87,0:43:53
4984,1,188.2588348388672,36.63,1,0,0.87,0:40:40
4985,1,23.4271125793457,36.63,0,1,0.87,0:42:33
4986,1,0.6114726066589355,36.63,1,0,0.87,0:43:40
4987,1,251.0852508544922,36.63,1,0,0.87,0:44:00
4988,1,10.96754741668701,36.63,1,0,0.87,0:44:51
4989,1,1596.6729736328118,36.63,0,1,0.87,0:40:10
4990,1,0.1636374741792679,36.63,1,0,0.87,0:43:08
4991,1,167.9832916259766,36.63,1,0,0.87,0:40:21
4992,1,184.2229766845703,36.63,1,0,0.87,0:44:20
4993,1,173.3882141113281,36.63,1,0,0.87,0:45:01
4994,1,12.35730648040771,36.63,1,0,0.87,0:44:51
4995,1,47.49871826171875,36.63,0,1,0.87,0:45:54
4996,1,254.7844543457031,36.63,1,0,0.87,0:45:05
4997,1,1.7231634855270392,36.63,1,0,0.87,0:43:53
4998,1,19.8007926940918,36.63,1,0,0.87,0:45:57
4999,1,129.23515319824222,36.63,1,0,0.87,0:39:00
5000,1,9.367314338684082,36.63,0,1,0.87,0:45:13
5001,1,18.05331420898438,36.63,1,0,0.87,0:42:02
5002,1,378.9844665527344,36.63,1,0,0.87,0:43:46
5003,1,113.38473510742192,36.63,0,1,0.87,0:45:49
5004,1,47.80936050415039,36.63,1,0,0.87,0:45:44
5005,1,14.566981315612788,36.63,0,1,0.87,0:45:09
5006,1,222.7997283935547,36.63,1,0,0.87,0:42:46
5007,1,2154.8720703125,36.63,1,0,0.87,0:41:17
5008,1,181.5143737792969,36.63,0,1,0.87,0:45:47
5009,1,10.0096321105957,36.63,1,0,0.87,0:44:36
5010,1,46.06622695922852,36.63,1,0,0.87,0:44:02
5011,1,291.1369323730469,36.63,1,0,0.87,0:43:51
5012,1,105.6290054321289,36.63,0,1,0.87,0:46:11
5013,1,20.64476203918457,36.63,1,0,0.87,0:44:56
5014,1,2.335977554321289,36.63,0,1,0.87,0:44:09
5015,1,19.48332405090332,36.63,1,0,0.87,0:46:25
5016,1,421.3871459960938,36.63,1,0,0.87,0:43:47
5017,1,260.0,36.63,1,0,0.87,0:41:47
5018,1,200.8847808837891,36.63,1,0,0.87,0:42:50
5019,1,1976.76318359375,36.63,1,0,0.87,0:43:05
5020,1,186.6110992431641,36.63,1,0,0.87,0:45:40
5021,1,104.0583648681641,36.63,1,0,0.87,0:45:06
5022,1,228.6362762451172,36.63,1,0,0.87,0:45:50
5023,1,77.97574615478516,36.63,1,0,0.87,0:42:28
5024,1,194.29931640625,36.63,1,0,0.87,0:42:37
5025,1,16.83182334899902,36.63,1,0,0.87,0:43:18
5026,1,281.6367797851562,36.63,1,0,0.87,0:44:26
5027,1,89.22360229492188,36.63,1,0,0.87,0:44:24
5028,1,17.57425117492676,36.63,1,0,0.87,0:45:40
5029,1,259.998291015625,36.63,1,0,0.87,0:43:02
5030,1,181.5143737792969,36.63,1,0,0.87,0:42:49
5031,1,259.1221923828125,36.63,1,0,0.87,0:44:34
5032,1,12.58986759185791,36.63,1,0,0.87,0:43:58
5033,1,16.84739112854004,36.63,0,1,0.87,0:44:33
5034,1,26.3637809753418,36.63,1,0,0.87,0:43:53
5035,1,20.15006828308105,36.63,0,1,0.87,0:46:24
5036,1,9.416722297668457,36.63,1,0,0.87,0:43:35
5037,1,183.7735900878906,36.63,1,0,0.87,0:44:22
5038,1,2.335977554321289,36.63,1,0,0.87,0:43:39
5039,1,318.2921142578125,36.63,1,0,0.87,0:44:14
5040,1,45.1541862487793,36.63,1,0,0.87,0:45:42
5041,1,18.80724906921387,36.63,1,0,0.87,0:45:47
5042,1,41.13945007324219,36.63,1,0,0.87,0:43:34
5043,1,22.02759552001953,36.63,1,0,0.87,0:45:04
5044,1,183.0,36.63,0,1,0.87,0:43:34
5045,1,883.9678344726562,36.63,1,0,0.87,0:43:41
5046,1,4.8699212074279785,36.63,1,0,0.87,0:45:34
5047,1,18.35553169250488,36.63,1,0,0.87,0:47:41
5048,1,157.2373657226562,36.63,1,0,0.87,0:44:15
5049,1,227.6855926513672,36.63,0,1,0.87,0:45:09
5050,1,209.6654205322266,36.63,0,1,0.87,0:42:35
5051,1,16.84739112854004,36.63,1,0,0.87,0:47:19
5052,1,14.566981315612788,36.63,1,0,0.87,0:42:44
5053,1,230.6024169921875,36.63,1,0,0.87,0:40:47
5054,1,147.3282012939453,36.63,1,0,0.87,0:43:16
5055,1,149.1394653320312,36.63,0,1,0.87,0:46:11
5056,1,125.2499847412109,36.63,1,0,0.87,0:45:43
5057,1,1596.6729736328118,36.63,0,1,0.87,0:45:46
5058,1,259.998291015625,36.63,1,0,0.87,0:43:22
5059,1,159.2595977783203,36.63,0,1,0.87,0:45:54
5060,1,197.583984375,36.63,1,0,0.87,0:45:06
5061,1,259.998291015625,36.63,1,0,0.87,0:42:58
5062,1,167.9832916259766,36.63,0,1,0.87,0:46:01
5063,1,31.71040916442871,36.63,1,0,0.87,0:43:57
5064,1,18.31573867797852,36.63,1,0,0.87,0:43:55
5065,1,42.4488639831543,36.63,1,0,0.87,0:45:41
5066,1,242.60614013671884,36.63,1,0,0.87,0:45:21
5067,1,5.22021484375,36.63,0,1,0.87,0:44:10
5068,1,291.1369323730469,36.63,1,0,0.87,0:44:54
5069,1,344.7054748535156,36.63,1,0,0.87,0:45:33
5070,1,259.998291015625,36.63,1,0,0.87,0:41:41
5071,1,181.5143737792969,36.63,1,0,0.87,0:41:40
5072,1,275.064453125,36.63,0,1,0.87,0:43:58
5073,1,614.4942016601562,36.63,0,1,0.87,0:46:09
5074,1,1046.732788085938,36.63,1,0,0.87,0:42:59
5075,1,614.4942016601562,36.63,1,0,0.87,0:44:26
5076,1,1623.9774169921882,36.63,1,0,0.87,0:45:05
5077,1,180.2863311767578,36.63,1,0,0.87,0:42:12
5078,1,30.13729858398438,36.63,0,1,0.87,0:43:28
5079,1,259.998291015625,36.63,1,0,0.87,0:43:42
5080,1,15.55781936645508,36.63,1,0,0.87,0:43:20
5081,1,1596.6729736328118,36.63,0,1,0.87,0:45:07
5082,1,259.998291015625,36.63,0,1,0.87,0:44:56
5083,1,176.6798248291016,36.63,1,0,0.87,0:43:50
5084,1,315.6446228027344,36.63,1,0,0.87,0:43:01
5085,1,47.73261642456055,36.63,1,0,0.87,0:45:33
5086,1,259.998291015625,36.63,0,1,0.87,0:44:13
5087,1,259.998291015625,36.63,1,0,0.87,0:44:54
5088,1,56.084815979003906,36.63,1,0,0.87,0:43:22
5089,1,421.3871459960938,36.63,1,0,0.87,0:42:50
5090,1,322.8241882324219,36.63,1,0,0.87,0:39:24
5091,1,84.5443344116211,36.63,1,0,0.87,0:44:00
5092,1,6.090157508850098,36.63,1,0,0.87,0:42:08
5093,1,1596.6729736328118,36.63,1,0,0.87,0:45:13
5094,1,263.49282836914057,36.63,1,0,0.87,0:43:19
5095,1,10.44183731079102,36.63,0,1,0.87,0:44:37
5096,1,131.4553527832031,36.63,1,0,0.87,0:43:42
5097,1,166.3133697509766,36.63,1,0,0.87,0:43:49
5098,1,18.05331420898438,36.63,1,0,0.87,0:39:07
5099,1,20.82563400268555,36.63,1,0,0.87,0:43:09
5100,1,35.90165328979492,36.63,1,0,0.87,0:45:02
5101,1,104.0583648681641,36.63,1,0,0.87,0:45:23
5102,1,69.64772033691406,36.63,1,0,0.87,0:44:52
5103,1,254.7844543457031,36.63,0,1,0.87,0:44:40
5104,1,13.074999809265142,36.63,1,0,0.87,0:45:14
5105,1,212.4296722412109,36.63,1,0,0.87,0:43:53
5106,1,1134.373168945312,36.63,1,0,0.87,0:44:05
5107,1,159.0066070556641,36.63,1,0,0.87,0:43:38
5108,1,318.2921142578125,36.63,1,0,0.87,0:42:50
5109,1,242.7269287109375,36.63,1,0,0.87,0:45:15
5110,1,77.44851684570312,36.63,0,1,0.87,0:43:37
5111,1,1413.3297119140618,36.63,1,0,0.87,0:43:58
5112,1,237.6291656494141,36.63,0,1,0.87,0:43:05
5113,1,29.92440032958984,36.63,0,1,0.87,0:44:29
5114,1,38.78234481811523,36.63,0,1,0.87,0:42:34
5115,1,152.9394073486328,36.63,1,0,0.87,0:43:19
5116,1,140.6603088378906,36.63,0,1,0.87,0:43:59
5117,1,219.4850006103516,36.63,1,0,0.87,0:43:15
5118,1,108.9886856079102,36.63,0,1,0.87,0:45:51
5119,1,147.2976989746094,36.63,1,0,0.87,0:38:34
5120,1,187.2318572998047,36.63,0,1,0.87,0:45:48
5121,1,16.84739112854004,36.63,0,1,0.87,0:45:33
5122,1,5.020810604095459,36.63,1,0,0.87,0:45:48
5123,1,199.5542297363281,36.63,1,0,0.87,0:44:11
5124,1,380.0,36.63,0,1,0.87,0:45:09
5125,1,198.6672515869141,36.63,1,0,0.87,0:43:02
5126,1,86.84709167480469,36.63,1,0,0.87,0:44:35
5127,1,237.6291656494141,36.63,1,0,0.87,0:43:54
5128,1,167.9832916259766,36.63,0,1,0.87,0:41:00
5129,1,278.0640869140625,36.63,1,0,0.87,0:42:04
5130,1,211.7729034423828,36.63,1,0,0.87,0:44:04
5131,1,1371.919311523438,36.63,1,0,0.87,0:42:04
5132,1,181.5143737792969,36.63,0,1,0.87,0:45:54
5133,1,147.2976989746094,36.63,1,0,0.87,0:43:14
5134,1,259.998291015625,36.63,1,0,0.87,0:44:29
5135,1,35.90165328979492,36.63,1,0,0.87,0:44:33
5136,1,207.2844543457031,36.63,0,1,0.87,0:43:56
5137,1,0.1636374741792679,36.63,1,0,0.87,0:42:21
5138,1,237.6291656494141,36.63,1,0,0.87,0:44:53
5139,1,111.1497421264648,36.63,1,0,0.87,0:43:24
5140,1,396.0248413085938,36.63,1,0,0.87,0:43:29
5141,1,219.4850006103516,36.63,0,1,0.87,0:46:43
5142,1,262.5374755859375,36.63,1,0,0.87,0:44:20
5143,1,10.58761978149414,36.63,1,0,0.87,0:43:47
5144,1,269.94485473632807,36.63,1,0,0.87,0:44:45
5145,1,1596.6729736328118,36.63,1,0,0.87,0:44:03
5146,1,288.7517395019531,36.63,1,0,0.87,0:43:12
5147,1,7.058139324188232,36.63,0,1,0.87,0:43:12
5148,1,222.5330810546875,36.63,0,1,0.87,0:44:03
5149,1,15.5554141998291,36.63,1,0,0.87,0:45:25
5150,1,270.184326171875,36.63,1,0,0.87,0:43:23
5151,1,56.084815979003906,36.63,1,0,0.87,0:43:55
5152,1,195.0442352294922,36.63,1,0,0.87,0:43:29
5153,1,71.07490539550781,36.63,1,0,0.87,0:45:05
5154,1,2.952972412109375,36.63,1,0,0.87,0:41:16
5155,1,11.05302143096924,36.63,1,0,0.87,0:41:53
5156,1,58.46787643432617,36.63,1,0,0.87,0:44:34
5157,2,1596.6729736328118,36.63,1,0,0.87,0:44:38
5158,1,1452.274169921875,36.63,0,1,0.87,0:42:00
5159,1,4.016949653625488,36.63,0,1,0.87,0:43:01
5160,1,17.80105018615723,36.63,1,0,0.87,0:45:14
5161,1,321.1102600097656,36.63,1,0,0.87,0:42:22
5162,1,403.1315612792969,36.63,1,0,0.87,0:42:52
5163,1,122.5372314453125,36.63,0,1,0.87,0:43:44
5164,1,614.4942016601562,36.63,1,0,0.87,0:46:00
5165,1,315.6446228027344,36.63,0,1,0.87,0:44:19
5166,1,1544.9874267578118,36.63,1,0,0.87,0:42:31
5167,1,39.50500869750977,36.63,1,0,0.87,0:45:49
5168,1,219.4850006103516,36.63,1,0,0.87,0:44:53
5169,1,159.9830627441406,36.63,1,0,0.87,0:43:43
5170,1,236.900634765625,36.63,1,0,0.87,0:45:02
5171,1,126.1217880249023,36.63,1,0,0.87,0:45:02
5172,1,799.8717651367188,36.63,1,0,0.87,0:44:11
5173,1,278.0033569335938,36.63,0,1,0.87,0:45:22
5174,1,226.7956085205078,36.63,1,0,0.87,0:46:25
5175,1,11.05302143096924,36.63,1,0,0.87,0:43:38
5176,1,19.07254981994629,36.63,1,0,0.87,0:45:07
5177,1,1046.732788085938,36.63,1,0,0.87,0:46:14
5178,1,873.9188842773438,36.63,1,0,0.87,0:44:10
5179,1,181.5143737792969,36.63,1,0,0.87,0:42:09
5180,1,47.58063888549805,36.63,1,0,0.87,0:41:36
5181,1,16.84739112854004,36.63,1,0,0.87,0:44:26
5182,1,31.97005462646484,36.63,1,0,0.87,0:46:24
5183,1,1332.598876953125,36.63,0,1,0.87,0:44:17
5184,1,86.84709167480469,36.63,1,0,0.87,0:43:32
5185,1,62.17602157592773,36.63,0,1,0.87,0:44:12
5186,1,178.32672119140616,36.63,1,0,0.87,0:44:59
5187,1,188.7398834228516,36.63,1,0,0.87,0:44:23
5188,1,14.447757720947273,36.63,1,0,0.87,0:45:25
5189,1,16.00102424621582,36.63,0,1,0.87,0:44:59
5190,1,11.05302143096924,36.63,0,1,0.87,0:44:08
5191,1,73.2974853515625,36.63,0,1,0.87,0:44:56
5192,1,10.44183731079102,36.63,0,1,0.87,0:44:59
5193,1,134.9916687011719,36.63,1,0,0.87,0:46:19
5194,1,288.7035522460938,36.63,1,0,0.87,0:43:48
5195,1,128.1840515136719,36.63,1,0,0.87,0:44:33
5196,1,80.1837158203125,36.63,1,0,0.87,0:45:01
5197,1,69.64772033691406,36.63,1,0,0.87,0:42:50
5198,1,395.6679992675781,36.63,1,0,0.87,0:45:16
5199,1,767.4879150390625,36.63,1,0,0.87,0:43:43
5200,1,259.998291015625,36.63,0,1,0.87,0:45:15
5201,1,178.0330810546875,36.63,1,0,0.87,0:45:34
5202,1,262.3564453125,36.63,0,1,0.87,0:43:38
5203,1,50.26950454711914,36.63,1,0,0.87,0:43:14
5204,1,218.9133148193359,36.63,1,0,0.87,0:44:22
5205,1,614.4942016601562,36.63,0,1,0.87,0:46:00
5206,1,360.6583251953125,36.63,0,1,0.87,0:43:22
5207,1,3.6919877529144287,36.63,1,0,0.87,0:44:31
5208,1,187.2318572998047,36.63,1,0,0.87,0:41:54
5209,1,13.70660877227783,36.63,1,0,0.87,0:44:44
5210,1,259.998291015625,36.63,1,0,0.87,0:43:21
5211,1,140.5701599121094,36.63,1,0,0.87,0:44:13
5212,1,877.8095703125,36.63,1,0,0.87,0:42:04
5213,1,223.37884521484384,36.63,1,0,0.87,0:43:52
5214,1,225.0845947265625,36.63,1,0,0.87,0:45:16
5215,1,1976.76318359375,36.63,0,1,0.87,0:44:15
5216,1,104.0583648681641,36.63,1,0,0.87,0:43:30
5217,1,232.5149993896484,36.63,1,0,0.87,0:44:48
5218,1,2.435819149017334,36.63,0,1,0.87,0:45:48
5219,1,31.2812614440918,36.63,0,1,0.87,0:44:40
5220,1,106.9011688232422,36.63,1,0,0.87,0:42:16
5221,1,91.18213653564452,36.63,1,0,0.87,0:44:58
5222,1,35.91743850708008,36.63,1,0,0.87,0:43:06
5223,1,378.9844665527344,36.63,1,0,0.87,0:44:52
5224,1,184.2229766845703,36.63,0,1,0.87,0:46:17
5225,1,180.2863311767578,36.63,1,0,0.87,0:45:15
5226,1,614.4942016601562,36.63,1,0,0.87,0:45:36
5227,1,16.84739112854004,36.63,1,0,0.87,0:43:34
5228,1,2.022631406784058,36.63,1,0,0.87,0:41:31
5229,1,30.91286468505859,36.63,0,1,0.87,0:43:01
5230,1,57.21894454956055,36.63,1,0,0.87,0:43:56
5231,1,45.07054901123047,36.63,1,0,0.87,0:43:20
5232,1,18.36637115478516,36.63,1,0,0.87,0:44:32
5233,1,873.9188842773438,36.63,1,0,0.87,0:43:10
5234,1,6.472280979156494,36.63,0,1,0.87,0:43:13
5235,1,11.643675804138178,36.63,1,0,0.87,0:42:51
5236,1,24.13339424133301,36.63,1,0,0.87,0:42:43
5237,1,7.058139324188232,36.63,1,0,0.87,0:45:42
5238,1,3.920108318328857,36.63,1,0,0.87,0:44:09
5239,1,187.2318572998047,36.63,1,0,0.87,0:42:45
5240,1,259.998291015625,36.63,1,0,0.87,0:44:34
5241,1,656.0,36.63,1,0,0.87,0:44:34
5242,1,159.2595977783203,36.63,1,0,0.87,0:45:17
5243,1,1137.075439453125,36.63,0,1,0.87,0:44:11
5244,1,194.2318115234375,36.63,1,0,0.87,0:46:12
5245,1,263.39871215820307,36.63,1,0,0.87,0:40:14
5246,1,24.25078392028809,36.63,1,0,0.87,0:43:28
5247,1,2233.563720703125,36.63,0,1,0.87,0:43:18
5248,1,152.9394073486328,36.63,1,0,0.87,0:46:08
5249,1,426.6172485351562,36.63,1,0,0.87,0:43:58
5250,1,86.89449310302734,36.63,0,1,0.87,0:45:35
5251,1,48.00765991210938,36.63,1,0,0.87,0:44:01
5252,1,63.713539123535156,36.63,0,1,0.87,0:44:58
5253,1,30.32940864562988,36.63,1,0,0.87,0:44:18
5254,1,9.291970252990724,36.63,1,0,0.87,0:43:14
5255,1,10.44776248931885,36.63,0,1,0.87,0:45:38
5256,1,142.3497009277344,36.63,1,0,0.87,0:41:42
5257,1,17.80105018615723,36.63,1,0,0.87,0:42:41
5258,1,89.69725036621094,36.63,1,0,0.87,0:45:12
5259,1,266.7150268554688,36.63,0,1,0.87,0:45:29
5260,1,39.35714340209961,36.63,1,0,0.87,0:42:36
5261,1,16.83182334899902,36.63,1,0,0.87,0:43:55
5262,1,4.784560680389403,36.63,0,1,0.87,0:46:14
5263,1,291.1369323730469,36.63,1,0,0.87,0:44:00
5264,1,37.89851379394531,36.63,1,0,0.87,0:42:41
5265,1,291.1369323730469,36.63,1,0,0.87,0:42:17
5266,1,93.54161071777344,36.63,1,0,0.87,0:43:57
5267,1,137.57452392578122,36.63,0,1,0.87,0:46:05
5268,1,67.57332611083984,36.63,1,0,0.87,0:46:05
5269,1,11.085031509399409,36.63,0,1,0.87,0:46:51
5270,1,160.2061157226562,36.63,1,0,0.87,0:43:26
5271,1,183.0,36.63,1,0,0.87,0:44:48
5272,1,35.90165328979492,36.63,1,0,0.87,0:44:39
5273,3,90.44234466552734,36.63,1,0,0.87,0:42:49
5274,1,47.8336410522461,36.63,1,0,0.87,0:43:36
5275,1,5.555201530456543,36.63,1,0,0.87,0:41:35
5276,1,175.54205322265616,36.63,1,0,0.87,0:45:51
5277,1,16.83182334899902,36.63,0,1,0.87,0:45:22
5278,1,33.1964111328125,36.63,0,1,0.87,0:42:04
5279,1,270.184326171875,36.63,0,1,0.87,0:43:23
5280,1,395.5172119140625,36.63,1,0,0.87,0:44:59
5281,1,181.5143737792969,36.63,0,1,0.87,0:46:14
5282,1,11.89264678955078,36.63,0,1,0.87,0:45:19
5283,1,23.78700828552246,36.63,1,0,0.87,0:45:37
5284,1,31.2812614440918,36.63,1,0,0.87,0:41:14
5285,1,10.44776248931885,36.63,1,0,0.87,0:45:12
5286,1,167.9832916259766,36.63,1,0,0.87,0:44:09
5287,1,14.070459365844732,36.63,0,1,0.87,0:45:31
5288,1,259.998291015625,36.63,1,0,0.87,0:46:05
5289,1,403.4977416992188,36.63,0,1,0.87,0:43:44
5290,1,16.83182334899902,36.63,0,1,0.87,0:41:18
5291,1,9.666062355041504,36.63,0,1,0.87,0:45:28
5292,1,5.387619018554688,36.63,1,0,0.87,0:45:16
5293,1,52.21719360351562,36.63,1,0,0.87,0:42:49
5294,1,399.9556579589844,36.63,1,0,0.87,0:44:22
5295,1,516.6248779296875,36.63,1,0,0.87,0:43:12
5296,1,8.343544006347656,36.63,1,0,0.87,0:43:01
5297,1,9.03772258758545,36.63,1,0,0.87,0:42:45
5298,1,1816.216796875,36.63,1,0,0.87,0:45:15
5299,1,7.058139324188232,36.63,1,0,0.87,0:47:48
5300,1,7.965522289276122,36.63,1,0,0.87,0:43:49
5301,1,11.81306838989258,36.63,1,0,0.87,0:41:41
5302,1,343.5472106933594,36.63,1,0,0.87,0:43:40
5303,1,71.07490539550781,36.63,1,0,0.87,0:45:02
5304,1,180.2863311767578,36.63,0,1,0.87,0:44:02
5305,1,5.675545692443848,36.63,1,0,0.87,0:44:18
5306,1,20.86391639709473,36.63,1,0,0.87,0:45:55
5307,1,181.5143737792969,36.63,0,1,0.87,0:46:12
5308,1,28.003864288330078,36.63,1,0,0.87,0:41:39
5309,1,1425.4908447265618,36.63,1,0,0.87,0:41:36
5310,1,316.4576721191406,36.63,1,0,0.87,0:43:36
5311,1,81.51506042480469,36.63,1,0,0.87,0:43:03
5312,1,447.4283447265625,36.63,1,0,0.87,0:45:36
5313,1,149.3284759521484,36.63,1,0,0.87,0:42:10
5314,1,268.927001953125,36.63,1,0,0.87,0:44:15
5315,1,158.6006774902344,36.63,0,1,0.87,0:45:19
5316,1,91.7226791381836,36.63,0,1,0.87,0:44:10
5317,1,399.9556579589844,36.63,1,0,0.87,0:43:53
5318,1,9.170575141906738,36.63,1,0,0.87,0:45:27
5319,1,236.900634765625,36.63,1,0,0.87,0:45:36
5320,1,105.6140594482422,36.63,1,0,0.87,0:43:30
5321,1,22.78080749511719,36.63,1,0,0.87,0:42:25
5322,1,35.90165328979492,36.63,1,0,0.87,0:43:55
5323,1,73.03345489501953,36.63,1,0,0.87,0:45:09
5324,1,86.84709167480469,36.63,1,0,0.87,0:44:05
5325,1,199.2205810546875,36.63,1,0,0.87,0:43:55
5326,1,1300.004516601562,36.63,1,0,0.87,0:43:16
5327,1,10.96754741668701,36.63,1,0,0.87,0:42:50
5328,1,178.5460357666016,36.63,1,0,0.87,0:42:51
5329,1,260.7392578125,36.63,1,0,0.87,0:44:07
5330,1,10.44776248931885,36.63,1,0,0.87,0:43:00
5331,1,136.21832275390622,36.63,1,0,0.87,0:45:02
5332,1,368.8739624023438,36.63,1,0,0.87,0:45:26
5333,1,0.5368872284889221,36.63,1,0,0.87,0:43:12
5334,1,15.224977493286133,36.63,1,0,0.87,0:44:41
5335,1,35.90165328979492,36.63,1,0,0.87,0:42:22
5336,1,86.84709167480469,36.63,0,1,0.87,0:43:40
5337,1,9.583304405212402,36.63,1,0,0.87,0:44:25
5338,1,148.2424926757812,36.63,1,0,0.87,0:44:39
5339,1,282.704345703125,36.63,0,1,0.87,0:44:36
5340,1,240.23541259765616,36.63,1,0,0.87,0:44:51
5341,1,2229.72216796875,36.63,0,1,0.87,0:44:44
5342,1,5.445359230041504,36.63,0,1,0.87,0:44:46
5343,1,248.2796173095703,36.63,1,0,0.87,0:42:57
5344,1,259.998291015625,36.63,0,1,0.87,0:43:26
5345,1,183.2224578857422,36.63,1,0,0.87,0:45:45
5346,1,57.123741149902344,36.63,1,0,0.87,0:45:18
5347,1,305.68408203125,36.63,1,0,0.87,0:42:09
5348,1,26.53032493591309,36.63,1,0,0.87,0:42:26
5349,1,194.29931640625,36.63,0,1,0.87,0:44:00
5350,1,8.194785118103027,36.63,1,0,0.87,0:45:31
5351,1,350.6795654296875,36.63,1,0,0.87,0:42:40
5352,1,235.4069671630859,36.63,1,0,0.87,0:42:57
5353,1,7.058139324188232,36.63,1,0,0.87,0:42:00
5354,1,251.0852508544922,36.63,0,1,0.87,0:45:30
5355,1,15.920199394226069,36.63,1,0,0.87,0:43:56
5356,1,205.9886016845703,36.63,1,0,0.87,0:42:29
5357,1,32.20459365844727,36.63,1,0,0.87,0:43:38
5358,1,10.44183731079102,36.63,1,0,0.87,0:44:56
5359,1,26.14098167419434,36.63,1,0,0.87,0:44:12
5360,1,257.22152709960943,36.63,1,0,0.87,0:44:33
5361,1,220.8075714111328,36.63,1,0,0.87,0:40:01
5362,1,159.9830627441406,36.63,0,1,0.87,0:45:23
5363,1,126.1217880249023,36.63,1,0,0.87,0:45:08
5364,1,140.9563293457031,36.63,1,0,0.87,0:42:32
5365,3,44.72346496582031,36.63,1,0,0.87,0:44:42
5366,1,4.2942166328430185,36.63,1,0,0.87,0:46:30
5367,1,259.998291015625,36.63,0,1,0.87,0:45:22
5368,1,72.50276184082031,36.63,1,0,0.87,0:42:10
5369,1,67.15016174316406,36.63,1,0,0.87,0:43:34
5370,1,86.84709167480469,36.63,1,0,0.87,0:43:34
5371,1,117.1507339477539,36.63,0,1,0.87,0:44:22
5372,1,4.579788208007812,36.63,1,0,0.87,0:41:31
5373,1,209.8311004638672,36.63,0,1,0.87,0:44:03
5374,1,1604.4976806640618,36.63,0,1,0.87,0:45:04
5375,1,181.5143737792969,36.63,1,0,0.87,0:43:47
5376,1,67.09363555908203,36.63,0,1,0.87,0:45:30
5377,1,270.566162109375,36.63,1,0,0.87,0:44:19
5378,1,3.310425281524658,36.63,1,0,0.87,0:44:13
5379,1,149.1394653320312,36.63,1,0,0.87,0:43:59
5380,1,86.84709167480469,36.63,0,1,0.87,0:45:07
5381,1,189.5145568847656,36.63,1,0,0.87,0:45:06
5382,1,28.16054534912109,36.63,1,0,0.87,0:42:50
5383,1,93.21311950683594,36.63,1,0,0.87,0:45:40
5384,1,190.5790710449219,36.63,1,0,0.87,0:44:54
5385,1,14.566981315612788,36.63,0,1,0.87,0:45:19
5386,1,7.965522289276122,36.63,0,1,0.87,0:43:31
5387,1,0.867954671382904,36.63,1,0,0.87,0:44:33
5388,1,93.6309051513672,36.63,1,0,0.87,0:45:27
5389,1,82.33147430419922,36.63,1,0,0.87,0:38:13
5390,1,157.6084594726562,36.63,1,0,0.87,0:42:57
5391,1,233.2363739013672,36.63,1,0,0.87,0:44:47
5392,1,587.7192993164062,36.63,1,0,0.87,0:42:25
5393,1,4.194859027862549,36.63,0,1,0.87,0:43:08
5394,1,27.23297309875488,36.63,0,1,0.87,0:45:31
5395,1,181.5143737792969,36.63,1,0,0.87,0:42:20
5396,1,1623.9774169921882,36.63,1,0,0.87,0:44:09
5397,1,66.39256286621094,36.63,1,0,0.87,0:43:58
5398,1,91.7226791381836,36.63,1,0,0.87,0:42:35
5399,1,398.2716369628906,36.63,1,0,0.87,0:44:50
5400,1,259.998291015625,36.63,0,1,0.87,0:47:00
5401,1,159.2595977783203,36.63,0,1,0.87,0:45:04
5402,1,53.74789428710938,36.63,1,0,0.87,0:44:28
5403,1,119.56497192382808,36.63,0,1,0.87,0:45:56
5404,1,569.6165161132812,36.63,1,0,0.87,0:45:10
5405,1,15.224977493286133,36.63,1,0,0.87,0:44:29
5406,1,183.6633758544922,36.63,1,0,0.87,0:46:14
5407,1,266.2826538085938,36.63,1,0,0.87,0:44:34
5408,1,140.9563293457031,36.63,1,0,0.87,0:44:52
5409,1,15.224977493286133,36.63,0,1,0.87,0:45:51
5410,1,51.7423210144043,36.63,1,0,0.87,0:44:10
5411,1,1148.1083984375,36.63,0,1,0.87,0:44:07
5412,1,92.58943939208984,36.63,1,0,0.87,0:43:34
5413,1,322.3543090820312,36.63,1,0,0.87,0:44:28
5414,1,416.6888122558594,36.63,0,1,0.87,0:45:15
5415,1,181.5143737792969,36.63,0,1,0.87,0:45:53
5416,1,15.55781936645508,36.63,1,0,0.87,0:41:34
5417,1,137.57452392578122,36.63,1,0,0.87,0:42:44
5418,1,206.3648223876953,36.63,1,0,0.87,0:43:39
5419,1,315.6446228027344,36.63,0,1,0.87,0:44:52
5420,1,296.9273376464844,36.63,1,0,0.87,0:41:42
5421,1,14.566981315612788,36.63,1,0,0.87,0:43:49
5422,1,181.5143737792969,36.63,0,1,0.87,0:38:50
5423,1,5.020810604095459,36.63,1,0,0.87,0:45:48
5424,1,281.27517700195307,36.63,1,0,0.87,0:44:42
5425,1,193.25177001953116,36.63,1,0,0.87,0:39:25
5426,1,2.3123455047607417,36.63,1,0,0.87,0:43:33
5427,1,222.7997283935547,36.63,1,0,0.87,0:44:54
5428,1,634.6715087890625,36.63,0,1,0.87,0:44:23
5429,1,334.7806091308594,36.63,0,1,0.87,0:44:20
5430,1,10.44183731079102,36.63,1,0,0.87,0:46:12
5431,1,201.4784851074219,36.63,0,1,0.87,0:45:48
5432,1,1629.7652587890618,36.63,0,1,0.87,0:45:45
5433,1,1046.732788085938,36.63,0,1,0.87,0:43:00
5434,1,10.96754741668701,36.63,1,0,0.87,0:45:36
5435,1,377.5501098632812,36.63,1,0,0.87,0:43:50
5436,1,6.090157508850098,36.63,1,0,0.87,0:45:13
5437,1,14.32654094696045,36.63,0,1,0.87,0:41:49
5438,1,138.0660400390625,36.63,1,0,0.87,0:42:21
5439,1,148.55224609375,36.63,0,1,0.87,0:46:29
5440,1,182.8298187255859,36.63,1,0,0.87,0:43:14
5441,1,170.4127960205078,36.63,1,0,0.87,0:43:38
5442,1,31.15179443359375,36.63,1,0,0.87,0:44:29
5443,1,91.7226791381836,36.63,0,1,0.87,0:44:25
5444,1,1729.5029296875,36.63,1,0,0.87,0:43:02
5445,1,251.0,36.63,0,1,0.87,0:45:54
5446,1,1157.134887695312,36.63,1,0,0.87,0:40:03
5447,1,254.7844543457031,36.63,1,0,0.87,0:44:19
5448,1,266.2826538085938,36.63,1,0,0.87,0:44:15
5449,1,298.6752014160156,36.63,1,0,0.87,0:44:00
5450,1,164.5906066894531,36.63,1,0,0.87,0:41:56
5451,1,27.80316543579102,36.63,1,0,0.87,0:45:04
5452,1,3.8890023231506343,36.63,0,1,0.87,0:42:46
5453,1,5.032363891601562,36.63,1,0,0.87,0:42:11
5454,1,614.4942016601562,36.63,1,0,0.87,0:44:06
5455,1,264.034912109375,36.63,1,0,0.87,0:44:50
5456,1,106.51785278320308,36.63,1,0,0.87,0:44:45
5457,1,396.5516357421875,36.63,0,1,0.87,0:45:45
5458,1,51.22955703735352,36.63,1,0,0.87,0:42:57
5459,1,331.5245056152344,36.63,1,0,0.87,0:44:50
5460,1,39.47004318237305,36.63,1,0,0.87,0:46:19
5461,1,31.52193450927734,36.63,1,0,0.87,0:44:52
5462,1,8.409214973449707,36.63,1,0,0.87,0:44:37
5463,1,137.57452392578122,36.63,1,0,0.87,0:44:33
5464,1,260.29702758789057,36.63,0,1,0.87,0:45:43
5465,1,24.55533409118652,36.63,0,1,0.87,0:46:25
5466,1,320.0387878417969,36.63,1,0,0.87,0:42:57
5467,1,213.232177734375,36.63,1,0,0.87,0:44:13
5468,1,149.1394653320312,36.63,1,0,0.87,0:42:16
5469,1,71.8073501586914,36.63,1,0,0.87,0:42:18
5470,1,220.8075714111328,36.63,1,0,0.87,0:43:01
5471,1,614.4942016601562,36.63,0,1,0.87,0:45:46
5472,1,1386.9697265625,36.63,1,0,0.87,0:44:15
5473,1,51.87637710571289,36.63,1,0,0.87,0:45:13
5474,1,181.5143737792969,36.63,1,0,0.87,0:44:55
5475,1,277.0410766601562,36.63,1,0,0.87,0:45:13
5476,1,179.3321228027344,36.63,1,0,0.87,0:45:59
5477,1,266.2826538085938,36.63,0,1,0.87,0:44:07
5478,1,36.16746139526367,36.63,0,1,0.87,0:43:29
5479,1,37.14537048339844,36.63,1,0,0.87,0:39:24
5480,1,215.4762725830078,36.63,1,0,0.87,0:45:07
5481,1,30.536579132080078,36.63,0,1,0.87,0:43:15
5482,1,9.064377784729004,36.63,1,0,0.87,0:40:20
5483,1,254.7844543457031,36.63,0,1,0.87,0:44:36
5484,1,1525.08740234375,36.63,1,0,0.87,0:45:16
5485,1,91.7226791381836,36.63,1,0,0.87,0:42:25
5486,1,6.262023448944093,36.63,1,0,0.87,0:45:35
5487,1,167.9832916259766,36.63,1,0,0.87,0:43:26
5488,1,197.41845703125,36.63,1,0,0.87,0:44:31
5489,1,9.807595252990724,36.63,1,0,0.87,0:45:14
5490,1,301.8386535644531,36.63,1,0,0.87,0:46:19
5491,1,266.2826538085938,36.63,0,1,0.87,0:45:51
5492,1,251.0852508544922,36.63,1,0,0.87,0:45:01
5493,1,10.44183731079102,36.63,0,1,0.87,0:42:27
5494,1,197.85333251953116,36.63,1,0,0.87,0:46:49
5495,1,611.3375244140625,36.63,0,1,0.87,0:44:46
5496,1,81.51506042480469,36.63,1,0,0.87,0:46:50
5497,1,118.26126098632808,36.63,1,0,0.87,0:41:57
5498,1,853.1998901367188,36.63,1,0,0.87,0:45:24
5499,1,71.8073501586914,36.63,1,0,0.87,0:41:59
5500,1,73.2974853515625,36.63,0,1,0.87,0:44:27
5501,1,167.9832916259766,36.63,0,1,0.87,0:45:38
5502,1,544.2213134765625,36.63,1,0,0.87,0:44:57
5503,1,544.5306396484375,36.63,1,0,0.87,0:43:08
5504,1,4.631145000457764,36.63,1,0,0.87,0:44:35
5505,1,822.3980712890625,36.63,0,1,0.87,0:44:53
5506,1,484.7640075683594,36.63,1,0,0.87,0:45:15
5507,1,14.60348510742188,36.63,1,0,0.87,0:45:06
5508,1,5.445359230041504,36.63,0,1,0.87,0:46:00
5509,1,232.5149993896484,36.63,1,0,0.87,0:45:21
5510,1,12.58986759185791,36.63,1,0,0.87,0:47:59
5511,1,16.439580917358402,36.63,1,0,0.87,0:44:40
5512,1,1046.732788085938,36.63,0,1,0.87,0:43:43
5513,1,190.1064758300781,36.63,0,1,0.87,0:42:35
5514,1,215.4762725830078,36.63,1,0,0.87,0:43:12
5515,1,666.8341674804688,36.63,1,0,0.87,0:45:21
5516,1,6.240824699401856,36.63,0,1,0.87,0:45:18
5517,1,241.1495513916016,36.63,0,1,0.87,0:44:03
5518,1,48.1821517944336,36.63,0,1,0.87,0:46:10
5519,1,18.05331420898438,36.63,1,0,0.87,0:44:43
5520,1,229.7924346923828,36.63,1,0,0.87,0:45:13
5521,1,70.00836944580078,36.63,1,0,0.87,0:45:13
5522,1,259.998291015625,36.63,1,0,0.87,0:44:02
5523,1,102.4204788208008,36.63,1,0,0.87,0:43:11
5524,1,614.4942016601562,36.63,1,0,0.87,0:44:09
5525,1,111.8431625366211,36.63,1,0,0.87,0:44:20
5526,1,259.998291015625,36.63,0,1,0.87,0:45:45
5527,1,15.224977493286133,36.63,0,1,0.87,0:43:49
5528,1,142.791748046875,36.63,1,0,0.87,0:44:29
5529,1,39.47004318237305,36.63,0,1,0.87,0:42:19
5530,1,3.920108318328857,36.63,1,0,0.87,0:42:29
5531,1,187.2318572998047,36.63,1,0,0.87,0:45:55
5532,1,63.12728118896485,36.63,1,0,0.87,0:42:57
5533,1,77.22608184814453,36.63,1,0,0.87,0:47:17
5534,1,275.6912841796875,36.63,1,0,0.87,0:42:46
5535,1,676.4351806640625,36.63,1,0,0.87,0:41:31
5536,1,172.26092529296884,36.63,1,0,0.87,0:45:38
5537,1,237.44512939453116,36.63,1,0,0.87,0:45:44
5538,1,18.05331420898438,36.63,1,0,0.87,0:43:17
5539,1,68.20857238769531,36.63,1,0,0.87,0:44:57
5540,1,218.9133148193359,36.63,0,1,0.87,0:47:20
5541,1,48.1821517944336,36.63,1,0,0.87,0:44:47
5542,1,91.7226791381836,36.63,1,0,0.87,0:43:53
5543,1,55.65824508666992,36.63,1,0,0.87,0:42:47
5544,1,15.224977493286133,36.63,1,0,0.87,0:44:08
5545,1,146.0377807617188,36.63,1,0,0.87,0:43:45
5546,1,195.8340911865234,36.63,1,0,0.87,0:41:14
5547,1,127.01718139648442,36.63,0,1,0.87,0:47:39
5548,1,9.906204223632812,36.63,1,0,0.87,0:43:23
5549,1,232.5149993896484,36.63,1,0,0.87,0:44:53
5550,1,3.8890023231506343,36.63,1,0,0.87,0:45:27
5551,1,276.82778930664057,36.63,1,0,0.87,0:42:53
5552,1,14.32654094696045,36.63,1,0,0.87,0:43:25
5553,1,1752.2154541015618,36.63,1,0,0.87,0:45:11
5554,1,169.5493469238281,36.63,1,0,0.87,0:45:11
5555,1,307.6140747070312,36.63,1,0,0.87,0:45:03
5556,1,259.998291015625,36.63,0,1,0.87,0:43:27
5557,1,56.084815979003906,36.63,1,0,0.87,0:43:10
5558,1,91.7226791381836,36.63,1,0,0.87,0:44:12
5559,1,611.3375244140625,36.63,1,0,0.87,0:46:36
5560,1,14.56033420562744,36.63,1,0,0.87,0:45:28
5561,1,53.74789428710938,36.63,1,0,0.87,0:45:54
5562,1,226.47772216796884,36.63,1,0,0.87,0:42:44
5563,1,255.7363433837891,36.63,1,0,0.87,0:42:22
5564,1,278.0033569335938,36.63,1,0,0.87,0:45:14
5565,1,614.4942016601562,36.63,0,1,0.87,0:44:58
5566,1,344.7054748535156,36.63,1,0,0.87,0:43:42
5567,1,225.5588531494141,36.63,1,0,0.87,0:44:59
5568,1,1596.6729736328118,36.63,0,1,0.87,0:45:41
5569,1,184.2229766845703,36.63,0,1,0.87,0:45:38
5570,1,225.5588531494141,36.63,1,0,0.87,0:45:00
5571,1,252.9573211669922,36.63,1,0,0.87,0:42:55
5572,1,259.998291015625,36.63,1,0,0.87,0:44:43
5573,1,116.3837203979492,36.63,1,0,0.87,0:41:50
5574,1,42.47363662719727,36.63,0,1,0.87,0:44:14
5575,1,14.566981315612788,36.63,1,0,0.87,0:43:15
5576,1,21.80615043640137,36.63,1,0,0.87,0:44:44
5577,1,2154.8720703125,36.63,0,1,0.87,0:45:41
5578,1,11.603414535522461,36.63,1,0,0.87,0:47:32
5579,1,51.7423210144043,36.63,1,0,0.87,0:45:06
5580,1,89.73096466064453,36.63,1,0,0.87,0:46:01
5581,1,220.7496185302734,36.63,1,0,0.87,0:45:33
5582,1,104.0583648681641,36.63,0,1,0.87,0:45:01
5583,1,111.1497421264648,36.63,0,1,0.87,0:44:32
5584,1,18.05331420898438,36.63,0,1,0.87,0:44:26
5585,1,292.6947631835938,36.63,1,0,0.87,0:42:08
5586,1,23.4271125793457,36.63,1,0,0.87,0:42:33
5587,1,6.262023448944093,36.63,1,0,0.87,0:43:57
5588,1,79.19601440429688,36.63,1,0,0.87,0:46:38
5589,1,233.6640472412109,36.63,0,1,0.87,0:44:40
5590,1,31.781719207763672,36.63,1,0,0.87,0:51:50
5591,1,187.2318572998047,36.63,1,0,0.87,0:45:24
5592,1,265.151611328125,36.63,1,0,0.87,0:43:38
5593,1,613.4834594726562,36.63,1,0,0.87,0:44:36
5594,1,194.29931640625,36.63,0,1,0.87,0:41:50
5595,1,25.88188934326172,36.63,1,0,0.87,0:44:09
5596,1,421.3871459960938,36.63,0,1,0.87,0:45:33
5597,1,91.7226791381836,36.63,1,0,0.87,0:43:54
5598,1,3.857389688491821,36.63,1,0,0.87,0:43:58
5599,1,426.9492797851562,36.63,1,0,0.87,0:41:31
5600,1,51.85509490966797,36.63,1,0,0.87,0:42:36
5601,1,194.29931640625,36.63,1,0,0.87,0:44:22
5602,1,308.3429870605469,36.63,1,0,0.87,0:44:01
5603,1,157.9380035400391,36.63,0,1,0.87,0:43:50
5604,1,2.9999067783355717,36.63,1,0,0.87,0:43:51
5605,1,126.1217880249023,36.63,1,0,0.87,0:43:48
5606,1,218.9133148193359,36.63,1,0,0.87,0:43:45
5607,1,254.7844543457031,36.63,1,0,0.87,0:44:44
5608,1,35.90165328979492,36.63,0,1,0.87,0:45:57
5609,1,75.66539001464844,36.63,1,0,0.87,0:43:29
5610,1,123.3999710083008,36.63,1,0,0.87,0:43:12
5611,1,259.998291015625,36.63,1,0,0.87,0:45:11
5612,1,51.85509490966797,36.63,1,0,0.87,0:45:29
5613,1,252.3831481933594,36.63,1,0,0.87,0:43:39
5614,1,10.44776248931885,36.63,1,0,0.87,0:43:07
5615,1,18.36637115478516,36.63,1,0,0.87,0:46:15
5616,1,16.84739112854004,36.63,0,1,0.87,0:42:05
5617,1,72.4607925415039,36.63,1,0,0.87,0:43:29
5618,1,110.1000442504883,36.63,1,0,0.87,0:43:40
5619,1,25.39257431030273,36.63,0,1,0.87,0:45:15
5620,1,35.90165328979492,36.63,1,0,0.87,0:45:19
5621,1,31.56220245361328,36.63,1,0,0.87,0:46:24
5622,1,666.8341674804688,36.63,0,1,0.87,0:46:20
5623,1,421.3871459960938,36.63,0,1,0.87,0:46:50
5624,1,24.55533409118652,36.63,0,1,0.87,0:47:09
5625,1,37.82806777954102,36.63,0,1,0.87,0:43:30
5626,1,20.79561042785645,36.63,1,0,0.87,0:44:30
5627,1,275.51712036132807,36.63,0,1,0.87,0:45:52
5628,1,316.7033081054688,36.63,0,1,0.87,0:46:59
5629,1,31.71040916442871,36.63,1,0,0.87,0:44:08
5630,1,156.2656097412109,36.63,1,0,0.87,0:45:33
5631,1,91.7226791381836,36.63,1,0,0.87,0:46:29
5632,1,10.44776248931885,36.63,1,0,0.87,0:45:16
5633,1,115.60287475585942,36.63,1,0,0.87,0:44:31
5634,1,1831.0819091796882,36.63,1,0,0.87,0:45:36
5635,1,57.82163619995117,36.63,1,0,0.87,0:43:17
5636,1,15.920199394226069,36.63,1,0,0.87,0:42:42
5637,1,1336.354370117188,36.63,1,0,0.87,0:42:26
5638,1,153.4354248046875,36.63,1,0,0.87,0:45:15
5639,1,149.1394653320312,36.63,1,0,0.87,0:45:22
5640,1,31.52193450927734,36.63,0,1,0.87,0:43:58
5641,1,147.0316009521484,36.63,0,1,0.87,0:42:39
5642,1,61.279258728027344,36.63,1,0,0.87,0:42:08
5643,1,83.61799621582031,36.63,1,0,0.87,0:44:56
5644,1,137.57452392578122,36.63,1,0,0.87,0:45:18
5645,1,10.44776248931885,36.63,1,0,0.87,0:45:05
5646,1,3.814452648162842,36.63,1,0,0.87,0:42:44
5647,1,724.8308715820312,36.63,1,0,0.87,0:46:51
5648,1,272.28091430664057,36.63,0,1,0.87,0:42:46
5649,1,1015.653198242188,36.63,0,1,0.87,0:46:19
5650,1,5.032363891601562,36.63,1,0,0.87,0:44:15
5651,1,321.1102600097656,36.63,1,0,0.87,0:42:34
5652,1,134.9916687011719,36.63,1,0,0.87,0:46:30
5653,1,499.8729553222656,36.63,0,1,0.87,0:46:48
5654,1,93.51009368896484,36.63,1,0,0.87,0:45:03
5655,1,10.44183731079102,36.63,0,1,0.87,0:46:12
5656,1,393.3303833007812,36.63,1,0,0.87,0:43:40
5657,1,39.64147567749023,36.63,1,0,0.87,0:43:39
5658,1,1325.179443359375,36.63,1,0,0.87,0:43:49
5659,1,149.1394653320312,36.63,1,0,0.87,0:45:06
5660,1,380.0,36.63,1,0,0.87,0:45:51
5661,1,11.378676414489751,36.63,1,0,0.87,0:44:45
5662,1,380.0,36.63,1,0,0.87,0:45:47
5663,1,112.8550796508789,36.63,1,0,0.87,0:43:29
5664,1,5.445359230041504,36.63,0,1,0.87,0:46:18
5665,1,147.0316009521484,36.63,0,1,0.87,0:45:12
5666,1,883.9678344726562,36.63,1,0,0.87,0:44:12
5667,1,133.0,36.63,1,0,0.87,0:44:08
5668,1,21.13654708862305,36.63,1,0,0.87,0:44:14
5669,1,326.47265625,36.63,1,0,0.87,0:45:58
5670,1,11.05302143096924,36.63,1,0,0.87,0:42:31
5671,1,72.50276184082031,36.63,1,0,0.87,0:45:12
5672,1,259.998291015625,36.63,0,1,0.87,0:44:30
5673,1,19.24552345275879,36.63,1,0,0.87,0:45:31
5674,1,222.7997283935547,36.63,0,1,0.87,0:45:21
5675,1,31.781719207763672,36.63,1,0,0.87,0:39:38
5676,1,10.44183731079102,36.63,1,0,0.87,0:41:53
5677,1,5.675545692443848,36.63,1,0,0.87,0:43:03
5678,1,113.2635650634766,36.63,1,0,0.87,0:45:16
5679,1,5.251800537109375,36.63,0,1,0.87,0:43:00
5680,1,196.8123321533203,36.63,1,0,0.87,0:44:26
5681,1,810.0172729492188,36.63,1,0,0.87,0:45:24
5682,1,315.6446228027344,36.63,0,1,0.87,0:44:17
5683,1,201.6867523193359,36.63,1,0,0.87,0:42:53
5684,1,392.9354553222656,36.63,1,0,0.87,0:47:11
5685,1,142.3497009277344,36.63,1,0,0.87,0:45:20
5686,1,10.44183731079102,36.63,1,0,0.87,0:44:13
5687,1,113.2749862670898,36.63,1,0,0.87,0:43:54
5688,1,8.468951225280763,36.63,0,1,0.87,0:43:46
5689,1,81.31647491455078,36.63,1,0,0.87,0:45:07
5690,2,105.59640502929692,36.63,0,1,0.87,0:45:57
5691,1,1831.0819091796882,36.63,0,1,0.87,0:45:08
5692,1,799.8717651367188,36.63,0,1,0.87,0:45:53
5693,1,11.185022354125982,36.63,1,0,0.87,0:44:58
5694,1,116.5238494873047,36.63,1,0,0.87,0:43:22
5695,1,231.64434814453116,36.63,1,0,0.87,0:45:48
5696,1,779.2720947265625,36.63,0,1,0.87,0:45:22
5697,1,4.194859027862549,36.63,1,0,0.87,0:45:02
5698,1,109.1946792602539,36.63,1,0,0.87,0:44:06
5699,1,31.97005462646484,36.63,0,1,0.87,0:46:39
5700,1,149.1394653320312,36.63,0,1,0.87,0:42:18
5701,1,79.58588409423828,36.63,1,0,0.87,0:43:34
5702,1,943.02783203125,36.63,0,1,0.87,0:45:27
5703,1,32.52695846557617,36.63,1,0,0.87,0:44:25
5704,1,91.7226791381836,36.63,0,1,0.87,0:44:17
5705,1,61.664268493652344,36.63,1,0,0.87,0:45:10
5706,1,7.058139324188232,36.63,1,0,0.87,0:45:41
5707,1,55.22239303588867,36.63,0,1,0.87,0:44:14
5708,1,248.2264862060547,36.63,1,0,0.87,0:42:59
5709,1,16.84739112854004,36.63,0,1,0.87,0:45:46
5710,1,7.058139324188232,36.63,0,1,0.87,0:46:07
5711,1,221.5890655517578,36.63,0,1,0.87,0:44:27
5712,1,237.6291656494141,36.63,1,0,0.87,0:44:23
5713,1,232.5149993896484,36.63,1,0,0.87,0:43:18
5714,1,251.0,36.63,0,1,0.87,0:44:19
5715,1,482.7589721679688,36.63,1,0,0.87,0:44:07
5716,1,108.0,36.63,1,0,0.87,0:44:55
5717,1,108.57672119140621,36.63,1,0,0.87,0:45:23
5718,1,1118.657958984375,36.63,1,0,0.87,0:43:08
5719,1,194.29931640625,36.63,1,0,0.87,0:45:02
5720,1,215.7421417236328,36.63,1,0,0.87,0:43:11
5721,1,13.973583221435552,36.63,1,0,0.87,0:42:57
5722,1,192.7410583496094,36.63,1,0,0.87,0:42:09
5723,1,74.7410659790039,36.63,1,0,0.87,0:44:23
5724,1,1596.6729736328118,36.63,0,1,0.87,0:43:57
5725,1,38.32305526733398,36.63,0,1,0.87,0:44:49
5726,1,140.9563293457031,36.63,1,0,0.87,0:41:57
5727,1,2.7965235710144043,36.63,0,1,0.87,0:42:35
5728,1,301.8386535644531,36.63,1,0,0.87,0:46:19
5729,1,91.7226791381836,36.63,1,0,0.87,0:43:43
5730,1,572.2963256835938,36.63,1,0,0.87,0:43:08
5731,1,36.19046020507812,36.63,1,0,0.87,0:43:03
5732,1,152.9394073486328,36.63,0,1,0.87,0:44:33
5733,1,97.0745086669922,36.63,1,0,0.87,0:47:29
5734,1,1525.08740234375,36.63,1,0,0.87,0:44:04
5735,1,71.8073501586914,36.63,1,0,0.87,0:45:43
5736,1,260.84353637695307,36.63,1,0,0.87,0:45:58
5737,1,260.84353637695307,36.63,1,0,0.87,0:43:33
5738,1,10.44183731079102,36.63,0,1,0.87,0:43:51
5739,1,10.44776248931885,36.63,1,0,0.87,0:43:34
5740,1,18.26416397094727,36.63,1,0,0.87,0:43:45
5741,1,15.55781936645508,36.63,1,0,0.87,0:45:43
5742,1,17.20283889770508,36.63,1,0,0.87,0:45:13
5743,1,48.10107803344727,36.63,1,0,0.87,0:45:31
5744,1,320.0387878417969,36.63,1,0,0.87,0:46:02
5745,1,209.8311004638672,36.63,1,0,0.87,0:45:41
5746,1,12.23899459838867,36.63,1,0,0.87,0:44:12
5747,1,77.97574615478516,36.63,1,0,0.87,0:46:22
5748,1,9.446298599243164,36.63,1,0,0.87,0:44:41
5749,1,254.7844543457031,36.63,0,1,0.87,0:45:33
5750,1,37.85586547851562,36.63,1,0,0.87,0:46:47
5751,1,199.5162353515625,36.63,1,0,0.87,0:42:00
5752,1,116.2873992919922,36.63,1,0,0.87,0:44:39
5753,1,614.4942016601562,36.63,1,0,0.87,0:44:38
5754,1,614.4942016601562,36.63,1,0,0.87,0:44:38
5755,2,74.27950286865234,36.63,1,0,0.87,0:43:54
5756,1,4.303764820098877,36.63,0,1,0.87,0:47:40
5757,1,6.090157508850098,36.63,1,0,0.87,0:45:14
5758,1,16.83182334899902,36.63,1,0,0.87,0:44:57
5759,1,32.89042282104492,36.63,1,0,0.87,0:45:33
5760,1,238.4922180175781,36.63,1,0,0.87,0:44:26
5761,1,149.1394653320312,36.63,1,0,0.87,0:46:39
5762,1,13.027480125427251,36.63,1,0,0.87,0:43:35
5763,1,278.0640869140625,36.63,1,0,0.87,0:45:07
5764,1,16.83619689941406,36.63,1,0,0.87,0:44:35
5765,1,181.5143737792969,36.63,0,1,0.87,0:45:17
5766,1,187.2318572998047,36.63,0,1,0.87,0:46:20
5767,1,1667.119140625,36.63,0,1,0.87,0:46:49
5768,1,50.50469589233398,36.63,0,1,0.87,0:44:29
5769,1,1333.847900390625,36.63,1,0,0.87,0:45:50
5770,1,254.7844543457031,36.63,0,1,0.87,0:44:55
5771,1,272.28091430664057,36.63,0,1,0.87,0:45:09
5772,1,10.44183731079102,36.63,0,1,0.87,0:45:58
5773,1,288.391845703125,36.63,1,0,0.87,0:44:35
5774,1,102.94457244873051,36.63,1,0,0.87,0:44:46
5775,1,261.54904174804693,36.63,1,0,0.87,0:47:22
5776,1,20.15006828308105,36.63,1,0,0.87,0:43:36
5777,1,12.35730648040771,36.63,1,0,0.87,0:43:19
5778,1,233.2363739013672,36.63,1,0,0.87,0:44:43
5779,1,71.8073501586914,36.63,1,0,0.87,0:44:24
5780,1,5.675545692443848,36.63,0,1,0.87,0:45:04
5781,1,1631.184326171875,36.63,1,0,0.87,0:46:04
5782,1,380.0,36.63,0,1,0.87,0:44:46
5783,1,13.973583221435552,36.63,0,1,0.87,0:44:42
5784,1,251.0852508544922,36.63,0,1,0.87,0:47:00
5785,1,91.86772918701172,36.63,1,0,0.87,0:43:09
5786,1,104.0583648681641,36.63,1,0,0.87,0:43:28
5787,1,264.034912109375,36.63,1,0,0.87,0:45:13
5788,1,43.62190246582031,36.63,1,0,0.87,0:44:27
5789,1,201.6867523193359,36.63,0,1,0.87,0:44:42
5790,1,254.7844543457031,36.63,1,0,0.87,0:44:47
5791,1,13.027480125427251,36.63,1,0,0.87,0:45:22
5792,1,344.7054748535156,36.63,0,1,0.87,0:45:03
5793,1,251.0852508544922,36.63,1,0,0.87,0:45:28
5794,1,229.17529296875,36.63,0,1,0.87,0:46:32
5795,1,7.640096187591553,36.63,1,0,0.87,0:45:28
5796,1,9.807595252990724,36.63,0,1,0.87,0:45:15
5797,1,263.49282836914057,36.63,1,0,0.87,0:46:29
5798,1,382.1895751953125,36.63,1,0,0.87,0:42:58
5799,1,10.44183731079102,36.63,1,0,0.87,0:43:56
5800,1,77.97574615478516,36.63,0,1,0.87,0:45:38
5801,1,94.0371551513672,36.63,1,0,0.87,0:45:04
5802,1,614.4942016601562,36.63,1,0,0.87,0:45:17
5803,1,36.1046257019043,36.63,1,0,0.87,0:42:29
5804,1,220.304931640625,36.63,1,0,0.87,0:41:13
5805,1,74.77020263671875,36.63,1,0,0.87,0:42:59
5806,1,307.5173950195312,36.63,1,0,0.87,0:46:08
5807,1,105.6290054321289,36.63,1,0,0.87,0:40:26
5808,1,330.508056640625,36.63,1,0,0.87,0:44:33
5809,1,126.7229690551758,36.63,1,0,0.87,0:45:28
5810,1,800.7213134765625,36.63,0,1,0.87,0:44:03
5811,1,226.9747467041016,36.63,1,0,0.87,0:44:14
5812,1,50.00377655029297,36.63,1,0,0.87,0:46:06
5813,1,15.224977493286133,36.63,0,1,0.87,0:43:34
5814,1,182.7666320800781,36.63,1,0,0.87,0:43:58
5815,1,149.1394653320312,36.63,1,0,0.87,0:44:44
5816,1,11.81306838989258,36.63,1,0,0.87,0:46:44
5817,1,149.1394653320312,36.63,0,1,0.87,0:44:44
5818,1,120.9079360961914,36.63,0,1,0.87,0:44:19
5819,1,10.82186985015869,36.63,1,0,0.87,0:46:19
5820,1,222.7997283935547,36.63,1,0,0.87,0:37:27
5821,1,61.94044494628906,36.63,1,0,0.87,0:45:37
5822,1,1371.919311523438,36.63,1,0,0.87,0:45:29
5823,1,128.32891845703122,36.63,0,1,0.87,0:45:20
5824,1,222.7952117919922,36.63,1,0,0.87,0:46:00
5825,1,249.9987335205078,36.63,1,0,0.87,0:43:52
5826,1,16.83182334899902,36.63,1,0,0.87,0:44:20
5827,1,614.4942016601562,36.63,0,1,0.87,0:45:11
5828,1,1544.9874267578118,36.63,1,0,0.87,0:42:51
5829,1,7.150104522705077,36.63,0,1,0.87,0:45:10
5830,1,601.2155151367188,36.63,1,0,0.87,0:42:04
5831,1,189.8126220703125,36.63,1,0,0.87,0:46:02
5832,1,140.2404479980469,36.63,1,0,0.87,0:43:31
5833,1,195.2917938232422,36.63,1,0,0.87,0:43:27
5834,1,32.77705764770508,36.63,0,1,0.87,0:46:04
5835,1,576.0,36.63,1,0,0.87,0:44:24
5836,1,140.58866882324222,36.63,1,0,0.87,0:41:44
5837,1,192.7410583496094,36.63,1,0,0.87,0:43:34
5838,1,18.05331420898438,36.63,0,1,0.87,0:45:24
5839,1,9.446298599243164,36.63,1,0,0.87,0:45:34
5840,1,3.920108318328857,36.63,1,0,0.87,0:43:41
5841,1,378.9844665527344,36.63,1,0,0.87,0:44:11
5842,1,71.8073501586914,36.63,1,0,0.87,0:45:42
5843,1,15.55781936645508,36.63,1,0,0.87,0:44:37
5844,1,18.05331420898438,36.63,0,1,0.87,0:46:51
5845,1,4.980266094207764,36.63,1,0,0.87,0:45:12
5846,1,407.4807739257812,36.63,0,1,0.87,0:42:28
5847,1,7.965522289276122,36.63,1,0,0.87,0:44:45
5848,2,1046.732788085938,36.63,1,0,0.87,0:45:52
5849,1,10.44183731079102,36.63,1,0,0.87,0:44:22
5850,1,16.83182334899902,36.63,1,0,0.87,0:44:40
5851,1,159.9830627441406,36.63,1,0,0.87,0:43:39
5852,1,255.2983093261719,36.63,1,0,0.87,0:44:00
5853,1,15.224977493286133,36.63,0,1,0.87,0:46:02
5854,1,3.920108318328857,36.63,1,0,0.87,0:39:44
5855,1,151.7860565185547,36.63,1,0,0.87,0:42:09
5856,1,7.864529609680176,36.63,0,1,0.87,0:45:57
5857,1,0.5217891335487366,36.63,0,1,0.87,0:46:50
5858,1,98.38727569580078,36.63,0,1,0.87,0:41:38
5859,1,1046.732788085938,36.63,1,0,0.87,0:44:50
5860,1,263.49282836914057,36.63,0,1,0.87,0:43:45
5861,1,14.82353019714355,36.63,1,0,0.87,0:44:28
5862,1,25.88188934326172,36.63,1,0,0.87,0:43:31
5863,1,55.22239303588867,36.63,1,0,0.87,0:46:06
5864,1,71.8073501586914,36.63,1,0,0.87,0:43:15
5865,1,167.9832916259766,36.63,0,1,0.87,0:46:30
5866,1,79.19601440429688,36.63,1,0,0.87,0:44:25
5867,1,4.943000316619873,36.63,1,0,0.87,0:45:40
5868,1,91.7226791381836,36.63,1,0,0.87,0:42:35
5869,1,10.96754741668701,36.63,0,1,0.87,0:49:00
5870,1,51.09297561645508,36.63,1,0,0.87,0:39:18
5871,1,81.51506042480469,36.63,1,0,0.87,0:45:22
5872,1,102.071533203125,36.63,1,0,0.87,0:45:09
5873,1,106.4913101196289,36.63,1,0,0.87,0:45:19
5874,1,35.70915603637695,36.63,1,0,0.87,0:46:01
5875,1,99.97341918945312,36.63,0,1,0.87,0:46:21
5876,1,193.57073974609384,36.63,0,1,0.87,0:44:45
5877,1,321.9679870605469,36.63,1,0,0.87,0:44:58
5878,1,263.39871215820307,36.63,1,0,0.87,0:45:58
5879,1,34.59628677368164,36.63,1,0,0.87,0:43:50
5880,1,1046.732788085938,36.63,1,0,0.87,0:45:48
5881,2,374.1132507324219,36.63,1,0,0.87,0:43:45
5882,1,4.710267543792725,36.63,1,0,0.87,0:45:36
5883,1,108.9886856079102,36.63,0,1,0.87,0:46:42
5884,1,205.3109893798828,36.63,1,0,0.87,0:41:46
5885,1,380.0,36.63,1,0,0.87,0:46:25
5886,1,10.44183731079102,36.63,1,0,0.87,0:44:49
5887,1,42.47363662719727,36.63,1,0,0.87,0:45:10
5888,1,26.88188362121582,36.63,0,1,0.87,0:45:12
5889,1,304.1065979003906,36.63,1,0,0.87,0:42:53
5890,1,0.7503215670585632,36.63,1,0,0.87,0:44:29
5891,1,207.3327484130859,36.63,0,1,0.87,0:44:25
5892,1,31.781719207763672,36.63,1,0,0.87,0:45:20
5893,1,91.7226791381836,36.63,1,0,0.87,0:45:38
5894,1,10.44183731079102,36.63,1,0,0.87,0:45:20
5895,1,97.86534881591795,36.63,0,1,0.87,0:46:06
5896,1,175.8120269775391,36.63,0,1,0.87,0:46:07
5897,1,3.749159812927246,36.63,1,0,0.87,0:45:29
5898,1,10.44183731079102,36.63,0,1,0.87,0:47:32
5899,1,5.969511985778809,36.63,1,0,0.87,0:43:07
5900,1,75.45740509033203,36.63,1,0,0.87,0:45:14
5901,1,189.5145568847656,36.63,1,0,0.87,0:45:13
5902,1,666.8341674804688,36.63,0,1,0.87,0:43:23
5903,1,9.36025619506836,36.63,1,0,0.87,0:42:53
5904,1,779.1980590820312,36.63,1,0,0.87,0:44:27
5905,1,31.97005462646484,36.63,0,1,0.87,0:46:12
5906,1,10.44183731079102,36.63,1,0,0.87,0:42:09
5907,1,318.9283142089844,36.63,1,0,0.87,0:46:48
5908,1,6.110790252685548,36.63,1,0,0.87,0:41:25
5909,1,1525.08740234375,36.63,1,0,0.87,0:45:49
5910,1,171.0377807617188,36.63,1,0,0.87,0:44:38
5911,1,171.0377807617188,36.63,1,0,0.87,0:44:38
5912,1,10.44183731079102,36.63,1,0,0.87,0:46:33
5913,1,261.4675903320312,36.63,1,0,0.87,0:40:49
5914,1,14.566981315612788,36.63,1,0,0.87,0:44:23
5915,1,2554.609619140625,36.63,1,0,0.87,0:44:40
5916,1,232.5149993896484,36.63,0,1,0.87,0:45:00
5917,1,197.3662567138672,36.63,1,0,0.87,0:47:04
5918,1,331.2894287109375,36.63,1,0,0.87,0:45:14
5919,1,6.489360332489014,36.63,0,1,0.87,0:47:06
5920,1,1361.07470703125,36.63,1,0,0.87,0:43:09
5921,1,614.4942016601562,36.63,1,0,0.87,0:43:50
5922,1,109.59325408935551,36.63,1,0,0.87,0:44:35
5923,1,22.78268432617188,36.63,1,0,0.87,0:43:34
5924,1,209.1282806396484,36.63,1,0,0.87,0:44:58
5925,1,323.4804382324219,36.63,1,0,0.87,0:43:26
5926,1,12.82390880584717,36.63,1,0,0.87,0:45:14
5927,1,17.57425117492676,36.63,1,0,0.87,0:45:14
5928,1,15.81486129760742,36.63,1,0,0.87,0:43:22
5929,1,63.27411651611328,36.63,0,1,0.87,0:45:55
5930,1,2133.544677734375,36.63,1,0,0.87,0:42:53
5931,1,34.247421264648445,36.63,0,1,0.87,0:44:33
5932,1,217.51953125,36.63,0,1,0.87,0:47:28
5933,1,91.7226791381836,36.63,1,0,0.87,0:45:41
5934,1,312.5741882324219,36.63,0,1,0.87,0:45:49
5935,1,4.784560680389403,36.63,0,1,0.87,0:47:23
5936,1,13.027480125427251,36.63,1,0,0.87,0:45:01
5937,1,151.7768249511719,36.63,1,0,0.87,0:45:12
5938,1,337.4805297851562,36.63,0,1,0.87,0:47:49
5939,1,380.0,36.63,0,1,0.87,0:45:36
5940,1,181.5143737792969,36.63,0,1,0.87,0:45:08
5941,1,119.14315795898442,36.63,0,1,0.87,0:44:18
5942,1,279.2320556640625,36.63,1,0,0.87,0:41:51
5943,1,55.27118682861328,36.63,0,1,0.87,0:47:31
5944,1,140.9563293457031,36.63,1,0,0.87,0:44:54
5945,1,331.5245056152344,36.63,1,0,0.87,0:42:25
5946,1,229.3361358642578,36.63,0,1,0.87,0:44:47
5947,1,205.9499969482422,36.63,1,0,0.87,0:43:43
5948,1,372.1288757324219,36.63,0,1,0.87,0:45:05
5949,1,9.170575141906738,36.63,0,1,0.87,0:47:17
5950,1,144.104248046875,36.63,1,0,0.87,0:42:55
5951,1,10.44183731079102,36.63,0,1,0.87,0:46:50
5952,1,11.4075756072998,36.63,1,0,0.87,0:44:42
5953,1,157.4949645996094,36.63,1,0,0.87,0:46:27
5954,1,248.1461334228516,36.63,0,1,0.87,0:46:55
5955,1,5.555201530456543,36.63,1,0,0.87,0:42:18
5956,1,7.709846973419189,36.63,1,0,0.87,0:44:13
5957,1,367.612060546875,36.63,1,0,0.87,0:42:05
5958,1,224.9872589111328,36.63,0,1,0.87,0:43:30
5959,1,16.83182334899902,36.63,1,0,0.87,0:47:32
5960,1,72.22600555419922,36.63,1,0,0.87,0:44:17
5961,1,108.9886856079102,36.63,1,0,0.87,0:45:54
5962,1,21.13623237609863,36.63,1,0,0.87,0:43:27
5963,1,376.7197570800781,36.63,1,0,0.87,0:44:01
5964,1,1.6696237325668328,36.63,1,0,0.87,0:44:34
5965,1,11.4075756072998,36.63,0,1,0.87,0:47:10
5966,1,6.110790252685548,36.63,1,0,0.87,0:45:36
5967,1,53.33503723144531,36.63,1,0,0.87,0:43:36
5968,1,259.998291015625,36.63,0,1,0.87,0:46:45
5969,1,59.33108520507812,36.63,1,0,0.87,0:47:08
5970,1,51.87637710571289,36.63,1,0,0.87,0:40:40
5971,1,793.3435668945312,36.63,1,0,0.87,0:40:39
5972,1,10.44183731079102,36.63,0,1,0.87,0:45:59
5973,1,227.4163818359375,36.63,1,0,0.87,0:45:44
5974,1,15.55781936645508,36.63,1,0,0.87,0:45:43
5975,1,3.8192260265350337,36.63,1,0,0.87,0:44:57
5976,1,767.4879150390625,36.63,1,0,0.87,0:43:04
5977,1,380.0,36.63,1,0,0.87,0:46:03
5978,1,1761.820068359375,36.63,1,0,0.87,0:45:17
5979,1,7.058139324188232,36.63,0,1,0.87,0:46:07
5980,1,18.05331420898438,36.63,1,0,0.87,0:44:38
5981,1,131.4553527832031,36.63,0,1,0.87,0:45:25
5982,1,7.965522289276122,36.63,1,0,0.87,0:42:01
5983,1,46.89284896850586,36.63,1,0,0.87,0:45:45
5984,1,614.4942016601562,36.63,1,0,0.87,0:40:04
5985,1,2.103271007537842,36.63,1,0,0.87,0:43:45
5986,1,25.06772422790527,36.63,1,0,0.87,0:46:44
5987,1,127.6281280517578,36.63,1,0,0.87,0:41:19
5988,1,140.6603088378906,36.63,0,1,0.87,0:45:42
5989,1,662.5640869140625,36.63,1,0,0.87,0:44:37
5990,1,52.8517074584961,36.63,1,0,0.87,0:41:05
5991,1,10.44183731079102,36.63,0,1,0.87,0:46:38
5992,1,2296.114013671875,36.63,1,0,0.87,0:43:33
5993,1,140.9563293457031,36.63,0,1,0.87,0:44:59
5994,2,17.26782035827637,36.63,1,0,0.87,0:44:49
5995,1,2099.331787109375,36.63,1,0,0.87,0:44:12
5996,1,289.4905090332031,36.63,1,0,0.87,0:44:51
5997,1,23.67902565002441,36.63,1,0,0.87,0:46:56
5998,1,104.0583648681641,36.63,1,0,0.87,0:44:41
5999,1,42.10452270507812,36.63,1,0,0.87,0:43:18
6000,1,1046.732788085938,36.63,1,0,0.87,0:42:21
6001,1,194.29931640625,36.63,0,1,0.87,0:47:46
6002,1,38.02688980102539,36.63,1,0,0.87,0:43:42
6003,1,7.058139324188232,36.63,1,0,0.87,0:45:28
6004,1,34.67803573608398,36.63,1,0,0.87,0:46:06
6005,1,1425.4908447265618,36.63,1,0,0.87,0:41:36
6006,1,5.6399245262146,36.63,1,0,0.87,0:41:50
6007,1,634.6715087890625,36.63,0,1,0.87,0:46:50
6008,1,113.38473510742192,36.63,1,0,0.87,0:43:35
6009,1,5.734809875488281,36.63,1,0,0.87,0:46:03
6010,1,167.9832916259766,36.63,1,0,0.87,0:46:27
6011,1,267.1992797851562,36.63,0,1,0.87,0:45:33
6012,1,10.44183731079102,36.63,1,0,0.87,0:41:38
6013,1,387.1519165039062,36.63,0,1,0.87,0:46:01
6014,1,244.5707244873047,36.63,0,1,0.87,0:42:39
6015,1,140.9563293457031,36.63,0,1,0.87,0:47:25
6016,1,328.505859375,36.63,1,0,0.87,0:44:22
6017,1,10.96754741668701,36.63,1,0,0.87,0:42:08
6018,1,1186.648193359375,36.63,1,0,0.87,0:44:54
6019,1,181.5143737792969,36.63,0,1,0.87,0:46:14
6020,1,20.10119247436523,36.63,1,0,0.87,0:43:12
6021,1,63.433021545410156,36.63,1,0,0.87,0:44:14
6022,1,37.34151840209961,36.63,1,0,0.87,0:44:34
6023,1,0.6114726066589355,36.63,1,0,0.87,0:46:56
6024,1,109.5502395629883,36.63,0,1,0.87,0:47:14
6025,1,46.06496810913086,36.63,1,0,0.87,0:41:33
6026,1,2.790159702301025,36.63,0,1,0.87,0:45:33
6027,1,107.38072967529301,36.63,0,1,0.87,0:46:08
6028,1,13.52747440338135,36.63,1,0,0.87,0:43:29
6029,1,16.00102424621582,36.63,0,1,0.87,0:43:34
6030,1,16.00102424621582,36.63,1,0,0.87,0:43:35
6031,1,282.0137329101562,36.63,1,0,0.87,0:44:30
6032,1,65.05636596679689,36.63,1,0,0.87,0:46:02
6033,1,71.8073501586914,36.63,1,0,0.87,0:44:36
6034,1,287.84716796875,36.63,0,1,0.87,0:44:54
6035,1,2554.609619140625,36.63,1,0,0.87,0:42:09
6036,1,59.33108520507812,36.63,1,0,0.87,0:47:01
6037,1,614.4942016601562,36.63,0,1,0.87,0:45:51
6038,1,252.6790618896484,36.63,1,0,0.87,0:44:32
6039,1,195.8657989501953,36.63,1,0,0.87,0:45:03
6040,1,24.55533409118652,36.63,1,0,0.87,0:49:58
6041,1,5.445359230041504,36.63,1,0,0.87,0:43:27
6042,1,182.3301696777344,36.63,0,1,0.87,0:45:22
6043,1,4.990877151489258,36.63,0,1,0.87,0:44:16
6044,1,7.966464519500732,36.63,1,0,0.87,0:43:27
6045,1,320.0387878417969,36.63,1,0,0.87,0:46:48
6046,1,5.734809875488281,36.63,0,1,0.87,0:45:30
6047,1,213.9208221435547,36.63,1,0,0.87,0:42:53
6048,1,320.0387878417969,36.63,0,1,0.87,0:45:47
6049,1,263.6666870117188,36.63,1,0,0.87,0:45:43
6050,1,12.164125442504881,36.63,1,0,0.87,0:46:17
6051,1,15.55781936645508,36.63,1,0,0.87,0:44:58
6052,1,0.6015984416007996,36.63,0,1,0.87,0:44:48
6053,1,17.08505821228027,36.63,1,0,0.87,0:42:26
6054,1,63.0792350769043,36.63,1,0,0.87,0:45:25
6055,1,447.4283447265625,36.63,1,0,0.87,0:45:15
6056,1,6.935507774353027,36.63,1,0,0.87,0:39:27
6057,1,38.52471923828125,36.63,0,1,0.87,0:43:49
6058,1,289.1596374511719,36.63,1,0,0.87,0:44:02
6059,1,571.0994873046875,36.63,1,0,0.87,0:43:36
6060,1,47.58063888549805,36.63,1,0,0.87,0:45:54
6061,1,15.5554141998291,36.63,0,1,0.87,0:45:43
6062,1,180.2863311767578,36.63,1,0,0.87,0:46:54
6063,1,421.3871459960938,36.63,0,1,0.87,0:45:16
6064,1,266.2826538085938,36.63,1,0,0.87,0:46:16
6065,1,24.79595756530762,36.63,1,0,0.87,0:42:51
6066,1,91.7226791381836,36.63,1,0,0.87,0:44:32
6067,1,30.62265396118164,36.63,1,0,0.87,0:43:52
6068,1,52.5532455444336,36.63,1,0,0.87,0:44:36
6069,1,1.665969014167786,36.63,1,0,0.87,0:44:59
6070,1,5.400674819946289,36.63,0,1,0.87,0:45:14
6071,1,152.9394073486328,36.63,1,0,0.87,0:44:25
6072,1,10.44776248931885,36.63,0,1,0.87,0:43:33
6073,1,259.998291015625,36.63,1,0,0.87,0:43:35
6074,1,5.470619678497314,36.63,1,0,0.87,0:44:52
6075,1,113.38473510742192,36.63,0,1,0.87,0:45:32
6076,1,43.40748977661133,36.63,1,0,0.87,0:42:38
6077,1,395.2044982910156,36.63,1,0,0.87,0:44:00
6078,1,36.906288146972656,36.63,0,1,0.87,0:47:06
6079,1,295.7343444824219,36.63,0,1,0.87,0:44:00
6080,1,24.17752647399902,36.63,1,0,0.87,0:44:21
6081,1,145.5950317382812,36.63,1,0,0.87,0:44:50
6082,1,77.97574615478516,36.63,0,1,0.87,0:45:35
6083,1,167.9832916259766,36.63,1,0,0.87,0:46:14
6084,1,278.49575805664057,36.63,1,0,0.87,0:45:59
6085,1,1831.0819091796882,36.63,1,0,0.87,0:45:56
6086,1,16.84739112854004,36.63,1,0,0.87,0:45:34
6087,1,212.4296722412109,36.63,1,0,0.87,0:45:44
6088,1,242.2535705566406,36.63,1,0,0.87,0:44:15
6089,1,10.44776248931885,36.63,0,1,0.87,0:45:58
6090,1,2229.72216796875,36.63,1,0,0.87,0:44:33
6091,1,6.1151862144470215,36.63,1,0,0.87,0:43:14
6092,1,117.1507339477539,36.63,0,1,0.87,0:47:04
6093,1,23.51996421813965,36.63,1,0,0.87,0:46:03
6094,1,214.2507781982422,36.63,1,0,0.87,0:43:16
6095,1,13.027480125427251,36.63,1,0,0.87,0:41:48
6096,1,79.58588409423828,36.63,1,0,0.87,0:44:34
6097,1,18.82139015197754,36.63,1,0,0.87,0:44:34
6098,1,1509.999267578125,36.63,0,1,0.87,0:44:34
6099,1,1976.76318359375,36.63,1,0,0.87,0:46:00
6100,1,2.252920866012573,36.63,1,0,0.87,0:42:14
6101,1,59.33108520507812,36.63,1,0,0.87,0:41:39
6102,1,248.1461334228516,36.63,1,0,0.87,0:43:54
6103,1,13.620266914367681,36.63,1,0,0.87,0:44:45
6104,1,129.01762390136722,36.63,1,0,0.87,0:42:44
6105,1,724.8308715820312,36.63,1,0,0.87,0:44:29
6106,1,266.2826538085938,36.63,0,1,0.87,0:44:44
6107,1,767.4879150390625,36.63,1,0,0.87,0:45:24
6108,1,167.9832916259766,36.63,1,0,0.87,0:45:14
6109,1,91.49476623535156,36.63,1,0,0.87,0:46:07
6110,1,19.23562431335449,36.63,0,1,0.87,0:46:56
6111,1,159.2595977783203,36.63,1,0,0.87,0:46:45
6112,1,38.22609329223633,36.63,1,0,0.87,0:44:29
6113,1,377.5501098632812,36.63,1,0,0.87,0:43:22
6114,1,89.30374908447266,36.63,1,0,0.87,0:45:49
6115,1,321.9679870605469,36.63,1,0,0.87,0:46:17
6116,1,140.58866882324222,36.63,0,1,0.87,0:45:38
6117,1,68.85420227050781,36.63,0,1,0.87,0:46:46
6118,1,262.5374755859375,36.63,1,0,0.87,0:44:17
6119,1,767.4879150390625,36.63,1,0,0.87,0:45:16
6120,1,121.6266098022461,36.63,1,0,0.87,0:43:11
6121,1,611.3375244140625,36.63,1,0,0.87,0:43:18
6122,1,31.97005462646484,36.63,0,1,0.87,0:45:18
6123,1,36.526832580566406,36.63,1,0,0.87,0:42:26
6124,1,277.0245971679688,36.63,1,0,0.87,0:45:18
6125,1,392.9354553222656,36.63,1,0,0.87,0:42:40
6126,1,49.916481018066406,36.63,1,0,0.87,0:43:48
6127,1,484.7640075683594,36.63,0,1,0.87,0:46:49
6128,1,1325.179443359375,36.63,1,0,0.87,0:41:53
6129,1,91.7226791381836,36.63,1,0,0.87,0:44:34
6130,1,614.4942016601562,36.63,0,1,0.87,0:45:41
6131,1,140.6603088378906,36.63,1,0,0.87,0:45:20
6132,1,21.0,36.63,1,0,0.87,0:47:39
6133,1,88.10631561279297,36.63,0,1,0.87,0:46:03
6134,1,10.44776248931885,36.63,0,1,0.87,0:46:27
6135,1,15.711705207824712,36.63,1,0,0.87,0:47:00
6136,1,9.294014930725098,36.63,1,0,0.87,0:44:15
6137,1,287.1083679199219,36.63,1,0,0.87,0:42:35
6138,1,2554.609619140625,36.63,1,0,0.87,0:46:24
6139,1,181.5143737792969,36.63,0,1,0.87,0:45:47
6140,1,1.7231634855270392,36.63,0,1,0.87,0:45:54
6141,1,5.376809597015381,36.63,0,1,0.87,0:44:44
6142,1,873.9188842773438,36.63,0,1,0.87,0:45:25
6143,1,75.45740509033203,36.63,1,0,0.87,0:42:27
6144,1,51.94340515136719,36.63,0,1,0.87,0:44:37
6145,1,653.6278686523438,36.63,1,0,0.87,0:43:32
6146,1,4.170359134674071,36.63,1,0,0.87,0:43:30
6147,1,11.360401153564448,36.63,1,0,0.87,0:44:16
6148,1,43.62190246582031,36.63,1,0,0.87,0:42:58
6149,1,542.7797241210939,36.63,1,0,0.87,0:43:35
6150,1,181.5143737792969,36.63,0,1,0.87,0:45:47
6151,1,7.965522289276122,36.63,1,0,0.87,0:46:11
6152,1,252.5192565917969,36.63,1,0,0.87,0:46:22
6153,1,131.0602111816406,36.63,1,0,0.87,0:46:21
6154,1,259.998291015625,36.63,1,0,0.87,0:44:36
6155,1,378.2447204589844,36.63,1,0,0.87,0:44:20
6156,1,14.82353019714355,36.63,1,0,0.87,0:44:54
6157,1,186.8978118896484,36.63,1,0,0.87,0:44:33
6158,1,71.8073501586914,36.63,0,1,0.87,0:43:42
6159,1,194.2860260009766,36.63,1,0,0.87,0:47:12
6160,1,197.583984375,36.63,1,0,0.87,0:46:15
6161,1,50.91468048095703,36.63,1,0,0.87,0:44:42
6162,1,7.145110607147218,36.63,1,0,0.87,0:45:58
6163,1,841.2716064453125,36.63,1,0,0.87,0:43:38
6164,1,357.0286254882812,36.63,0,1,0.87,0:42:57
6165,1,214.5809783935547,36.63,0,1,0.87,0:46:22
6166,1,332.7853698730469,36.63,0,1,0.87,0:44:58
6167,1,230.7201995849609,36.63,1,0,0.87,0:45:40
6168,1,167.9832916259766,36.63,0,1,0.87,0:46:39
6169,1,59.91531372070312,36.63,1,0,0.87,0:43:55
6170,1,90.16681671142578,36.63,1,0,0.87,0:45:33
6171,1,312.5741882324219,36.63,1,0,0.87,0:45:30
6172,1,254.7844543457031,36.63,1,0,0.87,0:42:23
6173,1,109.5122451782227,36.63,1,0,0.87,0:43:51
6174,1,16.84457588195801,36.63,1,0,0.87,0:45:52
6175,1,614.4942016601562,36.63,1,0,0.87,0:45:27
6176,1,288.9022216796875,36.63,1,0,0.87,0:45:05
6177,1,342.2857666015625,36.63,1,0,0.87,0:44:00
6178,1,666.8341674804688,36.63,1,0,0.87,0:47:00
6179,1,530.4241333007811,36.63,1,0,0.87,0:46:31
6180,1,4.2942166328430185,36.63,0,1,0.87,0:44:10
6181,1,185.2336273193359,36.63,0,1,0.87,0:42:39
6182,1,2.790159702301025,36.63,1,0,0.87,0:42:12
6183,1,228.0850677490234,36.63,1,0,0.87,0:42:35
6184,1,142.3699798583984,36.63,0,1,0.87,0:45:12
6185,1,779.2720947265625,36.63,0,1,0.87,0:42:46
6186,1,225.5588531494141,36.63,0,1,0.87,0:47:10
6187,1,258.83737182617193,36.63,1,0,0.87,0:44:40
6188,1,10.44776248931885,36.63,0,1,0.87,0:45:36
6189,1,666.8341674804688,36.63,0,1,0.87,0:43:30
6190,1,317.6456298828125,36.63,1,0,0.87,0:45:00
6191,1,115.60287475585942,36.63,1,0,0.87,0:44:17
6192,1,38.65314865112305,36.63,1,0,0.87,0:47:00
6193,1,182.3301696777344,36.63,0,1,0.87,0:47:15
6194,1,9.807595252990724,36.63,1,0,0.87,0:46:16
6195,1,16.83182334899902,36.63,1,0,0.87,0:47:00
6196,1,56.89868545532227,36.63,1,0,0.87,0:46:23
6197,1,311.047607421875,36.63,0,1,0.87,0:44:37
6198,1,103.4696578979492,36.63,1,0,0.87,0:46:23
6199,1,611.3375244140625,36.63,1,0,0.87,0:44:09
6200,1,27.31693840026855,36.63,1,0,0.87,0:42:39
6201,2,167.9832916259766,36.63,1,0,0.87,0:44:54
6202,1,342.2857666015625,36.63,1,0,0.87,0:44:13
6203,1,387.1519165039062,36.63,1,0,0.87,0:46:10
6204,1,36.98998641967773,36.63,1,0,0.87,0:45:16
6205,1,398.2716369628906,36.63,0,1,0.87,0:45:00
6206,1,6.240824699401856,36.63,1,0,0.87,0:46:16
6207,1,39.64147567749023,36.63,1,0,0.87,0:45:06
6208,1,49.35443496704102,36.63,1,0,0.87,0:45:26
6209,1,38.98093795776367,36.63,1,0,0.87,0:47:16
6210,1,27.3308277130127,36.63,1,0,0.87,0:46:34
6211,1,59.33108520507812,36.63,1,0,0.87,0:38:10
6212,1,263.76736450195307,36.63,0,1,0.87,0:42:45
6213,1,1.919909358024597,36.63,1,0,0.87,0:43:33
6214,2,7.018228054046631,36.63,1,0,0.87,0:46:14
6215,1,10.44776248931885,36.63,0,1,0.87,0:44:24
6216,1,10.44183731079102,36.63,1,0,0.87,0:45:31
6217,1,219.4850006103516,36.63,0,1,0.87,0:44:14
6218,1,7.309962749481201,36.63,1,0,0.87,0:47:00
6219,1,105.6290054321289,36.63,1,0,0.87,0:45:08
6220,1,8.919455528259277,36.63,1,0,0.87,0:46:21
6221,1,248.38470458984384,36.63,1,0,0.87,0:44:08
6222,1,212.76708984375,36.63,1,0,0.87,0:43:12
6223,1,3.310425281524658,36.63,1,0,0.87,0:44:28
6224,1,29.92065811157227,36.63,1,0,0.87,0:42:45
6225,1,30.4487247467041,36.63,1,0,0.87,0:39:24
6226,1,108.5567169189453,36.63,1,0,0.87,0:46:58
6227,1,59.91531372070312,36.63,0,1,0.87,0:47:29
6228,1,1243.033569335938,36.63,1,0,0.87,0:48:11
6229,1,4.954220771789551,36.63,1,0,0.87,0:44:53
6230,1,8.194785118103027,36.63,0,1,0.87,0:46:01
6231,1,197.41845703125,36.63,1,0,0.87,0:44:33
6232,1,258.83737182617193,36.63,1,0,0.87,0:45:06
6233,1,6.240824699401856,36.63,0,1,0.87,0:46:08
6234,1,18.05331420898438,36.63,1,0,0.87,0:45:47
6235,1,396.0248413085938,36.63,0,1,0.87,0:45:08
6236,1,50.50469589233398,36.63,1,0,0.87,0:43:11
6237,1,31.1684627532959,36.63,1,0,0.87,0:44:24
6238,1,33.037216186523445,36.63,1,0,0.87,0:40:51
6239,1,62.27024841308594,36.63,0,1,0.87,0:45:34
6240,1,10.96754741668701,36.63,1,0,0.87,0:42:55
6241,1,11.261268615722662,36.63,1,0,0.87,0:44:31
6242,1,91.7226791381836,36.63,1,0,0.87,0:47:05
6243,1,321.1102600097656,36.63,1,0,0.87,0:44:43
6244,1,254.7844543457031,36.63,0,1,0.87,0:46:40
6245,1,138.3571929931641,36.63,1,0,0.87,0:45:21
6246,1,424.9039001464844,36.63,0,1,0.87,0:44:02
6247,1,3.8192260265350337,36.63,0,1,0.87,0:46:00
6248,1,31.52193450927734,36.63,0,1,0.87,0:45:36
6249,1,194.2860260009766,36.63,0,1,0.87,0:46:40
6250,1,1.539181590080261,36.63,1,0,0.87,0:44:13
6251,1,10.44183731079102,36.63,1,0,0.87,0:44:05
6252,1,204.6719512939453,36.63,1,0,0.87,0:46:10
6253,1,31.52193450927734,36.63,0,1,0.87,0:44:15
6254,1,2.335977554321289,36.63,1,0,0.87,0:42:24
6255,1,81.34762573242188,36.63,1,0,0.87,0:43:33
6256,1,172.369873046875,36.63,1,0,0.87,0:45:44
6257,1,7.965522289276122,36.63,0,1,0.87,0:47:25
6258,1,3.1688442230224614,36.63,1,0,0.87,0:41:58
6259,1,142.791748046875,36.63,0,1,0.87,0:45:48
6260,1,248.7070617675781,36.63,1,0,0.87,0:46:15
6261,1,16.91943550109863,36.63,1,0,0.87,0:44:46
6262,1,132.85002136230472,36.63,1,0,0.87,0:45:31
6263,1,168.8797760009766,36.63,1,0,0.87,0:46:40
6264,1,11.05302143096924,36.63,1,0,0.87,0:43:02
6265,1,140.58866882324222,36.63,1,0,0.87,0:45:37
6266,1,1046.732788085938,36.63,1,0,0.87,0:44:29
6267,1,190.5054016113281,36.63,1,0,0.87,0:44:08
6268,1,254.7844543457031,36.63,0,1,0.87,0:46:25
6269,1,303.4202575683594,36.63,1,0,0.87,0:46:26
6270,1,258.83737182617193,36.63,1,0,0.87,0:42:08
6271,1,2.774774551391602,36.63,1,0,0.87,0:46:15
6272,1,4.143080711364746,36.63,1,0,0.87,0:46:51
6273,1,181.5143737792969,36.63,1,0,0.87,0:43:12
6274,1,179.9742889404297,36.63,0,1,0.87,0:46:50
6275,1,16.84739112854004,36.63,0,1,0.87,0:45:16
6276,1,380.0,36.63,1,0,0.87,0:44:34
6277,1,137.57452392578122,36.63,1,0,0.87,0:44:47
6278,1,259.998291015625,36.63,1,0,0.87,0:44:20
6279,1,9.87485122680664,36.63,1,0,0.87,0:46:17
6280,1,1596.6729736328118,36.63,0,1,0.87,0:45:59
6281,1,337.4805297851562,36.63,1,0,0.87,0:44:42
6282,1,8.082205772399902,36.63,0,1,0.87,0:45:26
6283,1,19.78066635131836,36.63,0,1,0.87,0:48:04
6284,1,0.5368872284889221,36.63,1,0,0.87,0:46:42
6285,1,1596.6729736328118,36.63,1,0,0.87,0:42:10
6286,1,150.4564208984375,36.63,1,0,0.87,0:41:14
6287,1,86.84709167480469,36.63,0,1,0.87,0:47:50
6288,1,275.064453125,36.63,1,0,0.87,0:42:55
6289,1,59.33108520507812,36.63,1,0,0.87,0:43:48
6290,1,15.55781936645508,36.63,1,0,0.87,0:42:38
6291,1,291.2162780761719,36.63,1,0,0.87,0:44:24
6292,1,216.0,36.63,1,0,0.87,0:46:11
6293,1,35.90165328979492,36.63,1,0,0.87,0:44:22
6294,1,181.5143737792969,36.63,1,0,0.87,0:42:41
6295,1,32.54788208007812,36.63,1,0,0.87,0:46:03
6296,1,18.05331420898438,36.63,1,0,0.87,0:44:07
6297,1,45.43676376342773,36.63,1,0,0.87,0:45:43
6298,1,178.5715484619141,36.63,1,0,0.87,0:45:45
6299,1,114.7976837158203,36.63,1,0,0.87,0:45:22
6300,1,13.027480125427251,36.63,0,1,0.87,0:43:37
6301,1,215.4814453125,36.63,1,0,0.87,0:41:03
6302,1,767.4879150390625,36.63,1,0,0.87,0:43:46
6303,1,55.22239303588867,36.63,1,0,0.87,0:45:30
6304,1,42.68008041381836,36.63,0,1,0.87,0:47:06
6305,1,181.5143737792969,36.63,0,1,0.87,0:45:22
6306,1,384.0559692382812,36.63,1,0,0.87,0:38:02
6307,1,369.8974304199219,36.63,1,0,0.87,0:44:28
6308,1,151.7860565185547,36.63,1,0,0.87,0:42:48
6309,1,10.44776248931885,36.63,1,0,0.87,0:46:38
6310,1,203.7541961669922,36.63,0,1,0.87,0:46:24
6311,1,35.65705490112305,36.63,0,1,0.87,0:47:34
6312,1,1046.732788085938,36.63,1,0,0.87,0:45:52
6313,1,11.7332706451416,36.63,1,0,0.87,0:44:56
6314,1,181.5143737792969,36.63,0,1,0.87,0:45:48
6315,1,91.7226791381836,36.63,1,0,0.87,0:43:18
6316,1,233.2363739013672,36.63,0,1,0.87,0:45:38
6317,1,1.667970061302185,36.63,0,1,0.87,0:42:51
6318,1,5.020810604095459,36.63,1,0,0.87,0:44:35
6319,1,27.23297309875488,36.63,1,0,0.87,0:46:03
6320,1,31.97005462646484,36.63,0,1,0.87,0:47:15
6321,1,392.9354553222656,36.63,0,1,0.87,0:44:40
6322,1,1046.732788085938,36.63,1,0,0.87,0:41:57
6323,1,263.76736450195307,36.63,1,0,0.87,0:46:33
6324,1,181.5143737792969,36.63,1,0,0.87,0:43:08
6325,1,200.7367095947266,36.63,1,0,0.87,0:45:48
6326,1,120.9079360961914,36.63,0,1,0.87,0:45:07
6327,1,233.2363739013672,36.63,1,0,0.87,0:46:18
6328,1,159.9830627441406,36.63,1,0,0.87,0:45:17
6329,1,1300.004516601562,36.63,0,1,0.87,0:45:19
6330,1,1300.004516601562,36.63,1,0,0.87,0:45:19
6331,1,0.5368872284889221,36.63,1,0,0.87,0:45:38
6332,1,10.18533515930176,36.63,1,0,0.87,0:39:52
6333,1,231.436279296875,36.63,1,0,0.87,0:46:08
6334,1,315.6446228027344,36.63,0,1,0.87,0:46:13
6335,1,16.84739112854004,36.63,0,1,0.87,0:47:08
6336,1,181.5143737792969,36.63,1,0,0.87,0:44:11
6337,1,233.2363739013672,36.63,1,0,0.87,0:46:11
6338,1,42.68008041381836,36.63,0,1,0.87,0:47:06
6339,1,320.0387878417969,36.63,1,0,0.87,0:44:55
6340,1,407.4807739257812,36.63,1,0,0.87,0:46:49
6341,1,184.072021484375,36.63,0,1,0.87,0:45:19
6342,1,140.6603088378906,36.63,1,0,0.87,0:45:54
6343,1,9.36793613433838,36.63,1,0,0.87,0:45:57
6344,1,254.11572265625,36.63,1,0,0.87,0:43:48
6345,1,498.7413635253906,36.63,0,1,0.87,0:46:07
6346,1,5.032363891601562,36.63,1,0,0.87,0:45:24
6347,1,117.0965118408203,36.63,1,0,0.87,0:46:11
6348,1,13.445884704589838,36.63,0,1,0.87,0:45:34
6349,1,20.15006828308105,36.63,0,1,0.87,0:45:51
6350,1,131.4553527832031,36.63,1,0,0.87,0:44:30
6351,1,63.27411651611328,36.63,0,1,0.87,0:45:54
6352,1,224.3040618896484,36.63,1,0,0.87,0:46:06
6353,1,399.9556579589844,36.63,1,0,0.87,0:43:47
6354,1,2133.544677734375,36.63,1,0,0.87,0:46:54
6355,1,141.1389312744141,36.63,0,1,0.87,0:46:15
6356,1,766.8805541992188,36.63,0,1,0.87,0:45:50
6357,1,364.7854309082031,36.63,1,0,0.87,0:44:08
6358,2,873.9188842773438,36.63,1,0,0.87,0:43:50
6359,1,182.8298187255859,36.63,1,0,0.87,0:46:18
6360,1,254.7844543457031,36.63,1,0,0.87,0:44:54
6361,1,336.294921875,36.63,0,1,0.87,0:47:12
6362,1,321.6220397949219,36.63,1,0,0.87,0:46:03
6363,1,141.0436401367188,36.63,1,0,0.87,0:45:09
6364,1,71.8073501586914,36.63,1,0,0.87,0:46:05
6365,1,202.94964599609384,36.63,1,0,0.87,0:45:28
6366,1,2554.609619140625,36.63,1,0,0.87,0:45:07
6367,1,3.091031312942505,36.63,1,0,0.87,0:43:55
6368,1,576.0,36.63,1,0,0.87,0:45:21
6369,1,128.6514892578125,36.63,0,1,0.87,0:46:28
6370,1,66.11064147949219,36.63,0,1,0.87,0:45:58
6371,1,24.13339424133301,36.63,1,0,0.87,0:43:50
6372,1,31.17976570129395,36.63,1,0,0.87,0:47:44
6373,1,232.5149993896484,36.63,1,0,0.87,0:44:16
6374,1,246.8048858642578,36.63,1,0,0.87,0:43:02
6375,1,16.66305160522461,36.63,1,0,0.87,0:45:11
6376,1,1046.732788085938,36.63,1,0,0.87,0:45:56
6377,1,52.79186630249023,36.63,0,1,0.87,0:45:29
6378,1,142.3699798583984,36.63,0,1,0.87,0:46:00
6379,1,38.4414291381836,36.63,1,0,0.87,0:46:59
6380,1,31.97005462646484,36.63,0,1,0.87,0:46:08
6381,1,580.5614013671875,36.63,1,0,0.87,0:46:33
6382,1,11.05302143096924,36.63,0,1,0.87,0:45:16
6383,1,2572.088134765625,36.63,0,1,0.87,0:43:54
6384,1,658.064208984375,36.63,1,0,0.87,0:41:59
6385,1,2067.660400390625,36.63,1,0,0.87,0:45:59
6386,1,237.6291656494141,36.63,1,0,0.87,0:45:27
6387,1,987.7908325195312,36.63,1,0,0.87,0:46:13
6388,1,2.790159702301025,36.63,0,1,0.87,0:44:38
6389,1,220.8075714111328,36.63,1,0,0.87,0:42:07
6390,1,35.90165328979492,36.63,1,0,0.87,0:45:41
6391,1,1354.186645507812,36.63,1,0,0.87,0:44:52
6392,1,198.9537811279297,36.63,0,1,0.87,0:46:23
6393,1,106.4007720947266,36.63,0,1,0.87,0:47:16
6394,1,7.150104522705077,36.63,1,0,0.87,0:43:03
6395,1,146.0377807617188,36.63,1,0,0.87,0:44:01
6396,1,14.566981315612788,36.63,1,0,0.87,0:44:44
6397,1,445.2997741699219,36.63,0,1,0.87,0:42:15
6398,1,171.3365936279297,36.63,1,0,0.87,0:46:02
6399,1,4.784560680389403,36.63,0,1,0.87,0:44:30
6400,1,2229.72216796875,36.63,1,0,0.87,0:39:04
6401,1,219.4850006103516,36.63,1,0,0.87,0:42:17
6402,1,112.8550796508789,36.63,0,1,0.87,0:46:06
6403,1,123.1515731811523,36.63,1,0,0.87,0:43:39
6404,1,181.5143737792969,36.63,1,0,0.87,0:42:41
6405,3,131.4553527832031,36.63,1,0,0.87,0:45:02
6406,1,318.1236877441406,36.63,0,1,0.87,0:45:32
6407,1,5.344095230102539,36.63,0,1,0.87,0:46:30
6408,1,15.224977493286133,36.63,0,1,0.87,0:47:37
6409,1,593.3247680664062,36.63,1,0,0.87,0:44:39
6410,1,126.29578399658199,36.63,1,0,0.87,0:43:05
6411,1,336.294921875,36.63,0,1,0.87,0:45:26
6412,1,86.89449310302734,36.63,1,0,0.87,0:44:20
6413,1,10.44183731079102,36.63,0,1,0.87,0:45:42
6414,1,1518.96630859375,36.63,0,1,0.87,0:44:22
6415,1,1596.6729736328118,36.63,0,1,0.87,0:45:46
6416,1,85.82516479492188,36.63,1,0,0.87,0:48:37
6417,1,91.7226791381836,36.63,1,0,0.87,0:44:47
6418,1,220.4464874267578,36.63,0,1,0.87,0:46:00
6419,1,12.58986759185791,36.63,0,1,0.87,0:45:26
6420,1,17.08699035644531,36.63,1,0,0.87,0:45:41
6421,1,41.90681076049805,36.63,1,0,0.87,0:44:36
6422,1,51.94340515136719,36.63,0,1,0.87,0:43:50
6423,1,120.98013305664058,36.63,1,0,0.87,0:46:13
6424,1,206.0885009765625,36.63,0,1,0.87,0:46:35
6425,1,275.064453125,36.63,0,1,0.87,0:46:39
6426,1,138.3722991943359,36.63,1,0,0.87,0:45:29
6427,1,45.278038024902344,36.63,1,0,0.87,0:45:13
6428,1,606.4376831054688,36.63,1,0,0.87,0:42:26
6429,1,31.86935234069824,36.63,0,1,0.87,0:47:02
6430,1,320.0387878417969,36.63,1,0,0.87,0:44:53
6431,1,167.9832916259766,36.63,1,0,0.87,0:46:42
6432,1,398.2716369628906,36.63,0,1,0.87,0:47:05
6433,1,222.7997283935547,36.63,0,1,0.87,0:42:42
6434,1,1.8889065980911248,36.63,1,0,0.87,0:45:49
6435,1,165.2113800048828,36.63,1,0,0.87,0:45:05
6436,1,197.0789337158203,36.63,1,0,0.87,0:46:28
6437,1,2.7546546459198,36.63,1,0,0.87,0:44:53
6438,1,35.8804931640625,36.63,0,1,0.87,0:45:45
6439,1,233.2363739013672,36.63,1,0,0.87,0:39:56
6440,1,11.05302143096924,36.63,0,1,0.87,0:45:15
6441,1,219.4850006103516,36.63,1,0,0.87,0:46:04
6442,1,287.84716796875,36.63,1,0,0.87,0:44:43
6443,1,13.027480125427251,36.63,1,0,0.87,0:43:48
6444,1,0.5217891335487366,36.63,0,1,0.87,0:46:16
6445,1,16.83182334899902,36.63,0,1,0.87,0:44:14
6446,1,261.8898315429688,36.63,1,0,0.87,0:44:38
6447,1,6.065486431121826,36.63,1,0,0.87,0:44:59
6448,1,27.96543884277344,36.63,1,0,0.87,0:45:55
6449,1,287.5038757324219,36.63,1,0,0.87,0:46:12
6450,1,71.07490539550781,36.63,1,0,0.87,0:43:42
6451,1,36.044578552246094,36.63,0,1,0.87,0:45:19
6452,1,31.2812614440918,36.63,0,1,0.87,0:47:01
6453,1,76.06629943847656,36.63,1,0,0.87,0:47:39
6454,1,377.5501098632812,36.63,1,0,0.87,0:46:16
6455,1,36.044578552246094,36.63,0,1,0.87,0:44:46
6456,1,16.83182334899902,36.63,0,1,0.87,0:48:06
6457,1,16.83182334899902,36.63,0,1,0.87,0:48:06
6458,1,9.664861679077148,36.63,1,0,0.87,0:46:10
6459,1,263.49282836914057,36.63,1,0,0.87,0:45:00
6460,1,57.82163619995117,36.63,1,0,0.87,0:42:19
6461,1,16.84739112854004,36.63,1,0,0.87,0:42:35
6462,1,270.18362426757807,36.63,1,0,0.87,0:46:07
6463,1,77.97574615478516,36.63,1,0,0.87,0:45:56
6464,1,544.2213134765625,36.63,1,0,0.87,0:45:28
6465,1,45.68168640136719,36.63,0,1,0.87,0:43:04
6466,1,187.163818359375,36.63,1,0,0.87,0:42:36
6467,1,361.3132934570312,36.63,1,0,0.87,0:46:22
6468,1,5.032363891601562,36.63,1,0,0.87,0:48:06
6469,1,7.321578502655027,36.63,1,0,0.87,0:44:52
6470,1,91.7226791381836,36.63,1,0,0.87,0:46:12
6471,1,191.0,36.63,1,0,0.87,0:44:23
6472,1,88.13481903076172,36.63,1,0,0.87,0:44:06
6473,1,1596.6729736328118,36.63,1,0,0.87,0:41:47
6474,1,7.61280345916748,36.63,0,1,0.87,0:45:41
6475,1,56.084815979003906,36.63,0,1,0.87,0:46:49
6476,1,11.261268615722662,36.63,1,0,0.87,0:46:01
6477,1,614.4942016601562,36.63,0,1,0.87,0:47:23
6478,1,213.9208221435547,36.63,1,0,0.87,0:46:50
6479,1,259.998291015625,36.63,1,0,0.87,0:43:32
6480,1,6.262023448944093,36.63,1,0,0.87,0:42:12
6481,1,132.85002136230472,36.63,1,0,0.87,0:44:10
6482,1,144.104248046875,36.63,0,1,0.87,0:46:06
6483,1,260.0966186523438,36.63,0,1,0.87,0:47:42
6484,1,51.94340515136719,36.63,1,0,0.87,0:41:34
6485,1,229.17529296875,36.63,1,0,0.87,0:44:32
6486,1,5.22021484375,36.63,1,0,0.87,0:46:24
6487,1,181.5143737792969,36.63,0,1,0.87,0:46:25
6488,1,207.8424377441406,36.63,1,0,0.87,0:45:59
6489,1,71.8073501586914,36.63,1,0,0.87,0:46:11
6490,1,4.548749923706055,36.63,1,0,0.87,0:43:02
6491,1,91.7226791381836,36.63,1,0,0.87,0:46:08
6492,1,142.0761108398438,36.63,1,0,0.87,0:46:17
6493,1,18.05331420898438,36.63,0,1,0.87,0:45:44
6494,1,149.1394653320312,36.63,1,0,0.87,0:45:29
6495,2,71.8073501586914,36.63,1,0,0.87,0:45:24
6496,1,259.998291015625,36.63,1,0,0.87,0:45:40
6497,1,198.6672515869141,36.63,1,0,0.87,0:46:19
6498,1,180.2863311767578,36.63,1,0,0.87,0:46:59
6499,1,2.790159702301025,36.63,0,1,0.87,0:47:30
6500,1,164.0352172851562,36.63,1,0,0.87,0:46:42
6501,1,664.1280517578125,36.63,1,0,0.87,0:39:33
6502,1,342.2857666015625,36.63,1,0,0.87,0:45:25
6503,1,309.380859375,36.63,1,0,0.87,0:46:24
6504,1,25.44406318664551,36.63,1,0,0.87,0:43:56
6505,1,31.52193450927734,36.63,1,0,0.87,0:45:16
6506,1,13.70660877227783,36.63,0,1,0.87,0:46:03
6507,1,181.5143737792969,36.63,0,1,0.87,0:46:11
6508,1,24.55402755737305,36.63,1,0,0.87,0:46:25
6509,1,240.75494384765616,36.63,1,0,0.87,0:44:19
6510,1,343.5472106933594,36.63,1,0,0.87,0:44:44
6511,1,49.35443496704102,36.63,0,1,0.87,0:47:15
6512,1,15.224977493286133,36.63,1,0,0.87,0:42:38
6513,1,16.84739112854004,36.63,1,0,0.87,0:45:25
6514,1,66.39256286621094,36.63,0,1,0.87,0:43:40
6515,1,27.3308277130127,36.63,1,0,0.87,0:45:02
6516,1,16.84739112854004,36.63,0,1,0.87,0:47:13
6517,1,321.1102600097656,36.63,1,0,0.87,0:46:14
6518,1,4.641374111175537,36.63,0,1,0.87,0:48:35
6519,1,25.88188934326172,36.63,1,0,0.87,0:45:54
6520,1,270.910888671875,36.63,1,0,0.87,0:45:17
6521,1,315.9778747558594,36.63,0,1,0.87,0:47:31
6522,1,484.7640075683594,36.63,1,0,0.87,0:43:40
6523,1,356.2755432128906,36.63,1,0,0.87,0:46:46
6524,1,428.7605285644531,36.63,1,0,0.87,0:44:42
6525,1,259.998291015625,36.63,1,0,0.87,0:44:55
6526,1,1976.76318359375,36.63,0,1,0.87,0:50:04
6527,1,11.05302143096924,36.63,1,0,0.87,0:42:04
6528,1,19.07254981994629,36.63,0,1,0.87,0:47:53
6529,1,39.58017349243164,36.63,0,1,0.87,0:46:11
6530,1,181.5143737792969,36.63,0,1,0.87,0:45:54
6531,1,273.54550170898443,36.63,0,1,0.87,0:48:24
6532,1,222.81597900390616,36.63,0,1,0.87,0:46:19
6533,1,263.6666870117188,36.63,0,1,0.87,0:46:26
6534,1,255.0,36.63,1,0,0.87,0:42:26
6535,1,235.1849670410156,36.63,1,0,0.87,0:44:07
6536,1,236.900634765625,36.63,1,0,0.87,0:40:14
6537,1,277.516845703125,36.63,1,0,0.87,0:44:19
6538,1,2.103271007537842,36.63,0,1,0.87,0:45:00
6539,1,614.4942016601562,36.63,1,0,0.87,0:46:53
6540,1,10.44183731079102,36.63,0,1,0.87,0:46:53
6541,1,384.0559692382812,36.63,1,0,0.87,0:41:38
6542,1,10.44183731079102,36.63,0,1,0.87,0:45:40
6543,1,259.998291015625,36.63,1,0,0.87,0:41:20
6544,1,297.5103759765625,36.63,1,0,0.87,0:45:44
6545,1,1623.9774169921882,36.63,1,0,0.87,0:47:14
6546,1,15.55781936645508,36.63,0,1,0.87,0:42:25
6547,1,275.36392211914057,36.63,0,1,0.87,0:46:32
6548,1,210.9565887451172,36.63,1,0,0.87,0:45:44
6549,1,271.24130249023443,36.63,1,0,0.87,0:44:31
6550,1,9.362274169921877,36.63,1,0,0.87,0:45:29
6551,1,15.55781936645508,36.63,0,1,0.87,0:47:24
6552,1,78.48863983154297,36.63,1,0,0.87,0:45:40
6553,1,131.7489013671875,36.63,1,0,0.87,0:44:03
6554,1,15.023329734802251,36.63,1,0,0.87,0:42:18
6555,1,128.1840515136719,36.63,1,0,0.87,0:44:56
6556,1,10.44183731079102,36.63,1,0,0.87,0:45:59
6557,1,11.278846740722662,36.63,1,0,0.87,0:45:55
6558,1,473.531005859375,36.63,1,0,0.87,0:46:13
6559,1,77.97574615478516,36.63,1,0,0.87,0:45:26
6560,1,206.9846496582031,36.63,1,0,0.87,0:46:11
6561,1,122.5372314453125,36.63,1,0,0.87,0:46:28
6562,1,2.022631406784058,36.63,1,0,0.87,0:44:16
6563,1,412.3035278320312,36.63,1,0,0.87,0:41:31
6564,1,24.55533409118652,36.63,0,1,0.87,0:45:47
6565,1,102.18041229248051,36.63,1,0,0.87,0:43:54
6566,1,269.0430908203125,36.63,1,0,0.87,0:45:21
6567,1,32.52695846557617,36.63,1,0,0.87,0:47:42
6568,1,195.8340911865234,36.63,1,0,0.87,0:47:04
6569,1,18.05331420898438,36.63,1,0,0.87,0:46:56
6570,1,149.1394653320312,36.63,1,0,0.87,0:46:12
6571,1,11.65360832214355,36.63,0,1,0.87,0:47:45
6572,1,4.641374111175537,36.63,0,1,0.87,0:45:35
6573,1,259.998291015625,36.63,1,0,0.87,0:44:22
6574,1,159.9830627441406,36.63,1,0,0.87,0:43:58
6575,1,131.0,36.63,1,0,0.87,0:44:54
6576,1,3.8890023231506343,36.63,1,0,0.87,0:46:05
6577,1,259.998291015625,36.63,0,1,0.87,0:46:42
6578,1,15.55781936645508,36.63,1,0,0.87,0:41:35
6579,1,91.7226791381836,36.63,1,0,0.87,0:46:44
6580,1,31.97005462646484,36.63,0,1,0.87,0:45:30
6581,1,184.9496307373047,36.63,1,0,0.87,0:42:20
6582,1,108.5567169189453,36.63,1,0,0.87,0:46:58
6583,1,142.791748046875,36.63,1,0,0.87,0:43:55
6584,1,88.57984924316406,36.63,1,0,0.87,0:46:52
6585,1,16.66305160522461,36.63,0,1,0.87,0:45:54
6586,1,499.8729553222656,36.63,0,1,0.87,0:44:59
6587,1,285.3211059570312,36.63,1,0,0.87,0:42:12
6588,1,138.3722991943359,36.63,1,0,0.87,0:45:35
6589,1,336.3792114257812,36.63,1,0,0.87,0:42:38
6590,1,119.56497192382808,36.63,1,0,0.87,0:43:41
6591,1,301.5379333496094,36.63,1,0,0.87,0:43:51
6592,1,10.06094741821289,36.63,1,0,0.87,0:39:12
6593,1,11.7332706451416,36.63,0,1,0.87,0:46:53
6594,1,330.508056640625,36.63,1,0,0.87,0:43:50
6595,1,15.55781936645508,36.63,0,1,0.87,0:48:23
6596,1,258.83737182617193,36.63,0,1,0.87,0:45:38
6597,1,217.85546875,36.63,0,1,0.87,0:44:48
6598,1,653.6278686523438,36.63,1,0,0.87,0:41:29
6599,1,246.3283996582031,36.63,1,0,0.87,0:44:34
6600,1,42.68008041381836,36.63,0,1,0.87,0:47:07
6601,1,8.94913387298584,36.63,1,0,0.87,0:43:00
6602,1,7.965522289276122,36.63,0,1,0.87,0:47:09
6603,1,38.128883361816406,36.63,0,1,0.87,0:47:59
6604,1,717.5405883789062,36.63,1,0,0.87,0:44:21
6605,1,10.44776248931885,36.63,1,0,0.87,0:45:34
6606,1,10.44183731079102,36.63,0,1,0.87,0:46:15
6607,1,22.85147094726562,36.63,0,1,0.87,0:47:25
6608,1,69.01016235351561,36.63,1,0,0.87,0:46:02
6609,1,10.44183731079102,36.63,1,0,0.87,0:46:15
6610,1,137.49957275390622,36.63,1,0,0.87,0:42:58
6611,1,1623.9774169921882,36.63,1,0,0.87,0:43:10
6612,1,91.7226791381836,36.63,1,0,0.87,0:45:53
6613,1,86.27144622802734,36.63,1,0,0.87,0:46:20
6614,1,218.9133148193359,36.63,0,1,0.87,0:45:36
6615,1,266.2826538085938,36.63,0,1,0.87,0:44:07
6616,1,1.979974031448364,36.63,1,0,0.87,0:46:57
6617,1,47.73261642456055,36.63,1,0,0.87,0:43:04
6618,1,20.15006828308105,36.63,0,1,0.87,0:46:28
6619,1,56.00885772705078,36.63,0,1,0.87,0:46:00
6620,1,196.0460205078125,36.63,0,1,0.87,0:48:20
6621,1,11.05302143096924,36.63,1,0,0.87,0:44:45
6622,1,4.143080711364746,36.63,1,0,0.87,0:47:05
6623,1,120.8983688354492,36.63,1,0,0.87,0:44:54
6624,1,222.5330810546875,36.63,1,0,0.87,0:45:39
6625,1,117.1507339477539,36.63,1,0,0.87,0:46:19
6626,1,183.2224578857422,36.63,0,1,0.87,0:45:20
6627,1,447.4283447265625,36.63,1,0,0.87,0:40:56
6628,1,263.2875366210938,36.63,0,1,0.87,0:42:04
6629,1,344.7054748535156,36.63,0,1,0.87,0:44:06
6630,1,484.7640075683594,36.63,1,0,0.87,0:50:57
6631,1,22.78268432617188,36.63,1,0,0.87,0:44:24
6632,1,16.23234176635742,36.63,1,0,0.87,0:46:24
6633,1,34.247421264648445,36.63,1,0,0.87,0:43:11
6634,1,259.998291015625,36.63,1,0,0.87,0:47:10
6635,1,10.44776248931885,36.63,0,1,0.87,0:44:45
6636,1,447.4283447265625,36.63,1,0,0.87,0:45:56
6637,1,91.7226791381836,36.63,0,1,0.87,0:44:57
6638,1,20.56904602050781,36.63,1,0,0.87,0:42:43
6639,1,3.958638429641724,36.63,1,0,0.87,0:44:11
6640,1,15.224977493286133,36.63,1,0,0.87,0:46:10
6641,1,16.66305160522461,36.63,1,0,0.87,0:46:11
6642,1,15.224977493286133,36.63,0,1,0.87,0:51:00
6643,1,16.84739112854004,36.63,0,1,0.87,0:48:29
6644,1,10.58681583404541,36.63,1,0,0.87,0:44:44
6645,1,405.1791687011719,36.63,1,0,0.87,0:44:59
6646,1,69.51416778564453,36.63,1,0,0.87,0:45:01
6647,1,10.44183731079102,36.63,1,0,0.87,0:45:47
6648,1,7.0,36.63,1,0,0.87,0:45:52
6649,1,317.7398071289062,36.63,1,0,0.87,0:43:43
6650,1,18.05331420898438,36.63,1,0,0.87,0:42:39
6651,1,96.51700592041016,36.63,1,0,0.87,0:46:13
6652,1,207.7408447265625,36.63,1,0,0.87,0:45:44
6653,1,14.32654094696045,36.63,0,1,0.87,0:46:51
6654,1,1623.9774169921882,36.63,1,0,0.87,0:44:52
6655,1,220.8075714111328,36.63,0,1,0.87,0:46:39
6656,1,5.251800537109375,36.63,1,0,0.87,0:44:07
6657,1,111.1497421264648,36.63,1,0,0.87,0:46:01
6658,1,447.4283447265625,36.63,1,0,0.87,0:45:44
6659,1,3.742521524429321,36.63,1,0,0.87,0:41:17
6660,1,288.1201171875,36.63,0,1,0.87,0:44:37
6661,1,12.34596633911133,36.63,0,1,0.87,0:45:59
6662,1,108.9886856079102,36.63,1,0,0.87,0:45:43
6663,1,2126.79833984375,36.63,1,0,0.87,0:45:53
6664,1,2465.108642578125,36.63,1,0,0.87,0:47:16
6665,1,640.0,36.63,1,0,0.87,0:45:35
6666,1,282.1475219726562,36.63,0,1,0.87,0:46:44
6667,1,140.9563293457031,36.63,1,0,0.87,0:41:41
6668,1,13.438966751098633,36.63,1,0,0.87,0:46:30
6669,1,9.22296905517578,36.63,1,0,0.87,0:45:42
6670,1,149.1394653320312,36.63,1,0,0.87,0:44:08
6671,1,514.8724365234375,36.63,1,0,0.87,0:45:03
6672,1,238.9980010986328,36.63,1,0,0.87,0:47:32
6673,1,31.52193450927734,36.63,0,1,0.87,0:43:13
6674,1,8.470474243164062,36.63,1,0,0.87,0:45:22
6675,1,234.2509765625,36.63,1,0,0.87,0:45:03
6676,1,10.56562519073486,36.63,1,0,0.87,0:46:08
6677,1,30.536579132080078,36.63,1,0,0.87,0:43:30
6678,1,93.20311737060548,36.63,1,0,0.87,0:44:44
6679,1,6.090157508850098,36.63,0,1,0.87,0:46:39
6680,1,188.6734466552734,36.63,1,0,0.87,0:42:23
6681,1,220.8075714111328,36.63,0,1,0.87,0:47:07
6682,1,356.2755432128906,36.63,1,0,0.87,0:45:57
6683,1,222.7952117919922,36.63,1,0,0.87,0:46:06
6684,1,6.110790252685548,36.63,1,0,0.87,0:43:06
6685,1,38.52471923828125,36.63,1,0,0.87,0:45:10
6686,1,5.020810604095459,36.63,0,1,0.87,0:43:01
6687,1,370.09521484375,36.63,0,1,0.87,0:46:29
6688,1,25.37751960754395,36.63,0,1,0.87,0:45:59
6689,1,1046.732788085938,36.63,1,0,0.87,0:45:38
6690,1,1.5206717252731317,36.63,1,0,0.87,0:47:15
6691,1,12.82390880584717,36.63,1,0,0.87,0:45:44
6692,1,12.0,36.63,1,0,0.87,0:45:11
6693,1,320.8687744140625,36.63,1,0,0.87,0:45:47
6694,1,349.5933837890625,36.63,0,1,0.87,0:47:46
6695,1,320.0387878417969,36.63,0,1,0.87,0:44:30
6696,1,16.66305160522461,36.63,1,0,0.87,0:43:51
6697,1,18.26416397094727,36.63,1,0,0.87,0:45:48
6698,1,8.468951225280763,36.63,1,0,0.87,0:43:56
6699,1,321.9679870605469,36.63,1,0,0.87,0:45:34
6700,1,259.998291015625,36.63,0,1,0.87,0:47:06
6701,1,15.224977493286133,36.63,1,0,0.87,0:45:52
6702,1,15.224977493286133,36.63,1,0,0.87,0:46:51
6703,1,7.662844181060791,36.63,0,1,0.87,0:45:02
6704,1,149.1394653320312,36.63,0,1,0.87,0:45:43
6705,1,1393.671875,36.63,1,0,0.87,0:48:40
6706,1,115.0462417602539,36.63,1,0,0.87,0:47:03
6707,1,1046.732788085938,36.63,0,1,0.87,0:46:35
6708,1,105.6290054321289,36.63,1,0,0.87,0:45:41
6709,1,78.38982391357422,36.63,0,1,0.87,0:48:05
6710,1,55.65824508666992,36.63,1,0,0.87,0:44:08
6711,1,201.3539733886719,36.63,1,0,0.87,0:44:17
6712,1,249.0044860839844,36.63,1,0,0.87,0:45:03
6713,1,58.93083190917969,36.63,1,0,0.87,0:43:34
6714,1,19.42654228210449,36.63,1,0,0.87,0:43:49
6715,1,162.3341369628906,36.63,1,0,0.87,0:43:29
6716,1,10.44183731079102,36.63,1,0,0.87,0:47:09
6717,1,318.1236877441406,36.63,1,0,0.87,0:47:08
6718,1,236.0589599609375,36.63,1,0,0.87,0:44:49
6719,1,31.35996055603027,36.63,1,0,0.87,0:46:48
6720,1,11.57025718688965,36.63,1,0,0.87,0:45:40
6721,1,28.50639724731445,36.63,1,0,0.87,0:46:42
6722,1,15.224977493286133,36.63,0,1,0.87,0:47:33
6723,1,71.07490539550781,36.63,0,1,0.87,0:46:21
6724,1,225.5588531494141,36.63,0,1,0.87,0:46:31
6725,1,137.57452392578122,36.63,1,0,0.87,0:41:15
6726,1,15.55781936645508,36.63,1,0,0.87,0:45:18
6727,1,194.5967712402344,36.63,1,0,0.87,0:43:57
6728,1,320.0387878417969,36.63,1,0,0.87,0:47:10
6729,1,103.3590316772461,36.63,1,0,0.87,0:46:07
6730,1,199.0219879150391,36.63,0,1,0.87,0:47:10
6731,1,45.1558952331543,36.63,1,0,0.87,0:45:01
6732,1,204.2112731933594,36.63,1,0,0.87,0:42:46
6733,1,10.18533515930176,36.63,0,1,0.87,0:46:06
6734,1,37.14537048339844,36.63,1,0,0.87,0:43:27
6735,1,14.566981315612788,36.63,0,1,0.87,0:45:10
6736,1,236.8426971435547,36.63,1,0,0.87,0:44:33
6737,1,185.2336273193359,36.63,1,0,0.87,0:43:38
6738,1,39.21760559082031,36.63,1,0,0.87,0:43:38
6739,1,309.4542541503906,36.63,0,1,0.87,0:47:13
6740,1,35.90165328979492,36.63,1,0,0.87,0:46:25
6741,1,211.8292083740234,36.63,1,0,0.87,0:47:19
6742,1,236.900634765625,36.63,1,0,0.87,0:46:14
6743,1,57.21894454956055,36.63,1,0,0.87,0:46:24
6744,1,237.6291656494141,36.63,1,0,0.87,0:44:57
6745,1,277.0410766601562,36.63,1,0,0.87,0:45:33
6746,1,266.2826538085938,36.63,0,1,0.87,0:44:40
6747,1,91.25352478027344,36.63,1,0,0.87,0:46:13
6748,1,102.4752883911133,36.63,1,0,0.87,0:45:36
6749,1,7.965522289276122,36.63,0,1,0.87,0:46:42
6750,1,95.13848876953124,36.63,1,0,0.87,0:45:45
6751,1,236.22540283203116,36.63,1,0,0.87,0:42:58
6752,1,120.9079360961914,36.63,0,1,0.87,0:46:49
6753,1,29.05380249023438,36.63,0,1,0.87,0:42:33
6754,1,303.4573364257812,36.63,0,1,0.87,0:48:19
6755,1,39.47004318237305,36.63,1,0,0.87,0:45:51
6756,1,31.01458549499512,36.63,0,1,0.87,0:48:06
6757,1,0.5368872284889221,36.63,1,0,0.87,0:46:23
6758,1,56.084815979003906,36.63,1,0,0.87,0:38:01
6759,1,198.6544494628906,36.63,1,0,0.87,0:45:22
6760,1,222.6811370849609,36.63,1,0,0.87,0:44:07
6761,1,16.00442504882812,36.63,0,1,0.87,0:46:33
6762,1,1623.9774169921882,36.63,0,1,0.87,0:46:08
6763,1,216.2547760009766,36.63,1,0,0.87,0:46:56
6764,1,222.6948394775391,36.63,1,0,0.87,0:46:44
6765,1,290.667724609375,36.63,1,0,0.87,0:44:42
6766,1,23.3037166595459,36.63,1,0,0.87,0:47:19
6767,1,236.900634765625,36.63,1,0,0.87,0:46:50
6768,1,224.8154296875,36.63,0,1,0.87,0:47:01
6769,1,56.49616241455078,36.63,1,0,0.87,0:45:17
6770,1,24.55533409118652,36.63,1,0,0.87,0:45:55
6771,1,206.3250579833984,36.63,0,1,0.87,0:46:42
6772,1,211.1024017333984,36.63,1,0,0.87,0:46:35
6773,1,368.8739624023438,36.63,1,0,0.87,0:45:53
6774,1,320.0387878417969,36.63,1,0,0.87,0:45:31
6775,1,222.7997283935547,36.63,0,1,0.87,0:46:13
6776,1,189.8126220703125,36.63,1,0,0.87,0:47:34
6777,1,233.2363739013672,36.63,0,1,0.87,0:48:29
6778,1,86.84709167480469,36.63,1,0,0.87,0:46:02
6779,1,384.0559692382812,36.63,0,1,0.87,0:43:07
6780,1,149.1394653320312,36.63,0,1,0.87,0:47:01
6781,1,30.37747573852539,36.63,0,1,0.87,0:43:50
6782,1,56.084815979003906,36.63,0,1,0.87,0:47:24
6783,1,223.0571441650391,36.63,1,0,0.87,0:44:34
6784,1,1065.149658203125,36.63,1,0,0.87,0:43:10
6785,1,14.75074577331543,36.63,1,0,0.87,0:43:59
6786,1,26.17888259887695,36.63,1,0,0.87,0:44:34
6787,1,10.44776248931885,36.63,1,0,0.87,0:43:48
6788,1,1105.029907226562,36.63,0,1,0.87,0:46:09
6789,1,91.7226791381836,36.63,1,0,0.87,0:44:57
6790,1,1631.184326171875,36.63,1,0,0.87,0:45:08
6791,1,43.56428909301758,36.63,1,0,0.87,0:45:06
6792,1,220.0638275146484,36.63,0,1,0.87,0:45:23
6793,1,181.5143737792969,36.63,0,1,0.87,0:47:52
6794,1,196.2203674316406,36.63,1,0,0.87,0:41:08
6795,1,332.7853698730469,36.63,0,1,0.87,0:47:30
6796,1,3.920108318328857,36.63,0,1,0.87,0:46:48
6797,1,228.0850677490234,36.63,1,0,0.87,0:42:52
6798,1,167.1740875244141,36.63,1,0,0.87,0:46:56
6799,1,13.0,36.63,1,0,0.87,0:47:08
6800,1,298.6752014160156,36.63,1,0,0.87,0:45:48
6801,1,71.07490539550781,36.63,1,0,0.87,0:42:37
6802,1,61.90258407592773,36.63,1,0,0.87,0:44:18
6803,1,21.21549415588379,36.63,0,1,0.87,0:45:56
6804,1,237.3075103759766,36.63,1,0,0.87,0:42:55
6805,1,124.5990829467773,36.63,0,1,0.87,0:45:50
6806,1,10.96754741668701,36.63,0,1,0.87,0:46:26
6807,1,2615.98095703125,36.63,1,0,0.87,0:44:57
6808,1,183.4330139160156,36.63,1,0,0.87,0:45:21
6809,1,15.859853744506841,36.63,1,0,0.87,0:44:18
6810,1,799.8717651367188,36.63,1,0,0.87,0:42:49
6811,1,79.43071746826172,36.63,0,1,0.87,0:45:09
6812,1,224.8154296875,36.63,0,1,0.87,0:47:11
6813,1,1729.1754150390618,36.63,1,0,0.87,0:45:45
6814,1,194.29931640625,36.63,1,0,0.87,0:46:09
6815,1,296.1231384277344,36.63,1,0,0.87,0:45:37
6816,1,35.90165328979492,36.63,1,0,0.87,0:46:59
6817,1,56.084815979003906,36.63,0,1,0.87,0:46:54
6818,1,35.90165328979492,36.63,1,0,0.87,0:44:02
6819,1,145.5950317382812,36.63,0,1,0.87,0:45:55
6820,1,16.91690063476562,36.63,1,0,0.87,0:47:43
6821,1,82.84881591796875,36.63,0,1,0.87,0:44:39
6822,1,287.5038757324219,36.63,0,1,0.87,0:46:54
6823,1,49.916481018066406,36.63,1,0,0.87,0:42:34
6824,1,250.0315856933594,36.63,1,0,0.87,0:44:40
6825,1,10.44183731079102,36.63,1,0,0.87,0:45:14
6826,1,211.8292083740234,36.63,1,0,0.87,0:45:12
6827,1,17.08699035644531,36.63,1,0,0.87,0:45:05
6828,1,151.6166839599609,36.63,0,1,0.87,0:45:59
6829,1,1.4519503116607668,36.63,1,0,0.87,0:43:23
6830,1,186.5994720458984,36.63,1,0,0.87,0:47:15
6831,1,10.44776248931885,36.63,1,0,0.87,0:45:34
6832,1,544.2213134765625,36.63,1,0,0.87,0:43:02
6833,1,34.087879180908196,36.63,1,0,0.87,0:45:00
6834,1,55.80356216430664,36.63,1,0,0.87,0:45:26
6835,1,237.6291656494141,36.63,1,0,0.87,0:46:35
6836,1,233.2363739013672,36.63,1,0,0.87,0:46:07
6837,1,2554.609619140625,36.63,1,0,0.87,0:46:47
6838,1,16.20237159729004,36.63,1,0,0.87,0:47:57
6839,1,33.02523040771484,36.63,1,0,0.87,0:46:19
6840,1,15.224977493286133,36.63,0,1,0.87,0:46:34
6841,1,10.18533515930176,36.63,1,0,0.87,0:42:34
6842,1,249.0633392333984,36.63,1,0,0.87,0:46:29
6843,1,38.32305526733398,36.63,0,1,0.87,0:46:17
6844,1,86.84709167480469,36.63,1,0,0.87,0:43:32
6845,1,2074.98193359375,36.63,1,0,0.87,0:45:41
6846,1,57.82163619995117,36.63,1,0,0.87,0:44:12
6847,1,117.1507339477539,36.63,1,0,0.87,0:43:51
6848,1,313.3936462402344,36.63,0,1,0.87,0:46:19
6849,1,89.30374908447266,36.63,1,0,0.87,0:48:02
6850,1,799.8717651367188,36.63,1,0,0.87,0:45:11
6851,1,181.5143737792969,36.63,1,0,0.87,0:44:15
6852,1,232.07177734375,36.63,1,0,0.87,0:45:05
6853,1,883.9678344726562,36.63,1,0,0.87,0:45:56
6854,1,2229.72216796875,36.63,1,0,0.87,0:46:46
6855,1,35.48947143554688,36.63,1,0,0.87,0:46:34
6856,1,499.8729553222656,36.63,1,0,0.87,0:43:37
6857,1,16.83182334899902,36.63,0,1,0.87,0:45:16
6858,1,431.0684814453125,36.63,1,0,0.87,0:44:32
6859,1,136.9331970214844,36.63,1,0,0.87,0:43:14
6860,1,112.17308807373051,36.63,1,0,0.87,0:45:09
6861,1,9.664861679077148,36.63,1,0,0.87,0:44:39
6862,1,15.55781936645508,36.63,0,1,0.87,0:47:57
6863,1,181.5143737792969,36.63,1,0,0.87,0:47:06
6864,1,15.55781936645508,36.63,0,1,0.87,0:45:34
6865,1,159.9830627441406,36.63,1,0,0.87,0:43:00
6866,1,5.251800537109375,36.63,1,0,0.87,0:44:10
6867,1,51.87065505981445,36.63,0,1,0.87,0:46:37
6868,1,11.4075756072998,36.63,1,0,0.87,0:45:32
6869,1,198.6544494628906,36.63,1,0,0.87,0:46:12
6870,1,10.44183731079102,36.63,0,1,0.87,0:43:57
6871,1,37.34151840209961,36.63,1,0,0.87,0:44:25
6872,1,2.790159702301025,36.63,1,0,0.87,0:47:23
6873,1,28.00276184082031,36.63,0,1,0.87,0:46:49
6874,1,35.90165328979492,36.63,1,0,0.87,0:44:27
6875,1,1.441376805305481,36.63,1,0,0.87,0:46:54
6876,1,24.61355209350586,36.63,0,1,0.87,0:47:02
6877,1,105.6290054321289,36.63,0,1,0.87,0:46:05
6878,1,17.54564476013184,36.63,1,0,0.87,0:48:21
6879,1,159.2595977783203,36.63,1,0,0.87,0:43:58
6880,1,307.6661376953125,36.63,0,1,0.87,0:45:28
6881,1,1623.9774169921882,36.63,0,1,0.87,0:47:46
6882,1,15.55781936645508,36.63,1,0,0.87,0:43:47
6883,1,484.7640075683594,36.63,1,0,0.87,0:45:54
6884,1,42.00186157226562,36.63,1,0,0.87,0:46:40
6885,1,259.998291015625,36.63,0,1,0.87,0:48:17
6886,1,10.44183731079102,36.63,0,1,0.87,0:47:25
6887,1,31.59970855712891,36.63,1,0,0.87,0:49:46
6888,1,7.965522289276122,36.63,0,1,0.87,0:42:06
6889,1,25.37751960754395,36.63,1,0,0.87,0:47:05
6890,1,1398.2740478515618,36.63,1,0,0.87,0:46:03
6891,1,233.2363739013672,36.63,0,1,0.87,0:47:05
6892,1,367.0759887695312,36.63,1,0,0.87,0:46:24
6893,1,232.9170684814453,36.63,1,0,0.87,0:44:46
6894,1,8.194785118103027,36.63,1,0,0.87,0:43:43
6895,1,666.8341674804688,36.63,1,0,0.87,0:46:04
6896,1,197.583984375,36.63,0,1,0.87,0:45:10
6897,1,726.022216796875,36.63,1,0,0.87,0:46:41
6898,1,205.3109893798828,36.63,1,0,0.87,0:45:24
6899,1,149.1394653320312,36.63,0,1,0.87,0:46:42
6900,1,2.438320398330688,36.63,1,0,0.87,0:44:57
6901,1,399.9556579589844,36.63,1,0,0.87,0:46:05
6902,1,149.9436340332031,36.63,1,0,0.87,0:45:36
6903,1,28.60527229309082,36.63,0,1,0.87,0:45:26
6904,1,103.7788238525391,36.63,0,1,0.87,0:45:48
6905,1,86.27144622802734,36.63,1,0,0.87,0:45:10
6906,1,206.4155426025391,36.63,1,0,0.87,0:46:29
6907,1,134.9916687011719,36.63,0,1,0.87,0:45:28
6908,1,1831.0819091796882,36.63,0,1,0.87,0:46:32
6909,1,2144.789306640625,36.63,0,1,0.87,0:45:14
6910,2,218.9133148193359,36.63,0,1,0.87,0:46:48
6911,1,180.2863311767578,36.63,0,1,0.87,0:46:56
6912,1,8.85274600982666,36.63,0,1,0.87,0:48:25
6913,1,86.84709167480469,36.63,1,0,0.87,0:45:50
6914,1,368.4687805175781,36.63,0,1,0.87,0:46:30
6915,1,236.7088165283203,36.63,1,0,0.87,0:44:57
6916,1,421.3871459960938,36.63,0,1,0.87,0:42:52
6917,1,8.94913387298584,36.63,1,0,0.87,0:47:18
6918,1,647.6728515625,36.63,1,0,0.87,0:42:26
6919,1,197.583984375,36.63,1,0,0.87,0:45:01
6920,1,238.3441009521484,36.63,0,1,0.87,0:46:08
6921,1,122.5372314453125,36.63,0,1,0.87,0:47:23
6922,1,315.6446228027344,36.63,1,0,0.87,0:45:03
6923,1,2161.211181640625,36.63,1,0,0.87,0:45:30
6924,1,187.9677429199219,36.63,1,0,0.87,0:45:14
6925,1,149.1394653320312,36.63,1,0,0.87,0:42:15
6926,1,194.29931640625,36.63,0,1,0.87,0:45:26
6927,1,10.71384429931641,36.63,0,1,0.87,0:47:49
6928,1,35.90165328979492,36.63,1,0,0.87,0:43:28
6929,1,19.74682998657227,36.63,0,1,0.87,0:47:26
6930,1,824.6849365234375,36.63,0,1,0.87,0:46:45
6931,1,205.3074493408203,36.63,0,1,0.87,0:47:28
6932,1,7.242066860198975,36.63,1,0,0.87,0:44:45
6933,1,6.110790252685548,36.63,0,1,0.87,0:46:05
6934,1,77.3214340209961,36.63,1,0,0.87,0:46:49
6935,1,12.58986759185791,36.63,0,1,0.87,0:46:30
6936,1,273.8560791015625,36.63,0,1,0.87,0:47:12
6937,1,205.3074493408203,36.63,1,0,0.87,0:47:27
6938,1,243.6161041259766,36.63,0,1,0.87,0:47:18
6939,1,278.0033569335938,36.63,1,0,0.87,0:41:23
6940,1,140.9442596435547,36.63,0,1,0.87,0:46:28
6941,1,137.49957275390622,36.63,0,1,0.87,0:44:47
6942,1,274.657470703125,36.63,1,0,0.87,0:45:08
6943,1,259.998291015625,36.63,1,0,0.87,0:45:12
6944,1,126.1217880249023,36.63,1,0,0.87,0:44:47
6945,1,77.97574615478516,36.63,0,1,0.87,0:47:20
6946,1,4.641374111175537,36.63,0,1,0.87,0:42:49
6947,1,46.49349594116211,36.63,0,1,0.87,0:47:01
6948,1,47.37548446655273,36.63,1,0,0.87,0:46:14
6949,1,240.5257110595703,36.63,0,1,0.87,0:44:08
6950,1,71.8073501586914,36.63,1,0,0.87,0:45:48
6951,1,14.32654094696045,36.63,1,0,0.87,0:47:47
6952,1,47.37548446655273,36.63,1,0,0.87,0:46:14
6953,1,328.505859375,36.63,1,0,0.87,0:46:30
6954,1,69.55393981933594,36.63,0,1,0.87,0:45:33
6955,1,77.97574615478516,36.63,1,0,0.87,0:43:24
6956,1,15.224977493286133,36.63,0,1,0.87,0:49:00
6957,1,393.0,36.63,1,0,0.87,0:46:05
6958,1,181.5143737792969,36.63,0,1,0.87,0:44:45
6959,1,8.194785118103027,36.63,0,1,0.87,0:46:18
6960,1,89.6968994140625,36.63,1,0,0.87,0:48:35
6961,1,10.44183731079102,36.63,1,0,0.87,0:46:17
6962,1,15.55781936645508,36.63,1,0,0.87,0:41:59
6963,1,67.15016174316406,36.63,1,0,0.87,0:45:56
6964,1,249.9365234375,36.63,0,1,0.87,0:47:18
6965,1,55.27118682861328,36.63,1,0,0.87,0:46:46
6966,1,202.0486145019531,36.63,1,0,0.87,0:43:27
6967,1,36.52098846435547,36.63,1,0,0.87,0:44:18
6968,1,106.87122344970699,36.63,0,1,0.87,0:44:57
6969,1,188.2588348388672,36.63,1,0,0.87,0:47:47
6970,1,263.76736450195307,36.63,0,1,0.87,0:44:26
6971,1,125.2499847412109,36.63,1,0,0.87,0:45:10
6972,1,100.90512084960942,36.63,1,0,0.87,0:46:29
6973,1,259.998291015625,36.63,0,1,0.87,0:44:17
6974,2,4.784560680389403,36.63,1,0,0.87,0:43:25
6975,1,31.17976570129395,36.63,1,0,0.87,0:48:50
6976,1,18.70972442626953,36.63,1,0,0.87,0:45:40
6977,1,1322.761108398438,36.63,1,0,0.87,0:47:14
6978,1,104.15274047851558,36.63,1,0,0.87,0:46:44
6979,1,187.0788269042969,36.63,1,0,0.87,0:45:36
6980,1,315.6446228027344,36.63,0,1,0.87,0:46:04
6981,1,203.33319091796884,36.63,0,1,0.87,0:45:19
6982,1,75.89776611328125,36.63,1,0,0.87,0:45:43
6983,1,1643.08056640625,36.63,1,0,0.87,0:42:32
6984,1,7.058139324188232,36.63,1,0,0.87,0:41:04
6985,1,255.8130950927734,36.63,1,0,0.87,0:45:36
6986,1,107.1270523071289,36.63,1,0,0.87,0:45:58
6987,1,18.43984794616699,36.63,1,0,0.87,0:45:19
6988,1,25.81111907958984,36.63,1,0,0.87,0:46:08
6989,1,30.01578330993652,36.63,1,0,0.87,0:47:48
6990,1,45.55592346191406,36.63,1,0,0.87,0:46:02
6991,1,1046.732788085938,36.63,0,1,0.87,0:44:44
6992,1,216.1424560546875,36.63,1,0,0.87,0:45:20
6993,1,2.7965235710144043,36.63,1,0,0.87,0:45:12
6994,1,14.359289169311518,36.63,1,0,0.87,0:43:09
6995,1,75.33395385742188,36.63,1,0,0.87,0:46:32
6996,1,10.44183731079102,36.63,0,1,0.87,0:46:49
6997,1,239.6719055175781,36.63,1,0,0.87,0:45:52
6998,1,2554.609619140625,36.63,1,0,0.87,0:46:46
6999,1,6.391336917877197,36.63,1,0,0.87,0:41:37
7000,1,134.9916687011719,36.63,0,1,0.87,0:44:45
7001,1,180.6371917724609,36.63,1,0,0.87,0:44:02
7002,1,29.34052085876465,36.63,1,0,0.87,0:45:28
7003,1,77.97574615478516,36.63,1,0,0.87,0:45:11
7004,1,135.6158752441406,36.63,1,0,0.87,0:46:03
7005,1,149.1394653320312,36.63,1,0,0.87,0:44:32
7006,1,37.852821350097656,36.63,0,1,0.87,0:47:34
7007,1,259.998291015625,36.63,1,0,0.87,0:48:19
7008,1,149.1394653320312,36.63,1,0,0.87,0:44:43
7009,1,214.85791015625,36.63,1,0,0.87,0:44:44
7010,1,614.4942016601562,36.63,0,1,0.87,0:46:56
7011,1,273.54550170898443,36.63,0,1,0.87,0:47:29
7012,1,408.8565673828125,36.63,1,0,0.87,0:47:30
7013,1,767.4879150390625,36.63,1,0,0.87,0:44:48
7014,1,396.5516357421875,36.63,1,0,0.87,0:46:04
7015,1,71.8073501586914,36.63,1,0,0.87,0:46:45
7016,1,242.7269287109375,36.63,1,0,0.87,0:46:19
7017,1,10.96754741668701,36.63,0,1,0.87,0:48:17
7018,1,25.81111907958984,36.63,1,0,0.87,0:43:46
7019,1,228.6362762451172,36.63,1,0,0.87,0:45:29
7020,1,267.0694580078125,36.63,0,1,0.87,0:46:46
7021,1,137.57452392578122,36.63,0,1,0.87,0:46:09
7022,1,484.7640075683594,36.63,1,0,0.87,0:46:05
7023,1,6.065486431121826,36.63,0,1,0.87,0:48:45
7024,1,384.0559692382812,36.63,0,1,0.87,0:46:46
7025,1,898.769287109375,36.63,1,0,0.87,0:44:45
7026,1,47.49737167358398,36.63,1,0,0.87,0:45:33
7027,1,309.6552429199219,36.63,1,0,0.87,0:46:35
7028,1,18.05331420898438,36.63,0,1,0.87,0:47:26
7029,1,69.10917663574219,36.63,0,1,0.87,0:47:18
7030,1,57.64191436767578,36.63,0,1,0.87,0:46:51
7031,1,1509.999267578125,36.63,0,1,0.87,0:47:22
7032,1,42.68008041381836,36.63,1,0,0.87,0:46:52
7033,1,10.44776248931885,36.63,0,1,0.87,0:46:29
7034,1,134.9916687011719,36.63,0,1,0.87,0:45:16
7035,1,91.85733795166016,36.63,1,0,0.87,0:45:29
7036,1,12.93028926849365,36.63,1,0,0.87,0:45:40
7037,1,232.9658660888672,36.63,1,0,0.87,0:44:57
7038,1,14.566981315612788,36.63,1,0,0.87,0:46:37
7039,1,152.9394073486328,36.63,1,0,0.87,0:46:42
7040,1,1.539181590080261,36.63,1,0,0.87,0:47:05
7041,1,317.9164123535156,36.63,1,0,0.87,0:46:32
7042,1,9.87485122680664,36.63,1,0,0.87,0:45:21
7043,1,10.95854377746582,36.63,1,0,0.87,0:44:32
7044,1,222.2521514892578,36.63,1,0,0.87,0:45:23
7045,1,24.55533409118652,36.63,0,1,0.87,0:47:42
7046,1,237.6291656494141,36.63,1,0,0.87,0:44:16
7047,1,319.3666687011719,36.63,0,1,0.87,0:46:54
7048,1,63.568336486816406,36.63,1,0,0.87,0:44:58
7049,1,11.05302143096924,36.63,0,1,0.87,0:45:02
7050,1,248.8647613525391,36.63,1,0,0.87,0:45:37
7051,1,6.952293395996094,36.63,1,0,0.87,0:44:26
7052,1,13.027480125427251,36.63,0,1,0.87,0:45:44
7053,1,137.57452392578122,36.63,0,1,0.87,0:45:48
7054,1,120.8983688354492,36.63,1,0,0.87,0:48:44
7055,1,295.5433654785156,36.63,1,0,0.87,0:46:19
7056,1,237.6291656494141,36.63,0,1,0.87,0:46:42
7057,1,254.7844543457031,36.63,0,1,0.87,0:46:58
7058,1,74.7370834350586,36.63,1,0,0.87,0:41:10
7059,1,6.029303550720215,36.63,1,0,0.87,0:42:40
7060,1,248.1461334228516,36.63,1,0,0.87,0:47:49
7061,1,26.46520805358887,36.63,0,1,0.87,0:47:11
7062,1,484.7640075683594,36.63,0,1,0.87,0:48:39
7063,1,320.0387878417969,36.63,0,1,0.87,0:46:06
7064,1,223.0571441650391,36.63,1,0,0.87,0:47:44
7065,1,33.037216186523445,36.63,1,0,0.87,0:47:03
7066,1,0.5217891335487366,36.63,1,0,0.87,0:45:25
7067,1,516.3578491210939,36.63,1,0,0.87,0:44:04
7068,1,1831.0819091796882,36.63,1,0,0.87,0:47:50
7069,1,120.8983688354492,36.63,0,1,0.87,0:46:18
7070,1,4.016949653625488,36.63,0,1,0.87,0:46:26
7071,1,165.9402618408203,36.63,0,1,0.87,0:46:40
7072,1,250.16021728515616,36.63,1,0,0.87,0:44:50
7073,1,206.5709381103516,36.63,0,1,0.87,0:45:41
7074,1,313.8475646972656,36.63,1,0,0.87,0:45:53
7075,1,533.0,36.63,1,0,0.87,0:47:35
7076,1,22.02380752563477,36.63,0,1,0.87,0:46:31
7077,1,322.6423645019531,36.63,0,1,0.87,0:45:35
7078,1,10.96754741668701,36.63,0,1,0.87,0:46:37
7079,1,126.1217880249023,36.63,1,0,0.87,0:47:37
7080,1,259.998291015625,36.63,1,0,0.87,0:46:13
7081,1,0.0,36.63,1,0,0.87,0:45:54
7082,1,236.900634765625,36.63,1,0,0.87,0:46:11
7083,1,242.2535705566406,36.63,0,1,0.87,0:47:27
7084,1,167.9832916259766,36.63,0,1,0.87,0:49:23
7085,1,181.5143737792969,36.63,1,0,0.87,0:45:18
7086,1,126.1217880249023,36.63,1,0,0.87,0:46:14
7087,1,2511.662841796875,36.63,0,1,0.87,0:46:08
7088,1,41.98091506958008,36.63,1,0,0.87,0:45:42
7089,1,380.0,36.63,0,1,0.87,0:46:49
7090,1,9.226430892944336,36.63,1,0,0.87,0:46:49
7091,1,290.5646057128906,36.63,1,0,0.87,0:44:39
7092,1,288.9022216796875,36.63,1,0,0.87,0:46:53
7093,1,91.56227111816406,36.63,1,0,0.87,0:48:08
7094,1,5.609318733215332,36.63,0,1,0.87,0:47:13
7095,1,105.59640502929692,36.63,1,0,0.87,0:42:02
7096,1,181.5143737792969,36.63,1,0,0.87,0:45:41
7097,1,52.79186630249023,36.63,0,1,0.87,0:47:25
7098,1,140.6603088378906,36.63,1,0,0.87,0:46:48
7099,1,331.5245056152344,36.63,0,1,0.87,0:45:46
7100,1,31.2812614440918,36.63,1,0,0.87,0:45:00
7101,1,5.772377490997314,36.63,1,0,0.87,0:48:12
7102,1,6.090157508850098,36.63,0,1,0.87,0:46:40
7103,1,14.36013889312744,36.63,0,1,0.87,0:46:41
7104,1,428.7605285644531,36.63,1,0,0.87,0:43:31
7105,1,22.25241279602051,36.63,1,0,0.87,0:44:26
7106,1,91.7226791381836,36.63,1,0,0.87,0:45:46
7107,1,204.6719512939453,36.63,0,1,0.87,0:47:41
7108,1,377.5501098632812,36.63,1,0,0.87,0:39:02
7109,1,614.4942016601562,36.63,0,1,0.87,0:45:33
7110,1,16.84739112854004,36.63,0,1,0.87,0:47:35
7111,1,330.508056640625,36.63,1,0,0.87,0:47:00
7112,1,222.7997283935547,36.63,0,1,0.87,0:46:44
7113,1,8.194785118103027,36.63,0,1,0.87,0:47:24
7114,1,75.07860565185547,36.63,1,0,0.87,0:42:30
7115,1,134.9916687011719,36.63,0,1,0.87,0:44:47
7116,1,108.9886856079102,36.63,0,1,0.87,0:47:22
7117,1,317.6358642578125,36.63,0,1,0.87,0:45:12
7118,1,259.998291015625,36.63,0,1,0.87,0:44:31
7119,1,437.6392822265625,36.63,0,1,0.87,0:47:37
7120,1,31.52193450927734,36.63,1,0,0.87,0:45:31
7121,1,10.44183731079102,36.63,1,0,0.87,0:46:07
7122,1,16.25686454772949,36.63,0,1,0.87,0:47:22
7123,1,180.7179412841797,36.63,0,1,0.87,0:45:20
7124,1,279.2320556640625,36.63,1,0,0.87,0:45:40
7125,1,205.0890655517578,36.63,1,0,0.87,0:44:18
7126,1,92.58943939208984,36.63,1,0,0.87,0:46:52
7127,1,1300.675048828125,36.63,1,0,0.87,0:47:23
7128,1,79.19601440429688,36.63,1,0,0.87,0:44:01
7129,1,249.4222106933594,36.63,0,1,0.87,0:46:56
7130,1,290.667724609375,36.63,1,0,0.87,0:43:53
7131,1,31.15179443359375,36.63,0,1,0.87,0:47:12
7132,1,47.62214660644531,36.63,1,0,0.87,0:42:59
7133,1,9.36025619506836,36.63,1,0,0.87,0:46:23
7134,1,100.2840957641602,36.63,0,1,0.87,0:47:39
7135,2,12.210763931274409,36.63,1,0,0.87,0:47:27
7136,1,308.5097351074219,36.63,1,0,0.87,0:46:05
7137,1,62.1377182006836,36.63,1,0,0.87,0:46:17
7138,1,310.49072265625,36.63,1,0,0.87,0:46:57
7139,1,2.103271007537842,36.63,1,0,0.87,0:44:22
7140,1,1308.639038085938,36.63,1,0,0.87,0:45:00
7141,1,331.5245056152344,36.63,0,1,0.87,0:48:20
7142,1,484.7640075683594,36.63,0,1,0.87,0:45:34
7143,1,15.55781936645508,36.63,1,0,0.87,0:46:04
7144,1,259.998291015625,36.63,1,0,0.87,0:44:49
7145,1,10.44183731079102,36.63,1,0,0.87,0:46:26
7146,1,131.7489013671875,36.63,0,1,0.87,0:46:46
7147,1,10.44183731079102,36.63,0,1,0.87,0:46:26
7148,1,119.7957229614258,36.63,1,0,0.87,0:42:17
7149,1,614.4942016601562,36.63,0,1,0.87,0:46:52
7150,1,32.28989028930664,36.63,1,0,0.87,0:45:52
7151,1,74.7370834350586,36.63,1,0,0.87,0:48:18
7152,2,9.36025619506836,36.63,0,1,0.87,0:45:42
7153,1,110.1372756958008,36.63,1,0,0.87,0:46:43
7154,1,14.60348510742188,36.63,1,0,0.87,0:43:50
7155,1,207.8424377441406,36.63,1,0,0.87,0:48:17
7156,1,10.44183731079102,36.63,0,1,0.87,0:45:19
7157,1,187.2318572998047,36.63,1,0,0.87,0:46:53
7158,1,220.7496185302734,36.63,1,0,0.87,0:42:34
7159,1,120.9079360961914,36.63,1,0,0.87,0:45:55
7160,1,9.87485122680664,36.63,1,0,0.87,0:46:04
7161,1,21.21549415588379,36.63,0,1,0.87,0:45:51
7162,1,16.298028945922848,36.63,1,0,0.87,0:47:50
7163,1,6.489360332489014,36.63,1,0,0.87,0:44:51
7164,1,2126.79833984375,36.63,0,1,0.87,0:46:12
7165,1,28.2086124420166,36.63,0,1,0.87,0:47:47
7166,1,49.94182968139648,36.63,1,0,0.87,0:43:33
7167,1,16.66305160522461,36.63,1,0,0.87,0:46:39
7168,1,12.32605266571045,36.63,0,1,0.87,0:45:42
7169,1,106.87122344970699,36.63,0,1,0.87,0:46:20
7170,1,614.4942016601562,36.63,0,1,0.87,0:43:52
7171,1,58.93083190917969,36.63,0,1,0.87,0:46:45
7172,1,20.61880683898926,36.63,1,0,0.87,0:39:53
7173,1,275.36392211914057,36.63,1,0,0.87,0:44:32
7174,1,1473.49462890625,36.63,1,0,0.87,0:46:02
7175,1,259.998291015625,36.63,0,1,0.87,0:43:13
7176,1,324.2500610351562,36.63,0,1,0.87,0:46:45
7177,1,3.6919877529144287,36.63,1,0,0.87,0:42:52
7178,1,12.63682746887207,36.63,0,1,0.87,0:45:53
7179,1,8.212539672851562,36.63,1,0,0.87,0:43:02
7180,1,55.0,36.63,1,0,0.87,0:43:46
7181,1,273.8560791015625,36.63,1,0,0.87,0:46:24
7182,1,123.7852401733398,36.63,1,0,0.87,0:46:53
7183,1,260.29702758789057,36.63,1,0,0.87,0:46:39
7184,1,7.965522289276122,36.63,0,1,0.87,0:47:32
7185,1,51.87065505981445,36.63,0,1,0.87,0:46:36
7186,1,10.44776248931885,36.63,1,0,0.87,0:47:14
7187,1,305.68408203125,36.63,1,0,0.87,0:45:20
7188,1,206.1729736328125,36.63,1,0,0.87,0:41:17
7189,1,271.71597290039057,36.63,1,0,0.87,0:45:21
7190,1,2.243182420730591,36.63,0,1,0.87,0:47:07
7191,1,380.0,36.63,1,0,0.87,0:44:00
7192,1,57.82163619995117,36.63,0,1,0.87,0:44:33
7193,1,332.7853698730469,36.63,1,0,0.87,0:47:51
7194,1,1311.276123046875,36.63,1,0,0.87,0:43:08
7195,1,254.7844543457031,36.63,0,1,0.87,0:46:45
7196,1,103.3260650634766,36.63,0,1,0.87,0:47:24
7197,1,10.44183731079102,36.63,0,1,0.87,0:48:40
7198,1,56.084815979003906,36.63,1,0,0.87,0:46:15
7199,1,54.3106575012207,36.63,1,0,0.87,0:48:45
7200,1,149.1394653320312,36.63,1,0,0.87,0:47:55
7201,1,13.027480125427251,36.63,0,1,0.87,0:46:54
7202,1,107.1270523071289,36.63,0,1,0.87,0:47:22
7203,1,67.96146392822266,36.63,0,1,0.87,0:47:02
7204,1,10.44183731079102,36.63,1,0,0.87,0:46:00
7205,1,56.084815979003906,36.63,1,0,0.87,0:45:48
7206,1,48.91574478149414,36.63,1,0,0.87,0:47:25
7207,1,1596.6729736328118,36.63,0,1,0.87,0:41:51
7208,1,15.55781936645508,36.63,0,1,0.87,0:45:46
7209,1,396.0248413085938,36.63,0,1,0.87,0:47:36
7210,1,75.1241455078125,36.63,1,0,0.87,0:47:36
7211,1,10.44183731079102,36.63,1,0,0.87,0:45:58
7212,1,20.15006828308105,36.63,0,1,0.87,0:47:38
7213,1,245.0058441162109,36.63,0,1,0.87,0:47:05
7214,1,178.32672119140616,36.63,1,0,0.87,0:45:47
7215,1,223.0571441650391,36.63,1,0,0.87,0:46:02
7216,1,150.4564208984375,36.63,1,0,0.87,0:48:36
7217,1,147.3282012939453,36.63,1,0,0.87,0:47:23
7218,1,24.61355209350586,36.63,0,1,0.87,0:44:41
7219,1,44.3205680847168,36.63,1,0,0.87,0:47:33
7220,1,59.35112762451172,36.63,1,0,0.87,0:47:09
7221,1,5.032363891601562,36.63,0,1,0.87,0:45:14
7222,1,15.55781936645508,36.63,0,1,0.87,0:46:55
7223,1,167.9832916259766,36.63,1,0,0.87,0:39:06
7224,1,121.6089935302734,36.63,1,0,0.87,0:41:08
7225,1,8.338591575622559,36.63,0,1,0.87,0:47:06
7226,1,236.900634765625,36.63,1,0,0.87,0:47:54
7227,1,10.44183731079102,36.63,1,0,0.87,0:45:18
7228,1,56.084815979003906,36.63,1,0,0.87,0:45:12
7229,1,34.247421264648445,36.63,0,1,0.87,0:46:37
7230,1,330.508056640625,36.63,1,0,0.87,0:44:35
7231,1,486.5151062011719,36.63,1,0,0.87,0:46:23
7232,1,120.98013305664058,36.63,1,0,0.87,0:45:10
7233,1,266.2826538085938,36.63,0,1,0.87,0:46:55
7234,1,167.9832916259766,36.63,1,0,0.87,0:46:16
7235,1,56.084815979003906,36.63,0,1,0.87,0:47:02
7236,1,2.157077074050903,36.63,0,1,0.87,0:47:08
7237,1,9.87485122680664,36.63,1,0,0.87,0:41:55
7238,1,36.19046020507812,36.63,1,0,0.87,0:44:57
7239,1,18.31573867797852,36.63,1,0,0.87,0:44:44
7240,1,61.34059524536133,36.63,1,0,0.87,0:43:09
7241,1,237.6291656494141,36.63,0,1,0.87,0:43:36
7242,1,192.3983917236328,36.63,1,0,0.87,0:45:47
7243,1,239.9360809326172,36.63,1,0,0.87,0:46:48
7244,1,302.7876281738281,36.63,1,0,0.87,0:46:53
7245,1,137.57452392578122,36.63,1,0,0.87,0:45:38
7246,1,354.3406982421875,36.63,0,1,0.87,0:45:59
7247,1,71.07490539550781,36.63,0,1,0.87,0:47:20
7248,1,4.172013282775879,36.63,1,0,0.87,0:44:49
7249,1,17.20283889770508,36.63,1,0,0.87,0:48:05
7250,1,236.7486267089844,36.63,0,1,0.87,0:46:31
7251,1,296.9273376464844,36.63,0,1,0.87,0:47:24
7252,1,368.4687805175781,36.63,1,0,0.87,0:46:26
7253,1,79.58588409423828,36.63,1,0,0.87,0:44:14
7254,1,114.7976837158203,36.63,1,0,0.87,0:47:08
7255,1,90.16681671142578,36.63,1,0,0.87,0:45:20
7256,1,1.7231634855270392,36.63,0,1,0.87,0:44:41
7257,1,7.651525020599365,36.63,0,1,0.87,0:47:25
7258,1,24.55533409118652,36.63,0,1,0.87,0:41:04
7259,1,4.366556167602538,36.63,0,1,0.87,0:44:16
7260,1,90.6382827758789,36.63,1,0,0.87,0:43:01
7261,1,91.7226791381836,36.63,0,1,0.87,0:45:22
7262,1,148.9870300292969,36.63,1,0,0.87,0:46:50
7263,1,11.95894336700439,36.63,0,1,0.87,0:47:15
7264,1,164.6177520751953,36.63,1,0,0.87,0:43:19
7265,1,16.84739112854004,36.63,1,0,0.87,0:47:05
7266,1,251.763916015625,36.63,1,0,0.87,0:44:56
7267,1,263.49282836914057,36.63,1,0,0.87,0:48:46
7268,1,51.61442184448242,36.63,1,0,0.87,0:47:22
7269,1,37.34151840209961,36.63,1,0,0.87,0:46:20
7270,1,284.8368835449219,36.63,1,0,0.87,0:44:58
7271,1,421.3871459960938,36.63,1,0,0.87,0:47:09
7272,1,228.6362762451172,36.63,1,0,0.87,0:45:46
7273,1,164.2649383544922,36.63,0,1,0.87,0:47:15
7274,1,233.7287750244141,36.63,1,0,0.87,0:47:08
7275,1,18.05331420898438,36.63,1,0,0.87,0:46:27
7276,1,7.058139324188232,36.63,0,1,0.87,0:45:38
7277,1,67.31046295166016,36.63,1,0,0.87,0:46:18
7278,1,114.7976837158203,36.63,1,0,0.87,0:46:17
7279,1,235.4322204589844,36.63,1,0,0.87,0:47:38
7280,1,1897.159912109375,36.63,1,0,0.87,0:42:29
7281,1,120.9079360961914,36.63,1,0,0.87,0:46:07
7282,1,69.01016235351561,36.63,1,0,0.87,0:45:11
7283,1,206.0,36.63,0,1,0.87,0:46:24
7284,1,317.6456298828125,36.63,0,1,0.87,0:44:57
7285,1,13.315147399902338,36.63,0,1,0.87,0:47:24
7286,1,51.94340515136719,36.63,1,0,0.87,0:45:47
7287,1,19.48332405090332,36.63,0,1,0.87,0:47:51
7288,1,3.920108318328857,36.63,1,0,0.87,0:43:09
7289,1,15.55781936645508,36.63,0,1,0.87,0:47:05
7290,1,194.29931640625,36.63,0,1,0.87,0:47:23
7291,1,285.1679382324219,36.63,1,0,0.87,0:46:57
7292,1,5.93881893157959,36.63,0,1,0.87,0:44:44
7293,1,544.2213134765625,36.63,1,0,0.87,0:46:56
7294,1,176.94647216796884,36.63,1,0,0.87,0:45:19
7295,1,218.9133148193359,36.63,1,0,0.87,0:43:45
7296,1,16.69234275817871,36.63,0,1,0.87,0:48:03
7297,1,606.4376831054688,36.63,0,1,0.87,0:45:23
7298,1,31.781719207763672,36.63,1,0,0.87,0:48:12
7299,1,31.97005462646484,36.63,0,1,0.87,0:46:40
7300,1,115.1393280029297,36.63,0,1,0.87,0:46:58
7301,1,181.5143737792969,36.63,0,1,0.87,0:47:03
7302,1,315.6446228027344,36.63,1,0,0.87,0:45:00
7303,1,198.6544494628906,36.63,1,0,0.87,0:46:22
7304,1,1312.95166015625,36.63,1,0,0.87,0:43:20
7305,1,189.8715057373047,36.63,1,0,0.87,0:44:52
7306,1,16.83182334899902,36.63,0,1,0.87,0:47:09
7307,1,109.1946792602539,36.63,0,1,0.87,0:43:46
7308,1,778.5715942382812,36.63,1,0,0.87,0:47:59
7309,1,127.01202392578121,36.63,1,0,0.87,0:46:57
7310,1,32.734729766845696,36.63,1,0,0.87,0:47:17
7311,1,290.4048156738281,36.63,0,1,0.87,0:45:10
7312,1,259.998291015625,36.63,1,0,0.87,0:44:19
7313,1,120.9079360961914,36.63,1,0,0.87,0:46:55
7314,1,147.0316009521484,36.63,0,1,0.87,0:46:50
7315,1,447.4389953613281,36.63,1,0,0.87,0:45:08
7316,1,131.7489013671875,36.63,1,0,0.87,0:47:13
7317,1,259.998291015625,36.63,1,0,0.87,0:45:04
7318,1,35.90165328979492,36.63,1,0,0.87,0:46:57
7319,1,105.6290054321289,36.63,1,0,0.87,0:47:52
7320,1,9.294014930725098,36.63,1,0,0.87,0:45:06
7321,1,10.44183731079102,36.63,0,1,0.87,0:43:10
7322,1,1398.2740478515618,36.63,1,0,0.87,0:47:10
7323,1,1.7364590167999268,36.63,0,1,0.87,0:47:37
7324,1,201.4784851074219,36.63,1,0,0.87,0:46:12
7325,1,43.71465301513672,36.63,0,1,0.87,0:45:43
7326,1,184.2229766845703,36.63,0,1,0.87,0:44:01
7327,1,218.2969055175781,36.63,0,1,0.87,0:45:32
7328,1,93.76361846923828,36.63,1,0,0.87,0:47:36
7329,1,7.965522289276122,36.63,1,0,0.87,0:45:08
7330,1,7.704025745391848,36.63,0,1,0.87,0:45:32
7331,1,33.91964721679688,36.63,0,1,0.87,0:46:19
7332,1,17.14681243896484,36.63,1,0,0.87,0:45:44
7333,1,26.56116485595703,36.63,1,0,0.87,0:41:11
7334,1,1046.732788085938,36.63,1,0,0.87,0:43:49
7335,1,17.08699035644531,36.63,1,0,0.87,0:44:18
7336,1,606.4359741210938,36.63,1,0,0.87,0:48:35
7337,1,11.64433479309082,36.63,1,0,0.87,0:47:41
7338,1,368.2947082519531,36.63,1,0,0.87,0:46:00
7339,1,140.58866882324222,36.63,1,0,0.87,0:43:16
7340,1,1300.004516601562,36.63,1,0,0.87,0:48:32
7341,1,11.7332706451416,36.63,1,0,0.87,0:41:39
7342,1,91.7226791381836,36.63,0,1,0.87,0:48:02
7343,1,7.309962749481201,36.63,1,0,0.87,0:48:23
7344,1,199.2205810546875,36.63,1,0,0.87,0:39:36
7345,1,152.9582672119141,36.63,1,0,0.87,0:46:14
7346,1,384.0559692382812,36.63,1,0,0.87,0:44:41
7347,1,318.9283142089844,36.63,1,0,0.87,0:46:12
7348,1,128.44091796875,36.63,0,1,0.87,0:43:08
7349,1,48.00541305541992,36.63,1,0,0.87,0:47:01
7350,1,1729.5029296875,36.63,0,1,0.87,0:48:30
7351,1,173.3197479248047,36.63,1,0,0.87,0:45:07
7352,1,92.49187469482422,36.63,1,0,0.87,0:45:31
7353,1,259.998291015625,36.63,0,1,0.87,0:45:29
7354,1,207.893310546875,36.63,1,0,0.87,0:46:35
7355,1,254.7844543457031,36.63,0,1,0.87,0:48:33
7356,1,233.2363739013672,36.63,0,1,0.87,0:47:16
7357,1,3.6919877529144287,36.63,0,1,0.87,0:40:45
7358,1,176.88330078125,36.63,1,0,0.87,0:45:10
7359,1,8.85274600982666,36.63,1,0,0.87,0:45:47
7360,1,43.62190246582031,36.63,1,0,0.87,0:46:32
7361,1,194.29931640625,36.63,1,0,0.87,0:45:18
7362,1,10.44776248931885,36.63,1,0,0.87,0:46:16
7363,1,116.2873992919922,36.63,1,0,0.87,0:48:21
7364,1,15.55781936645508,36.63,1,0,0.87,0:48:48
7365,1,53.36152648925781,36.63,1,0,0.87,0:47:35
7366,1,91.7226791381836,36.63,1,0,0.87,0:47:14
7367,1,4.496073246002197,36.63,1,0,0.87,0:47:25
7368,1,184.9489440917969,36.63,1,0,0.87,0:45:15
7369,1,328.505859375,36.63,0,1,0.87,0:48:22
7370,1,50.70021438598633,36.63,1,0,0.87,0:45:52
7371,1,1636.990966796875,36.63,0,1,0.87,0:46:39
7372,1,19.4232006072998,36.63,1,0,0.87,0:44:43
7373,1,16.84739112854004,36.63,1,0,0.87,0:46:43
7374,1,1549.258056640625,36.63,1,0,0.87,0:47:56
7375,1,35.65705490112305,36.63,1,0,0.87,0:43:51
7376,1,71.07490539550781,36.63,1,0,0.87,0:46:36
7377,1,320.0387878417969,36.63,0,1,0.87,0:46:33
7378,1,4.784560680389403,36.63,1,0,0.87,0:47:16
7379,1,278.0033569335938,36.63,1,0,0.87,0:45:16
7380,1,320.0387878417969,36.63,1,0,0.87,0:44:08
7381,1,1172.949462890625,36.63,1,0,0.87,0:45:11
7382,1,37.06092834472656,36.63,1,0,0.87,0:46:59
7383,1,10.44183731079102,36.63,0,1,0.87,0:48:09
7384,1,18.05331420898438,36.63,0,1,0.87,0:42:14
7385,1,18.05331420898438,36.63,0,1,0.87,0:42:14
7386,1,544.2213134765625,36.63,1,0,0.87,0:43:41
7387,1,16.84739112854004,36.63,0,1,0.87,0:41:13
7388,1,374.1132507324219,36.63,0,1,0.87,0:45:33
7389,1,10.44183731079102,36.63,0,1,0.87,0:47:09
7390,1,767.4879150390625,36.63,1,0,0.87,0:46:42
7391,1,9.87485122680664,36.63,0,1,0.87,0:48:23
7392,1,284.7182922363281,36.63,1,0,0.87,0:44:43
7393,1,6.840208530426025,36.63,0,1,0.87,0:45:05
7394,1,723.138916015625,36.63,0,1,0.87,0:46:16
7395,1,31.52193450927734,36.63,0,1,0.87,0:47:11
7396,1,222.6811370849609,36.63,1,0,0.87,0:42:59
7397,1,335.6763610839844,36.63,1,0,0.87,0:47:35
7398,1,94.64778900146484,36.63,1,0,0.87,0:45:56
7399,1,181.5143737792969,36.63,1,0,0.87,0:42:56
7400,1,183.7735900878906,36.63,0,1,0.87,0:46:47
7401,1,159.2595977783203,36.63,1,0,0.87,0:46:06
7402,1,67.31046295166016,36.63,0,1,0.87,0:47:59
7403,1,5.020810604095459,36.63,0,1,0.87,0:46:19
7404,1,16.698308944702152,36.63,1,0,0.87,0:44:04
7405,1,6.0,36.63,1,0,0.87,0:47:21
7406,1,290.8581237792969,36.63,0,1,0.87,0:47:18
7407,1,272.28091430664057,36.63,0,1,0.87,0:46:35
7408,1,10.96754741668701,36.63,1,0,0.87,0:44:55
7409,1,1623.9774169921882,36.63,0,1,0.87,0:44:27
7410,1,317.6456298828125,36.63,0,1,0.87,0:46:16
7411,1,142.791748046875,36.63,1,0,0.87,0:47:15
7412,1,159.2595977783203,36.63,0,1,0.87,0:47:14
7413,1,91.7226791381836,36.63,0,1,0.87,0:46:49
7414,1,260.84353637695307,36.63,1,0,0.87,0:46:02
7415,1,259.998291015625,36.63,1,0,0.87,0:45:33
7416,1,444.8771667480469,36.63,1,0,0.87,0:47:47
7417,1,232.7333984375,36.63,1,0,0.87,0:42:31
7418,1,20.052143096923828,36.63,1,0,0.87,0:45:54
7419,1,12.82390880584717,36.63,0,1,0.87,0:48:37
7420,1,4.792830467224121,36.63,0,1,0.87,0:47:40
7421,1,181.5143737792969,36.63,1,0,0.87,0:46:14
7422,1,242.7269287109375,36.63,0,1,0.87,0:44:15
7423,1,9.36025619506836,36.63,1,0,0.87,0:47:02
7424,1,259.998291015625,36.63,1,0,0.87,0:47:10
7425,1,31.52193450927734,36.63,1,0,0.87,0:43:27
7426,1,41.13945007324219,36.63,1,0,0.87,0:46:15
7427,2,257.984619140625,36.63,1,0,0.87,0:47:40
7428,1,10.44183731079102,36.63,1,0,0.87,0:45:52
7429,1,56.084815979003906,36.63,0,1,0.87,0:48:15
7430,1,10.44183731079102,36.63,0,1,0.87,0:45:19
7431,1,413.7853393554688,36.63,1,0,0.87,0:47:30
7432,1,18.4889087677002,36.63,1,0,0.87,0:44:29
7433,1,14.566981315612788,36.63,1,0,0.87,0:44:09
7434,1,237.6291656494141,36.63,1,0,0.87,0:46:31
7435,1,7.058139324188232,36.63,1,0,0.87,0:45:05
7436,1,614.4942016601562,36.63,0,1,0.87,0:47:24
7437,1,137.57452392578122,36.63,1,0,0.87,0:43:24
7438,1,393.3303833007812,36.63,1,0,0.87,0:44:43
7439,1,779.2720947265625,36.63,0,1,0.87,0:48:34
7440,2,8.357962608337402,36.63,1,0,0.87,0:46:49
7441,1,275.6912841796875,36.63,1,0,0.87,0:46:03
7442,1,178.2125396728516,36.63,1,0,0.87,0:45:36
7443,1,71.8073501586914,36.63,1,0,0.87,0:47:05
7444,2,17.5898609161377,36.63,1,0,0.87,0:47:03
7445,1,10.02777576446533,36.63,1,0,0.87,0:46:40
7446,1,377.5501098632812,36.63,1,0,0.87,0:47:00
7447,1,9.46739673614502,36.63,0,1,0.87,0:49:33
7448,1,109.7792205810547,36.63,0,1,0.87,0:46:30
7449,1,31.2812614440918,36.63,0,1,0.87,0:48:17
7450,1,232.5149993896484,36.63,1,0,0.87,0:46:52
7451,1,2554.609619140625,36.63,1,0,0.87,0:40:59
7452,1,163.5979309082031,36.63,1,0,0.87,0:47:42
7453,1,10.75895500183105,36.63,1,0,0.87,0:46:23
7454,1,263.49282836914057,36.63,1,0,0.87,0:46:17
7455,1,1015.653198242188,36.63,1,0,0.87,0:39:59
7456,1,409.0515441894531,36.63,1,0,0.87,0:46:45
7457,1,295.5433654785156,36.63,1,0,0.87,0:44:34
7458,1,165.3308258056641,36.63,1,0,0.87,0:47:02
7459,1,167.9832916259766,36.63,1,0,0.87,0:48:30
7460,1,75.89776611328125,36.63,1,0,0.87,0:45:02
7461,1,48.65218734741211,36.63,0,1,0.87,0:45:29
7462,1,200.7367095947266,36.63,0,1,0.87,0:47:31
7463,1,91.82389068603516,36.63,1,0,0.87,0:46:16
7464,1,16.66305160522461,36.63,1,0,0.87,0:46:48
7465,1,69.68721008300781,36.63,0,1,0.87,0:48:18
7466,1,175.0360412597656,36.63,1,0,0.87,0:45:52
7467,1,13.445884704589838,36.63,1,0,0.87,0:44:07
7468,1,142.3699798583984,36.63,0,1,0.87,0:48:37
7469,1,16.83182334899902,36.63,0,1,0.87,0:46:28
7470,1,2.349578380584717,36.63,0,1,0.87,0:45:54
7471,1,14.566981315612788,36.63,1,0,0.87,0:44:54
7472,1,164.0352172851562,36.63,1,0,0.87,0:48:14
7473,1,206.0885009765625,36.63,0,1,0.87,0:45:48
7474,1,181.5143737792969,36.63,1,0,0.87,0:44:51
7475,1,69.47795104980469,36.63,0,1,0.87,0:47:19
7476,1,42.47363662719727,36.63,1,0,0.87,0:44:07
7477,1,16.83182334899902,36.63,0,1,0.87,0:48:23
7478,1,16.83182334899902,36.63,0,1,0.87,0:47:40
7479,1,56.084815979003906,36.63,1,0,0.87,0:46:28
7480,1,32.573501586914055,36.63,1,0,0.87,0:45:05
7481,1,1637.8126220703118,36.63,0,1,0.87,0:48:31
7482,1,77.3214340209961,36.63,1,0,0.87,0:46:30
7483,1,32.52695846557617,36.63,1,0,0.87,0:46:26
7484,1,263.49282836914057,36.63,0,1,0.87,0:47:00
7485,1,259.998291015625,36.63,0,1,0.87,0:45:55
7486,1,544.2213134765625,36.63,0,1,0.87,0:45:24
7487,1,10.44183731079102,36.63,0,1,0.87,0:44:19
7488,1,2.335977554321289,36.63,1,0,0.87,0:45:04
7489,1,108.2701416015625,36.63,1,0,0.87,0:46:09
7490,1,259.998291015625,36.63,0,1,0.87,0:44:54
7491,1,17.18823432922363,36.63,1,0,0.87,0:44:46
7492,1,4.263185024261476,36.63,1,0,0.87,0:44:40
7493,1,146.087158203125,36.63,1,0,0.87,0:45:53
7494,1,35.71042251586914,36.63,1,0,0.87,0:47:14
7495,1,226.7862091064453,36.63,0,1,0.87,0:47:33
7496,1,764.3197021484375,36.63,1,0,0.87,0:47:34
7497,1,103.0499267578125,36.63,1,0,0.87,0:46:16
7498,1,51.85509490966797,36.63,1,0,0.87,0:41:31
7499,1,120.0959701538086,36.63,1,0,0.87,0:48:24
7500,1,109.5502395629883,36.63,1,0,0.87,0:46:09
7501,1,77.97574615478516,36.63,0,1,0.87,0:46:39
7502,1,234.7328643798828,36.63,0,1,0.87,0:47:36
7503,1,15.55781936645508,36.63,0,1,0.87,0:43:04
7504,1,16.66305160522461,36.63,1,0,0.87,0:43:30
7505,1,2554.609619140625,36.63,1,0,0.87,0:47:17
7506,1,229.1565704345703,36.63,0,1,0.87,0:47:29
7507,1,1046.732788085938,36.63,0,1,0.87,0:47:23
7508,1,376.4162902832031,36.63,0,1,0.87,0:44:29
7509,1,9.66230010986328,36.63,1,0,0.87,0:44:31
7510,1,7.150104522705077,36.63,1,0,0.87,0:48:48
7511,1,10.44183731079102,36.63,1,0,0.87,0:45:42
7512,1,248.1461334228516,36.63,1,0,0.87,0:45:19
7513,1,91.7226791381836,36.63,1,0,0.87,0:47:39
7514,1,192.8484039306641,36.63,1,0,0.87,0:45:24
7515,1,278.0033569335938,36.63,1,0,0.87,0:47:05
7516,1,10.44183731079102,36.63,1,0,0.87,0:46:35
7517,1,209.8311004638672,36.63,1,0,0.87,0:45:38
7518,1,55.65824508666992,36.63,0,1,0.87,0:47:25
7519,1,152.9394073486328,36.63,1,0,0.87,0:45:27
7520,1,42.68008041381836,36.63,0,1,0.87,0:47:40
7521,1,341.4302673339844,36.63,0,1,0.87,0:47:53
7522,1,259.998291015625,36.63,1,0,0.87,0:44:38
7523,1,9.017118453979492,36.63,0,1,0.87,0:48:19
7524,1,52.21719360351562,36.63,1,0,0.87,0:46:53
7525,1,614.4942016601562,36.63,1,0,0.87,0:45:31
7526,1,149.1394653320312,36.63,0,1,0.87,0:45:32
7527,1,194.2860260009766,36.63,0,1,0.87,0:45:17
7528,1,181.5143737792969,36.63,0,1,0.87,0:47:38
7529,1,194.7049560546875,36.63,1,0,0.87,0:47:11
7530,1,11.57025718688965,36.63,1,0,0.87,0:46:12
7531,1,221.982177734375,36.63,1,0,0.87,0:42:52
7532,1,351.8628540039062,36.63,1,0,0.87,0:45:02
7533,1,202.9051818847656,36.63,0,1,0.87,0:47:31
7534,1,219.4850006103516,36.63,1,0,0.87,0:41:14
7535,1,12.58986759185791,36.63,0,1,0.87,0:49:21
7536,1,118.3513641357422,36.63,0,1,0.87,0:47:08
7537,1,290.1136779785156,36.63,0,1,0.87,0:47:54
7538,1,7.1861228942871085,36.63,1,0,0.87,0:47:46
7539,1,186.8978118896484,36.63,1,0,0.87,0:46:20
7540,1,0.5368872284889221,36.63,0,1,0.87,0:45:23
7541,1,19.54976844787598,36.63,1,0,0.87,0:46:10
7542,1,24.55533409118652,36.63,1,0,0.87,0:43:27
7543,1,14.070459365844732,36.63,1,0,0.87,0:46:12
7544,1,28.68024635314941,36.63,1,0,0.87,0:47:41
7545,1,22.12597465515137,36.63,0,1,0.87,0:43:19
7546,1,101.6834564208984,36.63,1,0,0.87,0:42:20
7547,1,241.50628662109384,36.63,1,0,0.87,0:46:12
7548,1,98.08660888671876,36.63,1,0,0.87,0:44:26
7549,1,354.8083801269531,36.63,1,0,0.87,0:46:25
7550,1,7.965522289276122,36.63,0,1,0.87,0:44:36
7551,1,105.6290054321289,36.63,1,0,0.87,0:50:38
7552,1,0.5368872284889221,36.63,1,0,0.87,0:45:11
7553,1,236.900634765625,36.63,0,1,0.87,0:46:03
7554,1,21.25289535522461,36.63,0,1,0.87,0:42:07
7555,1,24.55533409118652,36.63,1,0,0.87,0:46:52
7556,1,14.82353019714355,36.63,1,0,0.87,0:48:15
7557,1,259.998291015625,36.63,0,1,0.87,0:46:34
7558,1,1.331318140029907,36.63,0,1,0.87,0:46:55
7559,1,310.9802551269531,36.63,1,0,0.87,0:43:47
7560,1,142.3699798583984,36.63,0,1,0.87,0:46:22
7561,1,4.577932357788086,36.63,1,0,0.87,0:45:23
7562,1,1046.732788085938,36.63,0,1,0.87,0:46:03
7563,1,263.6666870117188,36.63,1,0,0.87,0:45:42
7564,1,9.22296905517578,36.63,0,1,0.87,0:45:50
7565,1,16.83182334899902,36.63,0,1,0.87,0:45:46
7566,1,16.38112831115723,36.63,1,0,0.87,0:44:14
7567,1,18.31573867797852,36.63,0,1,0.87,0:44:33
7568,1,416.1348876953125,36.63,0,1,0.87,0:46:28
7569,1,220.8075714111328,36.63,1,0,0.87,0:48:48
7570,1,14.099939346313482,36.63,0,1,0.87,0:45:06
7571,1,2.7546546459198,36.63,1,0,0.87,0:47:12
7572,1,1046.732788085938,36.63,1,0,0.87,0:43:20
7573,1,320.0387878417969,36.63,1,0,0.87,0:47:33
7574,1,13.706212043762212,36.63,1,0,0.87,0:46:52
7575,1,601.2155151367188,36.63,1,0,0.87,0:46:22
7576,1,368.8425903320312,36.63,1,0,0.87,0:47:22
7577,1,260.65182495117193,36.63,0,1,0.87,0:47:12
7578,1,10.44183731079102,36.63,1,0,0.87,0:47:36
7579,1,35.90165328979492,36.63,0,1,0.87,0:46:40
7580,1,16.54193496704102,36.63,1,0,0.87,0:47:59
7581,1,269.0430908203125,36.63,0,1,0.87,0:46:26
7582,1,232.5149993896484,36.63,1,0,0.87,0:47:51
7583,1,7.965522289276122,36.63,1,0,0.87,0:46:53
7584,1,48.38787841796875,36.63,0,1,0.87,0:46:32
7585,1,120.9079360961914,36.63,0,1,0.87,0:47:21
7586,1,219.39703369140616,36.63,1,0,0.87,0:43:34
7587,1,85.82516479492188,36.63,0,1,0.87,0:47:01
7588,1,10.44183731079102,36.63,1,0,0.87,0:41:16
7589,1,20.8415412902832,36.63,0,1,0.87,0:47:57
7590,1,259.998291015625,36.63,1,0,0.87,0:47:26
7591,1,205.5423889160156,36.63,0,1,0.87,0:48:02
7592,1,251.91278076171884,36.63,0,1,0.87,0:48:40
7593,1,237.6291656494141,36.63,0,1,0.87,0:46:46
7594,1,225.0845947265625,36.63,1,0,0.87,0:43:50
7595,1,10.44776248931885,36.63,1,0,0.87,0:48:16
7596,1,4.193099021911621,36.63,1,0,0.87,0:45:59
7597,1,50.04737091064453,36.63,1,0,0.87,0:45:50
7598,1,72.50554656982422,36.63,1,0,0.87,0:45:12
7599,1,8.438035011291504,36.63,1,0,0.87,0:46:49
7600,1,10.44776248931885,36.63,1,0,0.87,0:45:03
7601,1,122.5372314453125,36.63,1,0,0.87,0:42:54
7602,1,228.1687316894531,36.63,1,0,0.87,0:45:53
7603,1,119.5789108276367,36.63,1,0,0.87,0:46:35
7604,1,71.8073501586914,36.63,1,0,0.87,0:46:52
7605,1,42.47363662719727,36.63,1,0,0.87,0:46:00
7606,1,72.4607925415039,36.63,0,1,0.87,0:48:18
7607,1,118.5949020385742,36.63,0,1,0.87,0:46:28
7608,1,282.1475219726562,36.63,1,0,0.87,0:46:50
7609,1,657.2290649414062,36.63,0,1,0.87,0:48:33
7610,1,40.91320037841797,36.63,1,0,0.87,0:47:09
7611,1,1596.6729736328118,36.63,1,0,0.87,0:46:15
7612,1,635.294189453125,36.63,1,0,0.87,0:47:55
7613,1,189.8713836669922,36.63,1,0,0.87,0:47:17
7614,1,23.02713584899902,36.63,1,0,0.87,0:42:23
7615,1,35.90165328979492,36.63,0,1,0.87,0:48:11
7616,1,122.5372314453125,36.63,0,1,0.87,0:45:57
7617,1,21.21549415588379,36.63,0,1,0.87,0:47:37
7618,1,409.1070861816406,36.63,0,1,0.87,0:46:48
7619,1,215.4762725830078,36.63,1,0,0.87,0:44:56
7620,1,167.9832916259766,36.63,0,1,0.87,0:48:03
7621,1,15.05556392669678,36.63,1,0,0.87,0:46:29
7622,1,1509.999267578125,36.63,1,0,0.87,0:43:20
7623,1,154.4702758789062,36.63,1,0,0.87,0:43:53
7624,1,14.32654094696045,36.63,0,1,0.87,0:44:58
7625,1,91.85733795166016,36.63,1,0,0.87,0:49:47
7626,1,14.566981315612788,36.63,0,1,0.87,0:47:35
7627,1,149.5798187255859,36.63,1,0,0.87,0:46:11
7628,1,269.0430908203125,36.63,1,0,0.87,0:48:40
7629,1,165.2113800048828,36.63,0,1,0.87,0:49:09
7630,1,6.029303550720215,36.63,0,1,0.87,0:46:36
7631,1,767.4879150390625,36.63,1,0,0.87,0:43:52
7632,1,10.44183731079102,36.63,0,1,0.87,0:47:07
7633,1,232.9170684814453,36.63,0,1,0.87,0:48:38
7634,1,50.47874450683594,36.63,1,0,0.87,0:47:17
7635,1,291.1369323730469,36.63,1,0,0.87,0:45:20
7636,1,10.44776248931885,36.63,1,0,0.87,0:42:45
7637,1,300.0346984863281,36.63,1,0,0.87,0:47:45
7638,1,51.94340515136719,36.63,1,0,0.87,0:44:56
7639,1,3.791347503662109,36.63,0,1,0.87,0:45:34
7640,1,31.52193450927734,36.63,0,1,0.87,0:47:16
7641,1,181.5143737792969,36.63,1,0,0.87,0:45:16
7642,1,21.45071601867676,36.63,1,0,0.87,0:42:29
7643,1,10.44183731079102,36.63,1,0,0.87,0:45:19
7644,1,5.675545692443848,36.63,1,0,0.87,0:46:45
7645,1,207.8424377441406,36.63,0,1,0.87,0:48:17
7646,1,266.2826538085938,36.63,1,0,0.87,0:45:31
7647,1,14.566981315612788,36.63,0,1,0.87,0:47:12
7648,1,137.57452392578122,36.63,1,0,0.87,0:46:26
7649,1,175.8120269775391,36.63,1,0,0.87,0:47:27
7650,1,116.2873992919922,36.63,1,0,0.87,0:49:54
7651,1,108.57672119140621,36.63,1,0,0.87,0:48:00
7652,1,16.84739112854004,36.63,0,1,0.87,0:46:28
7653,1,3.6919877529144287,36.63,1,0,0.87,0:42:20
7654,1,128.71272277832028,36.63,1,0,0.87,0:44:00
7655,1,7.965522289276122,36.63,1,0,0.87,0:46:04
7656,1,77.97574615478516,36.63,1,0,0.87,0:48:09
7657,1,86.84709167480469,36.63,1,0,0.87,0:46:29
7658,1,154.8287048339844,36.63,1,0,0.87,0:42:28
7659,1,263.49282836914057,36.63,1,0,0.87,0:44:30
7660,1,614.4942016601562,36.63,1,0,0.87,0:44:26
7661,1,3.920108318328857,36.63,1,0,0.87,0:47:44
7662,1,392.9354553222656,36.63,0,1,0.87,0:47:28
7663,1,121.3621368408203,36.63,0,1,0.87,0:45:48
7664,1,287.4725952148438,36.63,1,0,0.87,0:45:29
7665,1,218.9133148193359,36.63,1,0,0.87,0:48:35
7666,1,12.0,36.63,0,1,0.87,0:46:21
7667,1,5.734809875488281,36.63,1,0,0.87,0:47:30
7668,1,77.97574615478516,36.63,1,0,0.87,0:47:10
7669,1,237.4077606201172,36.63,1,0,0.87,0:45:16
7670,1,11.261268615722662,36.63,1,0,0.87,0:47:06
7671,1,226.05609130859384,36.63,1,0,0.87,0:46:45
7672,1,15.55781936645508,36.63,0,1,0.87,0:45:51
7673,1,233.6640472412109,36.63,1,0,0.87,0:45:08
7674,1,19.87140655517578,36.63,1,0,0.87,0:46:45
7675,1,5.020810604095459,36.63,0,1,0.87,0:46:55
7676,1,79.89913177490234,36.63,1,0,0.87,0:46:44
7677,1,298.6752014160156,36.63,0,1,0.87,0:46:26
7678,1,7.058139324188232,36.63,1,0,0.87,0:46:02
7679,1,10.44776248931885,36.63,1,0,0.87,0:43:21
7680,1,263.49282836914057,36.63,1,0,0.87,0:48:31
7681,1,6.1690216064453125,36.63,1,0,0.87,0:47:27
7682,3,31.01458549499512,36.63,1,0,0.87,0:49:26
7683,1,571.0994873046875,36.63,1,0,0.87,0:45:55
7684,1,146.087158203125,36.63,0,1,0.87,0:48:28
7685,1,263.2875366210938,36.63,0,1,0.87,0:48:00
7686,1,71.8073501586914,36.63,1,0,0.87,0:46:52
7687,1,320.0387878417969,36.63,1,0,0.87,0:45:19
7688,1,24.55533409118652,36.63,1,0,0.87,0:48:39
7689,1,71.23175048828125,36.63,1,0,0.87,0:45:09
7690,1,301.7854614257812,36.63,1,0,0.87,0:47:51
7691,1,22.02380752563477,36.63,0,1,0.87,0:48:38
7692,1,395.2044982910156,36.63,1,0,0.87,0:45:39
7693,1,45.07054901123047,36.63,1,0,0.87,0:44:01
7694,1,240.9880065917969,36.63,0,1,0.87,0:44:55
7695,1,10.44183731079102,36.63,0,1,0.87,0:47:41
7696,1,187.2318572998047,36.63,0,1,0.87,0:48:18
7697,1,281.35067749023443,36.63,1,0,0.87,0:50:47
7698,1,182.8298187255859,36.63,0,1,0.87,0:46:46
7699,1,6.090157508850098,36.63,0,1,0.87,0:44:54
7700,1,337.0001220703125,36.63,1,0,0.87,0:46:47
7701,1,18.05331420898438,36.63,0,1,0.87,0:48:02
7702,1,666.8341674804688,36.63,1,0,0.87,0:47:11
7703,1,10.44183731079102,36.63,0,1,0.87,0:44:54
7704,1,17.31131172180176,36.63,0,1,0.87,0:48:07
7705,1,10.44183731079102,36.63,0,1,0.87,0:47:01
7706,1,71.8073501586914,36.63,1,0,0.87,0:46:41
7707,1,344.7054748535156,36.63,0,1,0.87,0:45:41
7708,1,185.813720703125,36.63,0,1,0.87,0:48:10
7709,1,243.5636138916016,36.63,1,0,0.87,0:46:33
7710,1,431.0298461914062,36.63,0,1,0.87,0:47:50
7711,1,111.1497421264648,36.63,1,0,0.87,0:48:15
7712,1,10.44183731079102,36.63,1,0,0.87,0:48:57
7713,1,148.55224609375,36.63,0,1,0.87,0:45:35
7714,1,255.7363433837891,36.63,1,0,0.87,0:47:28
7715,1,1046.732788085938,36.63,0,1,0.87,0:48:21
7716,1,200.8847808837891,36.63,1,0,0.87,0:45:29
7717,1,223.9944000244141,36.63,1,0,0.87,0:47:19
7718,1,117.6073379516602,36.63,1,0,0.87,0:46:04
7719,1,17.66356468200684,36.63,1,0,0.87,0:43:30
7720,1,186.5994720458984,36.63,0,1,0.87,0:46:51
7721,1,133.0,36.63,1,0,0.87,0:46:26
7722,1,4.69460391998291,36.63,1,0,0.87,0:47:46
7723,1,236.5555572509766,36.63,1,0,0.87,0:46:13
7724,1,16.83182334899902,36.63,0,1,0.87,0:45:49
7725,1,320.0387878417969,36.63,1,0,0.87,0:48:13
7726,1,27.48541641235352,36.63,1,0,0.87,0:48:14
7727,1,181.5143737792969,36.63,1,0,0.87,0:47:59
7728,1,16.84739112854004,36.63,1,0,0.87,0:46:12
7729,1,7.058139324188232,36.63,0,1,0.87,0:47:06
7730,1,177.1923370361328,36.63,1,0,0.87,0:45:01
7731,1,107.8341445922852,36.63,1,0,0.87,0:41:54
7732,1,38.32305526733398,36.63,0,1,0.87,0:46:00
7733,1,277.09481811523443,36.63,0,1,0.87,0:47:09
7734,1,57.82163619995117,36.63,1,0,0.87,0:45:11
7735,1,140.6603088378906,36.63,1,0,0.87,0:46:11
7736,1,273.12026977539057,36.63,1,0,0.87,0:47:22
7737,1,1015.653198242188,36.63,0,1,0.87,0:47:35
7738,1,131.4553527832031,36.63,1,0,0.87,0:46:49
7739,1,226.05609130859384,36.63,1,0,0.87,0:46:56
7740,1,278.0731201171875,36.63,1,0,0.87,0:44:16
7741,2,1015.653198242188,36.63,0,1,0.87,0:47:34
7742,1,14.32654094696045,36.63,0,1,0.87,0:48:12
7743,1,14.32654094696045,36.63,1,0,0.87,0:48:12
7744,1,7.965522289276122,36.63,0,1,0.87,0:45:16
7745,1,233.2363739013672,36.63,0,1,0.87,0:48:27
7746,1,288.391845703125,36.63,1,0,0.87,0:45:38
7747,1,187.6420745849609,36.63,1,0,0.87,0:43:26
7748,1,91.7226791381836,36.63,0,1,0.87,0:46:46
7749,1,19.23562431335449,36.63,1,0,0.87,0:44:19
7750,1,120.9079360961914,36.63,0,1,0.87,0:48:34
7751,1,137.57452392578122,36.63,1,0,0.87,0:43:35
7752,1,2233.563720703125,36.63,1,0,0.87,0:45:24
7753,1,16.00102424621582,36.63,1,0,0.87,0:46:46
7754,1,2229.72216796875,36.63,1,0,0.87,0:47:06
7755,1,77.27726745605469,36.63,1,0,0.87,0:47:38
7756,1,320.0387878417969,36.63,0,1,0.87,0:46:36
7757,1,25.44406318664551,36.63,1,0,0.87,0:47:25
7758,1,63.713539123535156,36.63,0,1,0.87,0:46:59
7759,1,37.5223388671875,36.63,1,0,0.87,0:47:48
7760,1,1217.035522460938,36.63,1,0,0.87,0:46:14
7761,1,1386.9697265625,36.63,0,1,0.87,0:46:46
7762,1,86.84709167480469,36.63,0,1,0.87,0:46:11
7763,1,2229.72216796875,36.63,1,0,0.87,0:47:18
7764,1,86.84709167480469,36.63,0,1,0.87,0:46:38
7765,1,10.44183731079102,36.63,0,1,0.87,0:47:05
7766,1,788.1743774414062,36.63,1,0,0.87,0:45:40
7767,1,321.9679870605469,36.63,1,0,0.87,0:44:59
7768,1,42.68008041381836,36.63,1,0,0.87,0:41:59
7769,1,398.2716369628906,36.63,1,0,0.87,0:44:26
7770,1,1046.732788085938,36.63,0,1,0.87,0:48:36
7771,1,148.55224609375,36.63,1,0,0.87,0:41:55
7772,1,2554.609619140625,36.63,1,0,0.87,0:45:38
7773,1,2554.609619140625,36.63,0,1,0.87,0:45:48
7774,1,292.7323913574219,36.63,0,1,0.87,0:46:55
7775,1,149.1394653320312,36.63,1,0,0.87,0:46:01
7776,1,181.5143737792969,36.63,0,1,0.87,0:46:45
7777,1,149.1394653320312,36.63,1,0,0.87,0:48:17
7778,1,484.7640075683594,36.63,0,1,0.87,0:49:02
7779,1,24.25078392028809,36.63,1,0,0.87,0:41:43
7780,1,195.2724914550781,36.63,1,0,0.87,0:45:53
7781,1,77.97574615478516,36.63,0,1,0.87,0:48:06
7782,1,8.194785118103027,36.63,1,0,0.87,0:44:50
7783,1,157.4949645996094,36.63,0,1,0.87,0:46:20
7784,1,32.46716690063477,36.63,1,0,0.87,0:43:23
7785,1,72.22600555419922,36.63,0,1,0.87,0:45:50
7786,1,248.38470458984384,36.63,1,0,0.87,0:46:06
7787,1,27.23297309875488,36.63,0,1,0.87,0:48:09
7788,1,22.02380752563477,36.63,1,0,0.87,0:41:07
7789,1,147.2928314208984,36.63,1,0,0.87,0:43:50
7790,1,32.51520538330078,36.63,1,0,0.87,0:43:16
7791,1,222.7997283935547,36.63,0,1,0.87,0:45:54
7792,1,17.80105018615723,36.63,1,0,0.87,0:46:21
7793,1,7.058139324188232,36.63,1,0,0.87,0:48:57
7794,1,14.566981315612788,36.63,0,1,0.87,0:49:06
7795,1,31.97005462646484,36.63,0,1,0.87,0:46:29
7796,1,10.44183731079102,36.63,0,1,0.87,0:46:11
7797,1,91.7226791381836,36.63,0,1,0.87,0:47:39
7798,1,75.07860565185547,36.63,0,1,0.87,0:48:18
7799,1,277.4137573242188,36.63,1,0,0.87,0:44:55
7800,1,79.19601440429688,36.63,0,1,0.87,0:46:56
7801,1,641.8574829101562,36.63,1,0,0.87,0:47:04
7802,1,72.68998718261719,36.63,0,1,0.87,0:47:32
7803,1,10.054220199584961,36.63,1,0,0.87,0:48:24
7804,1,105.6140594482422,36.63,0,1,0.87,0:46:32
7805,1,102.071533203125,36.63,0,1,0.87,0:46:29
7806,1,131.0,36.63,0,1,0.87,0:47:44
7807,1,10.44183731079102,36.63,0,1,0.87,0:47:58
7808,1,297.2489318847656,36.63,1,0,0.87,0:45:47
7809,1,330.508056640625,36.63,1,0,0.87,0:47:02
7810,1,259.998291015625,36.63,0,1,0.87,0:45:20
7811,1,38.52471923828125,36.63,1,0,0.87,0:42:45
7812,1,128.71272277832028,36.63,1,0,0.87,0:46:01
7813,1,71.6093521118164,36.63,0,1,0.87,0:41:46
7814,1,69.99024963378906,36.63,1,0,0.87,0:44:03
7815,1,56.084815979003906,36.63,0,1,0.87,0:47:16
7816,1,51.09162521362305,36.63,1,0,0.87,0:44:20
7817,1,209.3033447265625,36.63,1,0,0.87,0:47:21
7818,1,19.94200897216797,36.63,1,0,0.87,0:45:33
7819,1,259.2710571289062,36.63,1,0,0.87,0:48:20
7820,1,255.5819854736328,36.63,1,0,0.87,0:47:30
7821,1,42.68008041381836,36.63,1,0,0.87,0:46:48
7822,1,178.6739349365234,36.63,1,0,0.87,0:45:38
7823,1,19.77367401123047,36.63,0,1,0.87,0:47:46
7824,1,43.62190246582031,36.63,0,1,0.87,0:48:17
7825,1,19.77367401123047,36.63,1,0,0.87,0:47:46
7826,1,278.0033569335938,36.63,0,1,0.87,0:44:56
7827,1,14.60348510742188,36.63,1,0,0.87,0:47:53
7828,1,298.6752014160156,36.63,0,1,0.87,0:45:51
7829,1,16.84739112854004,36.63,0,1,0.87,0:48:39
7830,1,47.74106216430664,36.63,1,0,0.87,0:47:24
7831,1,399.5064086914062,36.63,1,0,0.87,0:47:25
7832,1,42.00186157226562,36.63,0,1,0.87,0:47:59
7833,1,39.18559646606445,36.63,1,0,0.87,0:46:07
7834,1,767.4879150390625,36.63,0,1,0.87,0:46:53
7835,1,231.64434814453116,36.63,0,1,0.87,0:49:50
7836,1,110.2462005615234,36.63,0,1,0.87,0:47:51
7837,1,319.7898559570312,36.63,0,1,0.87,0:49:21
7838,1,424.5280151367188,36.63,1,0,0.87,0:46:38
7839,1,2.952972412109375,36.63,0,1,0.87,0:44:32
7840,1,100.36962127685551,36.63,0,1,0.87,0:46:06
7841,1,1278.716918945312,36.63,0,1,0.87,0:45:23
7842,1,236.900634765625,36.63,1,0,0.87,0:46:24
7843,1,151.0,36.63,1,0,0.87,0:41:49
7844,1,15.224977493286133,36.63,0,1,0.87,0:46:57
7845,1,36.19046020507812,36.63,1,0,0.87,0:44:13
7846,1,0.6114726066589355,36.63,1,0,0.87,0:46:10
7847,1,219.4529724121094,36.63,1,0,0.87,0:48:22
7848,1,220.8075714111328,36.63,1,0,0.87,0:44:28
7849,1,237.6291656494141,36.63,0,1,0.87,0:48:56
7850,1,259.998291015625,36.63,1,0,0.87,0:48:06
7851,1,104.1357421875,36.63,0,1,0.87,0:45:47
7852,1,118.2436370849609,36.63,1,0,0.87,0:44:46
7853,1,35.99068832397461,36.63,0,1,0.87,0:45:11
7854,1,144.13720703125,36.63,1,0,0.87,0:47:10
7855,1,201.6867523193359,36.63,1,0,0.87,0:42:34
7856,1,91.7226791381836,36.63,0,1,0.87,0:46:15
7857,1,301.9191284179688,36.63,1,0,0.87,0:45:28
7858,1,67.66303253173828,36.63,0,1,0.87,0:44:46
7859,1,301.3237609863281,36.63,0,1,0.87,0:47:57
7860,1,86.7063217163086,36.63,1,0,0.87,0:47:35
7861,1,237.6291656494141,36.63,1,0,0.87,0:45:06
7862,1,246.8048858642578,36.63,1,0,0.87,0:46:20
7863,1,292.6947631835938,36.63,1,0,0.87,0:46:53
7864,1,11.84257507324219,36.63,1,0,0.87,0:47:05
7865,1,224.3040618896484,36.63,0,1,0.87,0:46:47
7866,1,93.76361846923828,36.63,1,0,0.87,0:45:42
7867,1,90.76966857910156,36.63,0,1,0.87,0:46:50
7868,1,199.6450042724609,36.63,1,0,0.87,0:46:04
7869,1,9.794013023376463,36.63,1,0,0.87,0:44:34
7870,1,10.44776248931885,36.63,0,1,0.87,0:45:09
7871,1,7.150104522705077,36.63,0,1,0.87,0:46:54
7872,1,41.98091506958008,36.63,0,1,0.87,0:45:10
7873,1,72.4607925415039,36.63,1,0,0.87,0:46:50
7874,1,24.55533409118652,36.63,1,0,0.87,0:46:45
7875,1,14.070459365844732,36.63,1,0,0.87,0:43:06
7876,1,149.1394653320312,36.63,0,1,0.87,0:47:21
7877,1,184.7894134521484,36.63,1,0,0.87,0:48:13
7878,1,15.55781936645508,36.63,1,0,0.87,0:44:34
7879,1,166.5921936035156,36.63,1,0,0.87,0:46:45
7880,1,39.12737655639648,36.63,1,0,0.87,0:42:35
7881,1,259.998291015625,36.63,0,1,0.87,0:47:57
7882,1,181.5143737792969,36.63,1,0,0.87,0:45:43
7883,1,181.6004943847656,36.63,1,0,0.87,0:45:06
7884,1,1881.796875,36.63,1,0,0.87,0:45:13
7885,1,1993.0521240234384,36.63,0,1,0.87,0:47:31
7886,1,16.83182334899902,36.63,0,1,0.87,0:48:55
7887,1,16.83182334899902,36.63,1,0,0.87,0:46:38
7888,1,14.070459365844732,36.63,0,1,0.87,0:42:14
7889,1,12.58986759185791,36.63,1,0,0.87,0:44:53
7890,1,149.1394653320312,36.63,1,0,0.87,0:47:10
7891,1,11.05302143096924,36.63,0,1,0.87,0:46:19
7892,1,199.2205810546875,36.63,1,0,0.87,0:44:39
7893,1,105.0,36.63,1,0,0.87,0:47:19
7894,1,233.2363739013672,36.63,0,1,0.87,0:48:20
7895,1,9.335716247558594,36.63,0,1,0.87,0:46:36
7896,1,228.6362762451172,36.63,1,0,0.87,0:45:30
7897,1,259.75827026367193,36.63,0,1,0.87,0:45:24
7898,1,78.5858383178711,36.63,1,0,0.87,0:46:06
7899,1,10.44183731079102,36.63,0,1,0.87,0:45:42
7900,1,336.8722839355469,36.63,0,1,0.87,0:45:53
7901,1,218.5335693359375,36.63,0,1,0.87,0:46:48
7902,1,167.9832916259766,36.63,0,1,0.87,0:47:56
7903,1,4.303764820098877,36.63,1,0,0.87,0:46:54
7904,1,547.3348388671875,36.63,1,0,0.87,0:45:16
7905,1,316.3588562011719,36.63,0,1,0.87,0:49:03
7906,1,91.56227111816406,36.63,1,0,0.87,0:43:36
7907,1,89.75890350341797,36.63,1,0,0.87,0:46:01
7908,1,232.5149993896484,36.63,0,1,0.87,0:47:12
7909,1,259.998291015625,36.63,0,1,0.87,0:47:37
7910,1,15.224977493286133,36.63,1,0,0.87,0:44:59
7911,1,34.564208984375,36.63,1,0,0.87,0:47:11
7912,1,89.8837890625,36.63,0,1,0.87,0:46:53
7913,1,647.6728515625,36.63,1,0,0.87,0:43:18
7914,1,10.44183731079102,36.63,0,1,0.87,0:45:35
7915,1,137.49957275390622,36.63,1,0,0.87,0:47:09
7916,1,22.29907417297363,36.63,0,1,0.87,0:44:57
7917,1,7.187693595886231,36.63,1,0,0.87,0:46:51
7918,1,233.2363739013672,36.63,0,1,0.87,0:47:51
7919,1,459.4857177734375,36.63,1,0,0.87,0:47:11
7920,1,153.0057525634766,36.63,0,1,0.87,0:47:21
7921,1,305.0235900878906,36.63,1,0,0.87,0:46:24
7922,1,12.011073112487788,36.63,1,0,0.87,0:47:26
7923,1,259.998291015625,36.63,1,0,0.87,0:46:44
7924,1,384.0559692382812,36.63,0,1,0.87,0:47:10
7925,1,56.084815979003906,36.63,0,1,0.87,0:46:12
7926,1,10.0234842300415,36.63,1,0,0.87,0:48:06
7927,1,39.21760559082031,36.63,0,1,0.87,0:47:43
7928,1,51.94340515136719,36.63,1,0,0.87,0:45:17
7929,1,16.83182334899902,36.63,0,1,0.87,0:46:34
7930,1,202.2101898193359,36.63,1,0,0.87,0:48:17
7931,1,244.5631256103516,36.63,1,0,0.87,0:47:17
7932,1,152.9394073486328,36.63,1,0,0.87,0:47:17
7933,1,125.2000961303711,36.63,1,0,0.87,0:46:27
7934,1,31.52193450927734,36.63,0,1,0.87,0:48:26
7935,1,44.07643127441406,36.63,1,0,0.87,0:46:00
7936,1,27.3308277130127,36.63,0,1,0.87,0:45:36
7937,1,213.1086730957031,36.63,0,1,0.87,0:49:42
7938,1,530.411376953125,36.63,1,0,0.87,0:45:59
7939,1,142.791748046875,36.63,1,0,0.87,0:46:53
7940,1,149.1394653320312,36.63,0,1,0.87,0:47:56
7941,1,10.44776248931885,36.63,0,1,0.87,0:46:03
7942,1,1605.6175537109382,36.63,1,0,0.87,0:46:26
7943,1,193.28656005859384,36.63,1,0,0.87,0:46:32
7944,1,18.05331420898438,36.63,0,1,0.87,0:45:08
7945,1,149.1394653320312,36.63,1,0,0.87,0:47:51
7946,1,27.08522605895996,36.63,1,0,0.87,0:47:27
7947,1,149.1394653320312,36.63,0,1,0.87,0:47:18
7948,1,326.47265625,36.63,1,0,0.87,0:47:07
7949,1,12.58986759185791,36.63,1,0,0.87,0:45:06
7950,1,121.3621368408203,36.63,0,1,0.87,0:47:22
7951,1,10.44776248931885,36.63,0,1,0.87,0:43:43
7952,1,226.0847473144531,36.63,0,1,0.87,0:46:47
7953,1,183.2224578857422,36.63,0,1,0.87,0:43:33
7954,1,447.4283447265625,36.63,1,0,0.87,0:47:18
7955,1,314.1141662597656,36.63,1,0,0.87,0:47:26
7956,1,9.87485122680664,36.63,1,0,0.87,0:44:52
7957,1,38.32305526733398,36.63,1,0,0.87,0:47:18
7958,1,267.76547241210943,36.63,1,0,0.87,0:47:31
7959,1,1394.4505615234382,36.63,1,0,0.87,0:44:53
7960,1,649.260009765625,36.63,0,1,0.87,0:44:04
7961,1,91.7226791381836,36.63,1,0,0.87,0:46:30
7962,1,11.57025718688965,36.63,1,0,0.87,0:48:50
7963,1,649.260009765625,36.63,1,0,0.87,0:44:04
7964,1,16.08600044250488,36.63,1,0,0.87,0:43:10
7965,1,224.8054046630859,36.63,1,0,0.87,0:47:39
7966,1,284.1804504394531,36.63,0,1,0.87,0:48:03
7967,1,25.5869197845459,36.63,1,0,0.87,0:43:40
7968,1,85.0458755493164,36.63,0,1,0.87,0:48:26
7969,1,199.8629608154297,36.63,1,0,0.87,0:42:40
7970,1,165.3308258056641,36.63,1,0,0.87,0:46:52
7971,1,167.9832916259766,36.63,0,1,0.87,0:48:03
7972,1,286.6631469726562,36.63,1,0,0.87,0:48:30
7973,1,51.94340515136719,36.63,1,0,0.87,0:46:43
7974,1,290.9002380371094,36.63,1,0,0.87,0:45:25
7975,1,302.6042785644531,36.63,1,0,0.87,0:46:06
7976,1,1623.9774169921882,36.63,0,1,0.87,0:46:11
7977,1,374.1132507324219,36.63,0,1,0.87,0:44:46
7978,1,32.20459365844727,36.63,0,1,0.87,0:46:38
7979,1,236.900634765625,36.63,1,0,0.87,0:49:20
7980,1,10.44183731079102,36.63,1,0,0.87,0:48:13
7981,1,469.503173828125,36.63,0,1,0.87,0:48:12
7982,1,120.9079360961914,36.63,0,1,0.87,0:48:37
7983,1,167.9832916259766,36.63,1,0,0.87,0:46:54
7984,1,10.44776248931885,36.63,0,1,0.87,0:48:07
7985,1,10.09679889678955,36.63,1,0,0.87,0:48:02
7986,1,253.1178741455078,36.63,1,0,0.87,0:44:16
7987,1,1592.551513671875,36.63,1,0,0.87,0:44:03
7988,1,119.56497192382808,36.63,0,1,0.87,0:49:04
7989,1,16.69234275817871,36.63,1,0,0.87,0:46:41
7990,1,111.6105728149414,36.63,1,0,0.87,0:47:43
7991,2,291.1369323730469,36.63,0,1,0.87,0:47:55
7992,1,57.82163619995117,36.63,1,0,0.87,0:45:43
7993,1,215.4762725830078,36.63,1,0,0.87,0:46:02
7994,1,16.83182334899902,36.63,0,1,0.87,0:45:35
7995,1,72.4607925415039,36.63,1,0,0.87,0:45:11
7996,1,332.7853698730469,36.63,1,0,0.87,0:47:44
7997,1,245.6878814697266,36.63,1,0,0.87,0:45:35
7998,1,7.965522289276122,36.63,0,1,0.87,0:46:01
7999,1,376.4162902832031,36.63,1,0,0.87,0:48:03
8000,1,189.8126220703125,36.63,0,1,0.87,0:47:52
8001,1,20.15006828308105,36.63,1,0,0.87,0:41:46
8002,1,167.9832916259766,36.63,0,1,0.87,0:48:38
8003,1,181.5143737792969,36.63,1,0,0.87,0:48:33
8004,1,237.6291656494141,36.63,0,1,0.87,0:47:06
8005,1,63.713539123535156,36.63,1,0,0.87,0:46:38
8006,1,181.5143737792969,36.63,1,0,0.87,0:51:44
8007,1,19.42654228210449,36.63,0,1,0.87,0:48:35
8008,1,5.790542602539063,36.63,1,0,0.87,0:50:46
8009,1,1525.08740234375,36.63,0,1,0.87,0:49:07
8010,1,33.1964111328125,36.63,0,1,0.87,0:47:05
8011,1,22.78268432617188,36.63,1,0,0.87,0:48:20
8012,1,6.489360332489014,36.63,1,0,0.87,0:45:18
8013,1,19.07254981994629,36.63,1,0,0.87,0:46:35
8014,1,15.52842617034912,36.63,1,0,0.87,0:45:41
8015,1,77.67086791992188,36.63,0,1,0.87,0:47:49
8016,1,275.6912841796875,36.63,1,0,0.87,0:45:14
8017,1,53.99525833129883,36.63,1,0,0.87,0:43:14
8018,1,315.6446228027344,36.63,0,1,0.87,0:45:22
8019,1,38.128883361816406,36.63,1,0,0.87,0:47:24
8020,1,19.54772758483887,36.63,1,0,0.87,0:48:39
8021,1,15.55781936645508,36.63,0,1,0.87,0:48:23
8022,1,241.0966949462891,36.63,1,0,0.87,0:44:37
8023,1,213.1336364746094,36.63,1,0,0.87,0:47:28
8024,1,8.611458778381348,36.63,1,0,0.87,0:46:28
8025,1,167.9832916259766,36.63,1,0,0.87,0:46:47
8026,1,48.65218734741211,36.63,1,0,0.87,0:47:25
8027,1,105.6290054321289,36.63,0,1,0.87,0:47:33
8028,1,286.9538269042969,36.63,1,0,0.87,0:47:43
8029,1,43.59611511230469,36.63,1,0,0.87,0:44:53
8030,1,53.74789428710938,36.63,1,0,0.87,0:44:30
8031,1,94.3494644165039,36.63,1,0,0.87,0:49:12
8032,1,642.7265625,36.63,0,1,0.87,0:47:22
8033,2,1596.6729736328118,36.63,1,0,0.87,0:46:03
8034,1,15.81486129760742,36.63,1,0,0.87,0:48:21
8035,1,4.143080711364746,36.63,0,1,0.87,0:46:06
8036,1,105.59640502929692,36.63,1,0,0.87,0:47:02
8037,1,149.1394653320312,36.63,1,0,0.87,0:47:02
8038,1,240.1884002685547,36.63,0,1,0.87,0:48:52
8039,1,219.4850006103516,36.63,1,0,0.87,0:43:33
8040,1,71.8073501586914,36.63,0,1,0.87,0:47:53
8041,1,288.9022216796875,36.63,1,0,0.87,0:48:52
8042,1,107.1270523071289,36.63,1,0,0.87,0:42:34
8043,1,86.84709167480469,36.63,1,0,0.87,0:46:56
8044,1,31.52193450927734,36.63,1,0,0.87,0:46:35
8045,1,242.2535705566406,36.63,1,0,0.87,0:47:49
8046,1,318.2921142578125,36.63,0,1,0.87,0:47:35
8047,1,1352.824096679688,36.63,1,0,0.87,0:47:37
8048,1,13.79658031463623,36.63,1,0,0.87,0:44:31
8049,1,91.7226791381836,36.63,0,1,0.87,0:44:56
8050,1,11.05302143096924,36.63,1,0,0.87,0:46:28
8051,1,1300.004516601562,36.63,1,0,0.87,0:44:28
8052,1,4.194859027862549,36.63,1,0,0.87,0:42:05
8053,1,287.4725952148438,36.63,1,0,0.87,0:46:07
8054,1,137.57452392578122,36.63,0,1,0.87,0:47:33
8055,1,1312.707153320312,36.63,1,0,0.87,0:46:15
8056,1,209.8311004638672,36.63,1,0,0.87,0:47:17
8057,1,24.55533409118652,36.63,0,1,0.87,0:45:36
8058,1,54.23469924926758,36.63,1,0,0.87,0:48:03
8059,1,16.66305160522461,36.63,0,1,0.87,0:48:51
8060,1,5.949333667755128,36.63,0,1,0.87,0:47:31
8061,1,2229.72216796875,36.63,1,0,0.87,0:45:59
8062,1,269.0397338867188,36.63,1,0,0.87,0:50:03
8063,1,154.5012359619141,36.63,1,0,0.87,0:43:47
8064,1,178.32672119140616,36.63,1,0,0.87,0:45:47
8065,1,48.00765991210938,36.63,1,0,0.87,0:48:23
8066,1,408.2718811035156,36.63,0,1,0.87,0:45:42
8067,1,118.5949020385742,36.63,1,0,0.87,0:47:54
8068,1,1831.0819091796882,36.63,1,0,0.87,0:48:27
8069,1,40.94342422485352,36.63,0,1,0.87,0:46:54
8070,1,568.2205200195312,36.63,1,0,0.87,0:45:29
8071,1,951.3828735351562,36.63,0,1,0.87,0:47:20
8072,1,10.44183731079102,36.63,1,0,0.87,0:47:26
8073,1,2.302611351013184,36.63,1,0,0.87,0:47:15
8074,1,12.27632141113281,36.63,1,0,0.87,0:45:35
8075,2,120.0959701538086,36.63,1,0,0.87,0:46:51
8076,1,22.12597465515137,36.63,0,1,0.87,0:48:43
8077,1,155.9598236083984,36.63,1,0,0.87,0:43:47
8078,1,10.44776248931885,36.63,0,1,0.87,0:45:12
8079,1,1976.76318359375,36.63,0,1,0.87,0:47:56
8080,1,259.998291015625,36.63,0,1,0.87,0:48:23
8081,1,78.83722686767578,36.63,0,1,0.87,0:48:48
8082,1,13.81503200531006,36.63,1,0,0.87,0:47:29
8083,1,259.998291015625,36.63,1,0,0.87,0:46:18
8084,1,242.2535705566406,36.63,0,1,0.87,0:47:01
8085,1,33.42565536499023,36.63,0,1,0.87,0:47:38
8086,1,31.97005462646484,36.63,1,0,0.87,0:49:18
8087,1,222.6948394775391,36.63,1,0,0.87,0:46:37
8088,1,2.103271007537842,36.63,0,1,0.87,0:47:40
8089,1,405.1791687011719,36.63,1,0,0.87,0:48:18
8090,1,149.1394653320312,36.63,1,0,0.87,0:45:53
8091,1,91.7226791381836,36.63,0,1,0.87,0:47:28
8092,1,10.44776248931885,36.63,0,1,0.87,0:48:39
8093,1,90.6382827758789,36.63,0,1,0.87,0:48:10
8094,1,10.49758434295654,36.63,0,1,0.87,0:47:29
8095,1,233.2363739013672,36.63,0,1,0.87,0:46:40
8096,1,18.05331420898438,36.63,1,0,0.87,0:46:36
8097,1,28.41222763061523,36.63,1,0,0.87,0:47:40
8098,1,15.55781936645508,36.63,0,1,0.87,0:47:03
8099,1,110.83322143554692,36.63,0,1,0.87,0:48:00
8100,1,428.7605285644531,36.63,0,1,0.87,0:47:03
8101,1,10.44183731079102,36.63,1,0,0.87,0:47:25
8102,1,2.9630379676818848,36.63,1,0,0.87,0:45:50
8103,1,9.017118453979492,36.63,0,1,0.87,0:47:42
8104,1,9.36025619506836,36.63,1,0,0.87,0:48:00
8105,1,3.1729369163513184,36.63,0,1,0.87,0:45:57
8106,1,165.4194030761719,36.63,0,1,0.87,0:46:23
8107,1,275.03494262695307,36.63,1,0,0.87,0:47:45
8108,1,736.3744506835938,36.63,1,0,0.87,0:48:02
8109,1,1596.6729736328118,36.63,0,1,0.87,0:47:52
8110,1,140.9563293457031,36.63,0,1,0.87,0:47:51
8111,1,137.57452392578122,36.63,0,1,0.87,0:46:01
8112,1,136.21832275390622,36.63,1,0,0.87,0:41:50
8113,1,275.064453125,36.63,0,1,0.87,0:47:12
8114,2,105.6290054321289,36.63,0,1,0.87,0:48:56
8115,1,35.84180450439453,36.63,1,0,0.87,0:46:50
8116,1,17.08699035644531,36.63,0,1,0.87,0:47:22
8117,1,5.997476577758789,36.63,0,1,0.87,0:48:00
8118,1,26.03965759277344,36.63,1,0,0.87,0:44:21
8119,1,79.58588409423828,36.63,1,0,0.87,0:45:21
8120,1,283.8716735839844,36.63,1,0,0.87,0:47:10
8121,1,18.05331420898438,36.63,0,1,0.87,0:48:55
8122,1,35.65705490112305,36.63,0,1,0.87,0:45:40
8123,1,51.94340515136719,36.63,1,0,0.87,0:47:28
8124,1,7.058139324188232,36.63,0,1,0.87,0:46:54
8125,1,35.53342819213867,36.63,1,0,0.87,0:47:24
8126,1,120.9079360961914,36.63,1,0,0.87,0:46:33
8127,1,109.1946792602539,36.63,1,0,0.87,0:44:14
8128,1,131.4553527832031,36.63,1,0,0.87,0:47:08
8129,1,5.032363891601562,36.63,1,0,0.87,0:41:56
8130,1,10.65874290466309,36.63,1,0,0.87,0:43:35
8131,1,181.5143737792969,36.63,1,0,0.87,0:47:16
8132,1,151.6166839599609,36.63,0,1,0.87,0:47:27
8133,1,25.37751960754395,36.63,0,1,0.87,0:42:34
8134,1,13.027480125427251,36.63,1,0,0.87,0:47:40
8135,1,43.59611511230469,36.63,1,0,0.87,0:45:29
8136,1,264.034912109375,36.63,1,0,0.87,0:41:41
8137,1,13.81503200531006,36.63,1,0,0.87,0:45:45
8138,1,179.6549072265625,36.63,1,0,0.87,0:50:14
8139,1,1371.919311523438,36.63,0,1,0.87,0:48:01
8140,1,10.44183731079102,36.63,1,0,0.87,0:46:50
8141,1,86.84709167480469,36.63,0,1,0.87,0:46:17
8142,1,181.5143737792969,36.63,0,1,0.87,0:46:18
8143,1,269.01950073242193,36.63,1,0,0.87,0:45:57
8144,1,319.8814392089844,36.63,0,1,0.87,0:47:44
8145,1,159.9830627441406,36.63,0,1,0.87,0:46:47
8146,1,236.900634765625,36.63,1,0,0.87,0:46:03
8147,1,186.8978118896484,36.63,1,0,0.87,0:47:54
8148,1,138.3571929931641,36.63,1,0,0.87,0:49:08
8149,1,614.4942016601562,36.63,1,0,0.87,0:45:46
8150,1,10.44776248931885,36.63,0,1,0.87,0:44:36
8151,1,282.1475219726562,36.63,1,0,0.87,0:47:17
8152,1,10.96754741668701,36.63,0,1,0.87,0:48:33
8153,1,369.2825317382812,36.63,1,0,0.87,0:45:15
8154,1,49.4422492980957,36.63,1,0,0.87,0:42:19
8155,1,77.97574615478516,36.63,0,1,0.87,0:48:06
8156,1,197.41845703125,36.63,0,1,0.87,0:48:47
8157,1,37.9741325378418,36.63,1,0,0.87,0:45:46
8158,1,255.9418182373047,36.63,1,0,0.87,0:45:21
8159,1,351.7836303710938,36.63,1,0,0.87,0:48:14
8160,1,49.52743911743164,36.63,0,1,0.87,0:47:05
8161,1,196.0528259277344,36.63,1,0,0.87,0:49:15
8162,1,73.2974853515625,36.63,1,0,0.87,0:45:43
8163,1,505.1585388183594,36.63,1,0,0.87,0:44:06
8164,1,76.49766540527344,36.63,1,0,0.87,0:47:47
8165,1,7.965522289276122,36.63,1,0,0.87,0:42:28
8166,1,142.3699798583984,36.63,0,1,0.87,0:48:10
8167,1,1354.186645507812,36.63,1,0,0.87,0:44:51
8168,1,16.83182334899902,36.63,0,1,0.87,0:47:59
8169,1,103.8417816162109,36.63,1,0,0.87,0:46:58
8170,1,91.7226791381836,36.63,1,0,0.87,0:43:29
8171,1,2251.90380859375,36.63,0,1,0.87,0:43:38
8172,1,56.084815979003906,36.63,1,0,0.87,0:46:36
8173,1,266.3762817382812,36.63,1,0,0.87,0:47:05
8174,1,1046.732788085938,36.63,0,1,0.87,0:47:31
8175,1,6.065486431121826,36.63,0,1,0.87,0:47:36
8176,1,259.998291015625,36.63,1,0,0.87,0:47:42
8177,1,225.2796173095703,36.63,1,0,0.87,0:47:30
8178,2,152.0813446044922,36.63,1,0,0.87,0:45:08
8179,1,291.2001953125,36.63,1,0,0.87,0:47:51
8180,1,138.0673675537109,36.63,1,0,0.87,0:44:59
8181,1,259.998291015625,36.63,1,0,0.87,0:49:15
8182,1,4.607863426208496,36.63,1,0,0.87,0:46:05
8183,1,187.2318572998047,36.63,1,0,0.87,0:45:23
8184,1,27.25058937072754,36.63,0,1,0.87,0:49:18
8185,1,77.97574615478516,36.63,0,1,0.87,0:48:11
8186,1,259.998291015625,36.63,0,1,0.87,0:48:12
8187,1,126.1217880249023,36.63,1,0,0.87,0:45:29
8188,1,15.224977493286133,36.63,1,0,0.87,0:47:34
8189,1,123.7852401733398,36.63,1,0,0.87,0:45:07
8190,1,134.9916687011719,36.63,1,0,0.87,0:47:37
8191,1,238.9887847900391,36.63,1,0,0.87,0:47:51
8192,2,2.435819149017334,36.63,1,0,0.87,0:46:28
8193,1,25.25222396850586,36.63,0,1,0.87,0:46:05
8194,1,6.160773754119872,36.63,1,0,0.87,0:47:43
8195,1,15.224977493286133,36.63,1,0,0.87,0:45:52
8196,1,241.1495513916016,36.63,1,0,0.87,0:45:55
8197,1,149.1394653320312,36.63,0,1,0.87,0:47:00
8198,1,216.1820526123047,36.63,1,0,0.87,0:44:50
8199,1,249.9365234375,36.63,0,1,0.87,0:47:54
8200,1,222.6811370849609,36.63,1,0,0.87,0:46:57
8201,1,252.9573211669922,36.63,1,0,0.87,0:45:46
8202,1,15.859853744506841,36.63,0,1,0.87,0:46:23
8203,1,37.14537048339844,36.63,1,0,0.87,0:46:36
8204,1,140.9563293457031,36.63,1,0,0.87,0:44:42
8205,1,63.568336486816406,36.63,0,1,0.87,0:47:53
8206,1,259.998291015625,36.63,1,0,0.87,0:46:17
8207,1,4.194859027862549,36.63,1,0,0.87,0:48:42
8208,1,167.7673645019531,36.63,1,0,0.87,0:48:52
8209,1,235.1849670410156,36.63,0,1,0.87,0:47:37
8210,1,149.1394653320312,36.63,0,1,0.87,0:50:18
8211,1,2511.662841796875,36.63,0,1,0.87,0:48:45
8212,1,4.06385326385498,36.63,1,0,0.87,0:47:15
8213,1,10.44183731079102,36.63,1,0,0.87,0:47:32
8214,1,19.48332405090332,36.63,1,0,0.87,0:45:09
8215,1,4.396385669708252,36.63,1,0,0.87,0:46:18
8216,1,15.49870491027832,36.63,0,1,0.87,0:45:04
8217,1,13.315147399902338,36.63,0,1,0.87,0:47:07
8218,1,9.36793613433838,36.63,0,1,0.87,0:47:39
8219,1,213.1199493408203,36.63,0,1,0.87,0:47:29
8220,1,149.1394653320312,36.63,1,0,0.87,0:48:27
8221,1,250.0541687011719,36.63,1,0,0.87,0:46:28
8222,1,107.4340057373047,36.63,0,1,0.87,0:47:20
8223,1,14.566981315612788,36.63,0,1,0.87,0:47:41
8224,1,259.998291015625,36.63,1,0,0.87,0:47:20
8225,1,108.9886856079102,36.63,0,1,0.87,0:46:04
8226,1,66.19444274902344,36.63,0,1,0.87,0:50:24
8227,1,12.82390880584717,36.63,0,1,0.87,0:46:38
8228,1,22.25241279602051,36.63,0,1,0.87,0:46:51
8229,1,275.51712036132807,36.63,0,1,0.87,0:45:16
8230,1,233.7287750244141,36.63,1,0,0.87,0:46:04
8231,1,194.7049560546875,36.63,1,0,0.87,0:47:25
8232,1,1089.23193359375,36.63,0,1,0.87,0:44:42
8233,1,150.2313079833984,36.63,1,0,0.87,0:46:40
8234,1,20.15006828308105,36.63,0,1,0.87,0:49:12
8235,1,20.43136024475098,36.63,1,0,0.87,0:52:16
8236,1,86.89449310302734,36.63,1,0,0.87,0:47:13
8237,1,1752.2154541015618,36.63,1,0,0.87,0:45:58
8238,1,14.32654094696045,36.63,0,1,0.87,0:47:19
8239,1,213.1086730957031,36.63,0,1,0.87,0:47:46
8240,1,82.00800323486328,36.63,1,0,0.87,0:46:42
8241,1,10.44183731079102,36.63,1,0,0.87,0:46:35
8242,1,37.14537048339844,36.63,1,0,0.87,0:46:41
8243,1,15.714406967163091,36.63,0,1,0.87,0:48:33
8244,1,149.1394653320312,36.63,1,0,0.87,0:46:06
8245,1,181.5143737792969,36.63,1,0,0.87,0:46:11
8246,1,278.0640869140625,36.63,1,0,0.87,0:44:10
8247,1,2.1581254005432133,36.63,1,0,0.87,0:41:13
8248,1,7.242066860198975,36.63,0,1,0.87,0:46:59
8249,1,278.0033569335938,36.63,1,0,0.87,0:46:39
8250,1,302.9169311523438,36.63,1,0,0.87,0:43:55
8251,1,220.9495544433594,36.63,1,0,0.87,0:46:49
8252,1,5.020810604095459,36.63,1,0,0.87,0:46:06
8253,1,15.13875675201416,36.63,0,1,0.87,0:46:23
8254,1,196.3058929443359,36.63,0,1,0.87,0:46:43
8255,1,254.7844543457031,36.63,1,0,0.87,0:43:54
8256,1,516.6248779296875,36.63,0,1,0.87,0:47:58
8257,1,10.44183731079102,36.63,0,1,0.87,0:48:23
8258,1,213.9208221435547,36.63,1,0,0.87,0:46:01
8259,1,5.664112567901611,36.63,0,1,0.87,0:44:24
8260,1,181.5143737792969,36.63,0,1,0.87,0:47:21
8261,1,181.5143737792969,36.63,0,1,0.87,0:48:25
8262,1,226.9605255126953,36.63,0,1,0.87,0:48:55
8263,1,151.7768249511719,36.63,1,0,0.87,0:44:02
8264,1,270.05172729492193,36.63,1,0,0.87,0:46:30
8265,1,23.42546081542969,36.63,0,1,0.87,0:49:09
8266,1,107.1270523071289,36.63,1,0,0.87,0:45:57
8267,1,5.274471282958984,36.63,1,0,0.87,0:44:05
8268,1,233.7287750244141,36.63,1,0,0.87,0:47:16
8269,1,183.2224578857422,36.63,1,0,0.87,0:47:36
8270,1,331.5713806152344,36.63,1,0,0.87,0:46:58
8271,1,116.5401153564453,36.63,1,0,0.87,0:45:37
8272,1,35.90165328979492,36.63,1,0,0.87,0:48:20
8273,1,10.44776248931885,36.63,0,1,0.87,0:47:40
8274,1,145.4309997558594,36.63,1,0,0.87,0:48:03
8275,1,10.96754741668701,36.63,0,1,0.87,0:48:24
8276,1,6.663646221160889,36.63,1,0,0.87,0:47:49
8277,1,183.2224578857422,36.63,1,0,0.87,0:45:51
8278,1,271.45523071289057,36.63,1,0,0.87,0:45:34
8279,1,976.9442138671876,36.63,1,0,0.87,0:47:23
8280,1,252.9573211669922,36.63,1,0,0.87,0:47:05
8281,1,197.583984375,36.63,0,1,0.87,0:46:10
8282,1,12.0,36.63,1,0,0.87,0:47:24
8283,1,1157.134887695312,36.63,1,0,0.87,0:47:07
8284,1,10.44776248931885,36.63,0,1,0.87,0:46:59
8285,1,202.27825927734384,36.63,1,0,0.87,0:45:43
8286,1,51.94340515136719,36.63,0,1,0.87,0:47:13
8287,1,5.020810604095459,36.63,0,1,0.87,0:47:55
8288,1,110.9459381103516,36.63,0,1,0.87,0:47:46
8289,1,127.01202392578121,36.63,0,1,0.87,0:46:36
8290,1,455.3829956054688,36.63,1,0,0.87,0:41:55
8291,1,37.14537048339844,36.63,0,1,0.87,0:44:05
8292,1,24.55533409118652,36.63,1,0,0.87,0:46:11
8293,1,407.7540283203125,36.63,0,1,0.87,0:45:36
8294,1,15.224977493286133,36.63,1,0,0.87,0:39:01
8295,1,222.7997283935547,36.63,1,0,0.87,0:45:53
8296,1,16.83182334899902,36.63,1,0,0.87,0:44:55
8297,1,16.72290229797363,36.63,0,1,0.87,0:45:42
8298,1,237.6291656494141,36.63,1,0,0.87,0:47:31
8299,1,151.7768249511719,36.63,1,0,0.87,0:46:42
8300,1,9.335716247558594,36.63,0,1,0.87,0:45:20
8301,1,184.1045379638672,36.63,0,1,0.87,0:49:02
8302,1,312.2489929199219,36.63,1,0,0.87,0:46:04
8303,1,275.6912841796875,36.63,1,0,0.87,0:46:28
8304,1,106.4913101196289,36.63,0,1,0.87,0:45:20
8305,1,205.3109893798828,36.63,1,0,0.87,0:44:49
8306,1,10.44776248931885,36.63,1,0,0.87,0:50:13
8307,1,1428.2430419921882,36.63,0,1,0.87,0:47:44
8308,1,302.06640625,36.63,1,0,0.87,0:45:53
8309,1,105.6290054321289,36.63,1,0,0.87,0:47:24
8310,1,813.7987060546875,36.63,1,0,0.87,0:45:06
8311,1,39.8952522277832,36.63,0,1,0.87,0:48:15
8312,1,77.97574615478516,36.63,0,1,0.87,0:48:29
8313,1,15.55781936645508,36.63,0,1,0.87,0:49:54
8314,1,15.224977493286133,36.63,1,0,0.87,0:43:24
8315,1,8.357962608337402,36.63,0,1,0.87,0:47:49
8316,1,10.44776248931885,36.63,1,0,0.87,0:49:17
8317,1,2.7546546459198,36.63,1,0,0.87,0:46:27
8318,1,13.0,36.63,0,1,0.87,0:48:36
8319,1,105.3577194213867,36.63,1,0,0.87,0:46:46
8320,1,181.5143737792969,36.63,1,0,0.87,0:46:12
8321,1,86.89449310302734,36.63,1,0,0.87,0:47:34
8322,1,79.46357727050781,36.63,1,0,0.87,0:46:55
8323,1,259.998291015625,36.63,0,1,0.87,0:46:02
8324,1,121.3621368408203,36.63,0,1,0.87,0:48:38
8325,1,19.59590339660645,36.63,0,1,0.87,0:47:25
8326,1,1752.2154541015618,36.63,1,0,0.87,0:45:15
8327,1,91.7226791381836,36.63,1,0,0.87,0:48:40
8328,1,108.9886856079102,36.63,1,0,0.87,0:47:10
8329,1,10.44183731079102,36.63,0,1,0.87,0:47:49
8330,1,334.7806091308594,36.63,0,1,0.87,0:48:37
8331,1,18.05331420898438,36.63,1,0,0.87,0:46:14
8332,1,149.1394653320312,36.63,0,1,0.87,0:46:28
8333,1,35.90165328979492,36.63,0,1,0.87,0:48:53
8334,1,237.47161865234384,36.63,1,0,0.87,0:44:41
8335,1,39.64147567749023,36.63,1,0,0.87,0:47:11
8336,1,281.7467041015625,36.63,0,1,0.87,0:48:29
8337,1,138.25457763671878,36.63,1,0,0.87,0:48:41
8338,1,13.027480125427251,36.63,1,0,0.87,0:47:13
8339,1,2349.934326171875,36.63,1,0,0.87,0:45:08
8340,1,1596.6729736328118,36.63,1,0,0.87,0:43:50
8341,1,188.2260437011719,36.63,1,0,0.87,0:50:47
8342,1,106.87122344970699,36.63,1,0,0.87,0:47:56
8343,1,7.058139324188232,36.63,0,1,0.87,0:46:03
8344,2,117.2898101806641,36.63,1,0,0.87,0:47:55
8345,1,263.49282836914057,36.63,0,1,0.87,0:47:45
8346,1,232.5149993896484,36.63,0,1,0.87,0:47:58
8347,1,215.9745635986328,36.63,1,0,0.87,0:47:21
8348,1,284.1804504394531,36.63,1,0,0.87,0:48:03
8349,1,10.44776248931885,36.63,1,0,0.87,0:46:58
8350,1,181.5143737792969,36.63,0,1,0.87,0:46:43
8351,1,226.0135192871094,36.63,1,0,0.87,0:45:46
8352,1,10.96754741668701,36.63,1,0,0.87,0:46:25
8353,1,259.998291015625,36.63,0,1,0.87,0:45:47
8354,1,2108.50048828125,36.63,1,0,0.87,0:45:58
8355,1,565.7193603515625,36.63,1,0,0.87,0:48:38
8356,1,10.96754741668701,36.63,0,1,0.87,0:45:49
8357,1,159.2595977783203,36.63,0,1,0.87,0:48:38
8358,1,251.80560302734384,36.63,1,0,0.87,0:42:14
8359,1,19.50230598449707,36.63,1,0,0.87,0:46:40
8360,1,10.44183731079102,36.63,0,1,0.87,0:45:05
8361,1,91.7226791381836,36.63,0,1,0.87,0:48:08
8362,1,56.084815979003906,36.63,0,1,0.87,0:48:25
8363,1,24.55533409118652,36.63,0,1,0.87,0:48:34
8364,1,292.7144165039062,36.63,1,0,0.87,0:43:56
8365,1,71.8073501586914,36.63,0,1,0.87,0:43:35
8366,1,29.27904891967773,36.63,1,0,0.87,0:47:46
8367,1,6.240824699401856,36.63,0,1,0.87,0:45:15
8368,1,10.96754741668701,36.63,1,0,0.87,0:47:01
8369,1,181.5143737792969,36.63,0,1,0.87,0:49:03
8370,1,199.8629608154297,36.63,0,1,0.87,0:46:06
8371,1,105.6290054321289,36.63,1,0,0.87,0:43:35
8372,1,242.4671478271484,36.63,1,0,0.87,0:44:24
8373,1,16.83182334899902,36.63,0,1,0.87,0:47:51
8374,1,15.55781936645508,36.63,0,1,0.87,0:47:06
8375,1,3.920108318328857,36.63,0,1,0.87,0:48:16
8376,1,251.0666656494141,36.63,0,1,0.87,0:43:31
8377,1,250.62603759765616,36.63,1,0,0.87,0:46:35
8378,1,51.94340515136719,36.63,0,1,0.87,0:48:12
8379,1,290.667724609375,36.63,1,0,0.87,0:47:03
8380,1,326.9612121582031,36.63,1,0,0.87,0:44:08
8381,1,26.14098167419434,36.63,1,0,0.87,0:47:48
8382,1,301.0691528320312,36.63,1,0,0.87,0:43:59
8383,1,16.84739112854004,36.63,1,0,0.87,0:42:11
8384,1,13.973583221435552,36.63,0,1,0.87,0:44:39
8385,1,119.9461288452148,36.63,0,1,0.87,0:47:21
8386,1,6.247245788574219,36.63,1,0,0.87,0:47:23
8387,1,167.9832916259766,36.63,1,0,0.87,0:45:49
8388,1,17.20283889770508,36.63,1,0,0.87,0:47:30
8389,1,1.919909358024597,36.63,1,0,0.87,0:50:58
8390,1,259.998291015625,36.63,1,0,0.87,0:48:53
8391,1,256.0,36.63,0,1,0.87,0:47:05
8392,1,17.05924987792969,36.63,0,1,0.87,0:46:19
8393,1,5.470619678497314,36.63,0,1,0.87,0:45:16
8394,1,12.0,36.63,1,0,0.87,0:47:39
8395,1,149.1394653320312,36.63,0,1,0.87,0:48:25
8396,1,10.44183731079102,36.63,0,1,0.87,0:46:52
8397,1,73.2974853515625,36.63,1,0,0.87,0:47:40
8398,1,2430.782958984375,36.63,1,0,0.87,0:48:39
8399,1,19.91307258605957,36.63,0,1,0.87,0:46:40
8400,1,662.5640869140625,36.63,1,0,0.87,0:49:44
8401,1,121.3621368408203,36.63,0,1,0.87,0:45:52
8402,1,181.5143737792969,36.63,1,0,0.87,0:46:35
8403,1,384.0559692382812,36.63,1,0,0.87,0:48:30
8404,1,399.1127624511719,36.63,1,0,0.87,0:47:38
8405,1,59.45031356811523,36.63,1,0,0.87,0:46:59
8406,1,320.0387878417969,36.63,1,0,0.87,0:49:18
8407,1,144.104248046875,36.63,0,1,0.87,0:48:10
8408,1,315.6446228027344,36.63,0,1,0.87,0:44:36
8409,1,221.5115814208984,36.63,1,0,0.87,0:46:51
8410,1,298.7937316894531,36.63,1,0,0.87,0:47:08
8411,1,259.998291015625,36.63,1,0,0.87,0:46:14
8412,1,1359.258422851562,36.63,1,0,0.87,0:47:06
8413,1,138.3571929931641,36.63,1,0,0.87,0:49:15
8414,1,129.58955383300778,36.63,0,1,0.87,0:45:51
8415,1,77.44851684570312,36.63,1,0,0.87,0:48:52
8416,1,82.20048522949219,36.63,1,0,0.87,0:45:36
8417,1,75.89776611328125,36.63,1,0,0.87,0:44:57
8418,1,13.346641540527338,36.63,0,1,0.87,0:47:23
8419,1,37.5223388671875,36.63,1,0,0.87,0:48:37
8420,1,171.2599029541016,36.63,0,1,0.87,0:46:44
8421,1,10.44183731079102,36.63,0,1,0.87,0:48:44
8422,1,254.7844543457031,36.63,0,1,0.87,0:45:42
8423,1,27.39501571655273,36.63,1,0,0.87,0:48:29
8424,1,32.77705764770508,36.63,0,1,0.87,0:47:51
8425,1,86.84709167480469,36.63,1,0,0.87,0:48:03
8426,1,1623.9774169921882,36.63,1,0,0.87,0:43:46
8427,1,374.8983459472656,36.63,1,0,0.87,0:45:50
8428,1,6.240824699401856,36.63,1,0,0.87,0:48:18
8429,1,254.7844543457031,36.63,0,1,0.87,0:48:24
8430,1,14.566981315612788,36.63,0,1,0.87,0:45:33
8431,1,31.17976570129395,36.63,0,1,0.87,0:48:24
8432,1,20.15006828308105,36.63,0,1,0.87,0:47:25
8433,1,14.070459365844732,36.63,1,0,0.87,0:45:32
8434,1,259.998291015625,36.63,0,1,0.87,0:47:58
8435,1,3.6919877529144287,36.63,0,1,0.87,0:49:39
8436,1,17.3270263671875,36.63,1,0,0.87,0:45:43
8437,1,234.2509765625,36.63,0,1,0.87,0:46:41
8438,1,232.5149993896484,36.63,0,1,0.87,0:47:24
8439,1,177.37249755859384,36.63,1,0,0.87,0:47:04
8440,1,56.084815979003906,36.63,0,1,0.87,0:45:49
8441,1,188.2260437011719,36.63,0,1,0.87,0:48:26
8442,1,91.7226791381836,36.63,0,1,0.87,0:46:44
8443,1,15.55781936645508,36.63,0,1,0.87,0:44:37
8444,1,222.7997283935547,36.63,0,1,0.87,0:48:09
8445,1,205.3728790283203,36.63,1,0,0.87,0:47:10
8446,1,1325.179443359375,36.63,1,0,0.87,0:47:16
8447,1,233.2363739013672,36.63,0,1,0.87,0:48:28
8448,1,459.1997680664062,36.63,1,0,0.87,0:47:02
8449,1,1831.0819091796882,36.63,1,0,0.87,0:42:30
8450,1,10.44183731079102,36.63,0,1,0.87,0:47:48
8451,1,259.998291015625,36.63,1,0,0.87,0:45:14
8452,1,148.55224609375,36.63,1,0,0.87,0:45:28
8453,1,275.064453125,36.63,1,0,0.87,0:42:41
8454,1,18.80724906921387,36.63,0,1,0.87,0:48:45
8455,1,68.81992340087889,36.63,1,0,0.87,0:47:03
8456,1,307.5173950195312,36.63,1,0,0.87,0:49:05
8457,1,92.71110534667969,36.63,1,0,0.87,0:47:02
8458,1,187.163818359375,36.63,1,0,0.87,0:44:52
8459,1,779.2720947265625,36.63,1,0,0.87,0:46:02
8460,1,6.489360332489014,36.63,1,0,0.87,0:47:01
8461,1,15.55781936645508,36.63,1,0,0.87,0:48:14
8462,1,38.78234481811523,36.63,0,1,0.87,0:48:31
8463,1,67.57332611083984,36.63,0,1,0.87,0:47:48
8464,1,259.998291015625,36.63,0,1,0.87,0:48:23
8465,1,251.7782897949219,36.63,0,1,0.87,0:48:46
8466,1,4.143080711364746,36.63,0,1,0.87,0:47:07
8467,1,222.9541320800781,36.63,1,0,0.87,0:47:31
8468,1,15.55781936645508,36.63,1,0,0.87,0:46:28
8469,1,102.18041229248051,36.63,1,0,0.87,0:48:00
8470,1,165.4194030761719,36.63,1,0,0.87,0:47:41
8471,1,179.9742889404297,36.63,0,1,0.87,0:48:53
8472,1,356.2357482910156,36.63,1,0,0.87,0:44:48
8473,1,110.9721298217773,36.63,1,0,0.87,0:48:21
8474,1,3.403828620910645,36.63,0,1,0.87,0:47:15
8475,1,181.5143737792969,36.63,1,0,0.87,0:45:37
8476,1,16.84739112854004,36.63,1,0,0.87,0:49:54
8477,1,38.32305526733398,36.63,0,1,0.87,0:45:22
8478,1,76.19059753417969,36.63,1,0,0.87,0:47:21
8479,1,980.9765625,36.63,1,0,0.87,0:47:25
8480,1,378.2447204589844,36.63,0,1,0.87,0:45:30
8481,1,10.44183731079102,36.63,0,1,0.87,0:47:23
8482,1,18.05331420898438,36.63,0,1,0.87,0:49:30
8483,1,30.4487247467041,36.63,0,1,0.87,0:47:26
8484,1,149.1394653320312,36.63,1,0,0.87,0:45:58
8485,1,77.97574615478516,36.63,0,1,0.87,0:48:06
8486,1,14.566981315612788,36.63,1,0,0.87,0:45:31
8487,1,109.5122451782227,36.63,1,0,0.87,0:47:32
8488,1,2465.108642578125,36.63,1,0,0.87,0:43:13
8489,1,33.72554397583008,36.63,1,0,0.87,0:47:50
8490,1,15.55781936645508,36.63,0,1,0.87,0:45:55
8491,1,203.5360870361328,36.63,0,1,0.87,0:46:26
8492,1,16.547185897827152,36.63,1,0,0.87,0:44:47
8493,1,377.5501098632812,36.63,0,1,0.87,0:48:05
8494,1,185.0966796875,36.63,0,1,0.87,0:45:24
8495,1,140.9563293457031,36.63,1,0,0.87,0:46:25
8496,1,60.942588806152344,36.63,0,1,0.87,0:47:32
8497,1,46.06622695922852,36.63,1,0,0.87,0:43:21
8498,1,484.7640075683594,36.63,1,0,0.87,0:46:17
8499,1,291.1369323730469,36.63,0,1,0.87,0:46:42
8500,1,18.05331420898438,36.63,1,0,0.87,0:45:07
8501,1,181.5143737792969,36.63,0,1,0.87,0:47:29
8502,1,6.1690216064453125,36.63,1,0,0.87,0:48:02
8503,1,19.23562431335449,36.63,1,0,0.87,0:45:32
8504,1,259.998291015625,36.63,1,0,0.87,0:45:32
8505,1,56.91091918945312,36.63,0,1,0.87,0:45:59
8506,1,225.5588531494141,36.63,0,1,0.87,0:48:20
8507,1,19.98725891113281,36.63,0,1,0.87,0:47:09
8508,1,12.164125442504881,36.63,1,0,0.87,0:46:17
8509,1,222.7997283935547,36.63,1,0,0.87,0:45:59
8510,1,15.55781936645508,36.63,0,1,0.87,0:49:03
8511,1,24.08057594299316,36.63,0,1,0.87,0:46:55
8512,1,55.16683959960938,36.63,1,0,0.87,0:44:08
8513,1,193.57073974609384,36.63,0,1,0.87,0:48:06
8514,1,8.357962608337402,36.63,0,1,0.87,0:48:33
8515,1,266.2826538085938,36.63,1,0,0.87,0:46:40
8516,1,15.224977493286133,36.63,1,0,0.87,0:50:18
8517,1,90.412841796875,36.63,1,0,0.87,0:46:45
8518,1,234.48431396484384,36.63,1,0,0.87,0:46:55
8519,1,-0.6010046601295471,36.63,1,0,0.87,0:48:18
8520,1,16.75366592407227,36.63,0,1,0.87,0:47:40
8521,1,0.5217891335487366,36.63,0,1,0.87,0:45:54
8522,1,236.900634765625,36.63,1,0,0.87,0:46:58
8523,1,274.657470703125,36.63,1,0,0.87,0:50:52
8524,1,56.084815979003906,36.63,1,0,0.87,0:48:38
8525,1,140.9563293457031,36.63,1,0,0.87,0:48:29
8526,1,10.054220199584961,36.63,1,0,0.87,0:46:41
8527,1,9.401751518249512,36.63,1,0,0.87,0:43:18
8528,1,1667.119140625,36.63,1,0,0.87,0:46:57
8529,1,154.2129364013672,36.63,0,1,0.87,0:49:07
8530,1,263.2875366210938,36.63,0,1,0.87,0:46:12
8531,1,22.17125129699707,36.63,0,1,0.87,0:48:29
8532,1,14.566981315612788,36.63,0,1,0.87,0:46:42
8533,1,232.9170684814453,36.63,0,1,0.87,0:47:29
8534,1,259.998291015625,36.63,1,0,0.87,0:47:47
8535,1,320.0387878417969,36.63,0,1,0.87,0:45:50
8536,1,3.6919877529144287,36.63,1,0,0.87,0:45:05
8537,1,13.074999809265142,36.63,1,0,0.87,0:47:54
8538,1,140.58866882324222,36.63,0,1,0.87,0:48:20
8539,1,101.0947265625,36.63,0,1,0.87,0:48:17
8540,1,252.5192565917969,36.63,1,0,0.87,0:46:20
8541,1,298.6752014160156,36.63,0,1,0.87,0:45:59
8542,1,24.17752647399902,36.63,1,0,0.87,0:47:27
8543,1,15.09849548339844,36.63,0,1,0.87,0:45:52
8544,1,37.34151840209961,36.63,1,0,0.87,0:47:50
8545,1,29.08253288269043,36.63,0,1,0.87,0:46:29
8546,1,16.83619689941406,36.63,1,0,0.87,0:43:37
8547,1,36.19046020507812,36.63,1,0,0.87,0:43:54
8548,1,281.7467041015625,36.63,0,1,0.87,0:48:55
8549,1,83.9320068359375,36.63,1,0,0.87,0:45:33
8550,1,39.58017349243164,36.63,0,1,0.87,0:45:33
8551,1,128.1840515136719,36.63,0,1,0.87,0:45:14
8552,1,157.0261993408203,36.63,1,0,0.87,0:47:46
8553,1,47.62214660644531,36.63,1,0,0.87,0:47:24
8554,1,5.854857444763184,36.63,0,1,0.87,0:48:03
8555,1,1.475898504257202,36.63,0,1,0.87,0:48:54
8556,1,399.9556579589844,36.63,1,0,0.87,0:44:52
8557,1,51.87637710571289,36.63,0,1,0.87,0:48:46
8558,1,625.64306640625,36.63,0,1,0.87,0:48:46
8559,1,31.71040916442871,36.63,0,1,0.87,0:46:28
8560,1,35.90165328979492,36.63,1,0,0.87,0:45:33
8561,1,226.0135192871094,36.63,0,1,0.87,0:48:13
8562,1,447.4283447265625,36.63,0,1,0.87,0:46:08
8563,1,259.998291015625,36.63,1,0,0.87,0:46:38
8564,1,614.4942016601562,36.63,1,0,0.87,0:47:20
8565,1,7.640096187591553,36.63,1,0,0.87,0:48:14
8566,1,1452.274169921875,36.63,0,1,0.87,0:46:02
8567,1,209.2183990478516,36.63,0,1,0.87,0:47:10
8568,1,7.640096187591553,36.63,0,1,0.87,0:48:13
8569,1,15.55781936645508,36.63,0,1,0.87,0:46:54
8570,1,22.11793327331543,36.63,0,1,0.87,0:48:13
8571,1,146.1344451904297,36.63,0,1,0.87,0:47:44
8572,1,131.3699645996094,36.63,1,0,0.87,0:49:03
8573,1,213.8687438964844,36.63,0,1,0.87,0:47:10
8574,1,7.965522289276122,36.63,1,0,0.87,0:46:39
8575,1,161.0099945068359,36.63,0,1,0.87,0:47:04
8576,1,0.0,36.63,0,1,0.87,0:47:41
8577,1,105.6290054321289,36.63,0,1,0.87,0:48:06
8578,1,35.90165328979492,36.63,0,1,0.87,0:47:10
8579,1,10.44776248931885,36.63,0,1,0.87,0:48:16
8580,1,10.44183731079102,36.63,1,0,0.87,0:45:11
8581,1,266.2826538085938,36.63,0,1,0.87,0:46:17
8582,1,52.71562576293945,36.63,1,0,0.87,0:44:20
8583,1,39.543739318847656,36.63,1,0,0.87,0:46:50
8584,1,24.00068283081055,36.63,1,0,0.87,0:42:34
8585,1,41.30780410766602,36.63,0,1,0.87,0:49:02
8586,1,189.2773132324219,36.63,1,0,0.87,0:46:33
8587,1,25.44406318664551,36.63,0,1,0.87,0:47:46
8588,1,287.84716796875,36.63,0,1,0.87,0:46:07
8589,1,196.8123321533203,36.63,1,0,0.87,0:43:43
8590,1,25.44406318664551,36.63,1,0,0.87,0:47:46
8591,1,6.912918567657473,36.63,1,0,0.87,0:47:04
8592,1,182.8298187255859,36.63,0,1,0.87,0:46:34
8593,1,127.01202392578121,36.63,1,0,0.87,0:45:03
8594,1,159.9830627441406,36.63,1,0,0.87,0:47:52
8595,1,181.5143737792969,36.63,0,1,0.87,0:46:27
8596,1,309.1738891601562,36.63,0,1,0.87,0:47:47
8597,1,232.5149993896484,36.63,0,1,0.87,0:48:25
8598,1,10.44183731079102,36.63,1,0,0.87,0:47:44
8599,1,264.794677734375,36.63,1,0,0.87,0:47:23
8600,1,110.1000442504883,36.63,1,0,0.87,0:47:48
8601,1,14.566981315612788,36.63,1,0,0.87,0:43:54
8602,1,25.25222396850586,36.63,1,0,0.87,0:46:05
8603,1,1483.9854736328118,36.63,1,0,0.87,0:44:53
8604,1,259.998291015625,36.63,1,0,0.87,0:45:51
8605,1,1186.648193359375,36.63,1,0,0.87,0:46:29
8606,1,47.94073104858398,36.63,0,1,0.87,0:48:07
8607,1,320.0387878417969,36.63,0,1,0.87,0:49:01
8608,1,51.877418518066406,36.63,1,0,0.87,0:46:13
8609,1,47.94073104858398,36.63,1,0,0.87,0:43:29
8610,1,254.7844543457031,36.63,0,1,0.87,0:47:52
8611,1,23.3547534942627,36.63,1,0,0.87,0:48:34
8612,1,217.9929351806641,36.63,1,0,0.87,0:46:42
8613,1,376.7197570800781,36.63,0,1,0.87,0:46:01
8614,1,3.8192260265350337,36.63,1,0,0.87,0:48:33
8615,1,1310.919799804688,36.63,1,0,0.87,0:46:28
8616,1,244.1101379394531,36.63,1,0,0.87,0:42:52
8617,1,204.4991760253906,36.63,1,0,0.87,0:47:20
8618,1,78.38982391357422,36.63,0,1,0.87,0:47:46
8619,1,138.0673675537109,36.63,1,0,0.87,0:46:36
8620,1,1137.075439453125,36.63,0,1,0.87,0:47:39
8621,1,943.02783203125,36.63,1,0,0.87,0:48:00
8622,1,225.5588531494141,36.63,0,1,0.87,0:48:37
8623,1,259.998291015625,36.63,1,0,0.87,0:43:27
8624,1,10.44183731079102,36.63,0,1,0.87,0:46:27
8625,1,7.058139324188232,36.63,0,1,0.87,0:47:22
8626,1,15.87454223632812,36.63,1,0,0.87,0:46:59
8627,1,127.01202392578121,36.63,0,1,0.87,0:46:35
8628,1,61.94044494628906,36.63,1,0,0.87,0:48:06
8629,1,35.90165328979492,36.63,1,0,0.87,0:49:07
8630,1,238.9402923583984,36.63,1,0,0.87,0:45:14
8631,1,4.932308197021484,36.63,1,0,0.87,0:48:01
8632,1,1.4977959394454958,36.63,1,0,0.87,0:47:39
8633,1,159.2595977783203,36.63,1,0,0.87,0:47:46
8634,1,263.49282836914057,36.63,0,1,0.87,0:47:24
8635,1,142.3699798583984,36.63,1,0,0.87,0:47:45
8636,1,202.9051818847656,36.63,0,1,0.87,0:48:46
8637,1,20.45665168762207,36.63,1,0,0.87,0:48:04
8638,1,149.1394653320312,36.63,1,0,0.87,0:48:03
8639,1,259.998291015625,36.63,1,0,0.87,0:48:14
8640,1,221.5890655517578,36.63,0,1,0.87,0:48:05
8641,1,8.212539672851562,36.63,1,0,0.87,0:46:26
8642,1,221.5890655517578,36.63,0,1,0.87,0:48:06
8643,1,82.00800323486328,36.63,1,0,0.87,0:49:53
8644,1,224.8154296875,36.63,0,1,0.87,0:48:21
8645,1,274.2550659179688,36.63,0,1,0.87,0:50:01
8646,1,67.96146392822266,36.63,1,0,0.87,0:48:06
8647,1,251.0,36.63,1,0,0.87,0:44:34
8648,1,157.2373657226562,36.63,0,1,0.87,0:46:35
8649,1,131.4553527832031,36.63,0,1,0.87,0:47:02
8650,1,10.44776248931885,36.63,1,0,0.87,0:44:38
8651,1,1.85408878326416,36.63,1,0,0.87,0:48:07
8652,1,33.08090591430664,36.63,1,0,0.87,0:48:49
8653,1,676.4351806640625,36.63,1,0,0.87,0:47:39
8654,1,175.8120269775391,36.63,0,1,0.87,0:47:03
8655,1,11.05302143096924,36.63,1,0,0.87,0:41:24
8656,1,263.6666870117188,36.63,1,0,0.87,0:41:14
8657,1,6.262023448944093,36.63,0,1,0.87,0:49:14
8658,1,15.55781936645508,36.63,0,1,0.87,0:48:47
8659,1,181.5143737792969,36.63,1,0,0.87,0:49:19
8660,1,226.47772216796884,36.63,0,1,0.87,0:44:25
8661,1,181.5143737792969,36.63,0,1,0.87,0:49:19
8662,1,92.55355834960938,36.63,0,1,0.87,0:47:43
8663,1,16.84739112854004,36.63,1,0,0.87,0:47:46
8664,1,86.84709167480469,36.63,0,1,0.87,0:48:39
8665,1,3.880396127700806,36.63,0,1,0.87,0:47:01
8666,1,67.66303253173828,36.63,0,1,0.87,0:49:11
8667,1,191.9766082763672,36.63,1,0,0.87,0:44:38
8668,1,218.9133148193359,36.63,0,1,0.87,0:49:23
8669,1,10.44776248931885,36.63,0,1,0.87,0:43:15
8670,1,35.65705490112305,36.63,1,0,0.87,0:46:37
8671,1,3.624743461608887,36.63,0,1,0.87,0:46:32
8672,1,634.6715087890625,36.63,1,0,0.87,0:46:21
8673,1,286.3065490722656,36.63,0,1,0.87,0:45:29
8674,1,187.2318572998047,36.63,1,0,0.87,0:45:48
8675,1,180.2863311767578,36.63,1,0,0.87,0:49:10
8676,1,67.15016174316406,36.63,1,0,0.87,0:46:18
8677,1,25.39257431030273,36.63,0,1,0.87,0:47:53
8678,1,1046.732788085938,36.63,0,1,0.87,0:46:07
8679,1,149.1394653320312,36.63,0,1,0.87,0:48:51
8680,1,64.54953002929689,36.63,1,0,0.87,0:46:26
8681,1,384.0559692382812,36.63,0,1,0.87,0:46:08
8682,1,1525.08740234375,36.63,1,0,0.87,0:48:06
8683,1,128.6258697509766,36.63,1,0,0.87,0:47:02
8684,1,55.22239303588867,36.63,1,0,0.87,0:45:59
8685,1,5.02255392074585,36.63,1,0,0.87,0:48:13
8686,1,41.12240600585938,36.63,0,1,0.87,0:48:03
8687,1,100.21678924560551,36.63,1,0,0.87,0:47:55
8688,1,7.662844181060791,36.63,1,0,0.87,0:48:26
8689,1,320.4460144042969,36.63,0,1,0.87,0:46:39
8690,1,42.00186157226562,36.63,0,1,0.87,0:47:58
8691,1,93.76361846923828,36.63,0,1,0.87,0:46:55
8692,1,36.52098846435547,36.63,0,1,0.87,0:47:26
8693,1,12.82390880584717,36.63,0,1,0.87,0:46:31
8694,1,153.4354248046875,36.63,0,1,0.87,0:45:51
8695,1,32.734729766845696,36.63,1,0,0.87,0:44:12
8696,1,16.60160827636719,36.63,1,0,0.87,0:45:24
8697,1,25.37751960754395,36.63,0,1,0.87,0:46:21
8698,1,58.93083190917969,36.63,0,1,0.87,0:48:34
8699,1,35.90165328979492,36.63,1,0,0.87,0:51:06
8700,1,22.02380752563477,36.63,1,0,0.87,0:49:04
8701,1,16.83182334899902,36.63,1,0,0.87,0:48:53
8702,1,109.1946792602539,36.63,1,0,0.87,0:46:57
8703,1,98.38727569580078,36.63,1,0,0.87,0:46:22
8704,1,259.998291015625,36.63,1,0,0.87,0:46:40
8705,1,172.369873046875,36.63,0,1,0.87,0:47:38
8706,1,98.79670715332031,36.63,1,0,0.87,0:46:52
8707,1,86.05166625976562,36.63,0,1,0.87,0:47:55
8708,1,220.4040222167969,36.63,1,0,0.87,0:48:13
8709,1,281.21353149414057,36.63,0,1,0.87,0:44:52
8710,1,376.4162902832031,36.63,1,0,0.87,0:44:21
8711,1,289.8502197265625,36.63,1,0,0.87,0:41:19
8712,1,20.64476203918457,36.63,1,0,0.87,0:48:28
8713,1,484.7640075683594,36.63,0,1,0.87,0:46:07
8714,1,430.595458984375,36.63,1,0,0.87,0:45:23
8715,1,292.6250610351562,36.63,1,0,0.87,0:45:02
8716,1,140.6603088378906,36.63,1,0,0.87,0:50:10
8717,1,883.9678344726562,36.63,0,1,0.87,0:48:37
8718,1,271.85086059570307,36.63,1,0,0.87,0:44:32
8719,1,220.4040222167969,36.63,0,1,0.87,0:47:43
8720,1,267.5184326171875,36.63,1,0,0.87,0:44:30
8721,1,26.796489715576172,36.63,1,0,0.87,0:40:46
8722,1,2154.8720703125,36.63,0,1,0.87,0:46:07
8723,1,10.44183731079102,36.63,1,0,0.87,0:47:31
8724,1,160.6837005615234,36.63,0,1,0.87,0:46:15
8725,1,407.7540283203125,36.63,1,0,0.87,0:47:09
8726,1,33.1964111328125,36.63,1,0,0.87,0:47:13
8727,1,77.97574615478516,36.63,0,1,0.87,0:47:53
8728,1,10.44183731079102,36.63,0,1,0.87,0:48:11
8729,1,61.94044494628906,36.63,0,1,0.87,0:46:27
8730,1,7.965522289276122,36.63,0,1,0.87,0:49:41
8731,1,2554.609619140625,36.63,1,0,0.87,0:44:06
8732,1,8.686963081359862,36.63,0,1,0.87,0:46:32
8733,1,4.784560680389403,36.63,1,0,0.87,0:47:01
8734,1,421.3871459960938,36.63,1,0,0.87,0:44:22
8735,1,231.5160369873047,36.63,1,0,0.87,0:47:06
8736,1,0.5217891335487366,36.63,0,1,0.87,0:45:44
8737,1,259.998291015625,36.63,1,0,0.87,0:49:16
8738,1,315.6446228027344,36.63,1,0,0.87,0:47:20
8739,1,16.84739112854004,36.63,0,1,0.87,0:47:10
8740,1,408.3877258300781,36.63,1,0,0.87,0:41:42
8741,1,231.2846984863281,36.63,1,0,0.87,0:47:39
8742,1,9.22296905517578,36.63,1,0,0.87,0:45:57
8743,1,24.5399284362793,36.63,0,1,0.87,0:48:10
8744,1,10.44183731079102,36.63,1,0,0.87,0:46:49
8745,1,1596.6729736328118,36.63,0,1,0.87,0:44:46
8746,1,237.6291656494141,36.63,0,1,0.87,0:49:04
8747,1,9.22296905517578,36.63,0,1,0.87,0:49:14
8748,1,194.4599151611328,36.63,0,1,0.87,0:48:39
8749,1,305.2084350585938,36.63,1,0,0.87,0:45:54
8750,1,198.1594390869141,36.63,1,0,0.87,0:47:36
8751,1,7.118226528167725,36.63,0,1,0.87,0:47:19
8752,1,2.790159702301025,36.63,0,1,0.87,0:47:04
8753,1,23.42546081542969,36.63,0,1,0.87,0:48:27
8754,1,7.058139324188232,36.63,1,0,0.87,0:48:02
8755,1,28.003864288330078,36.63,0,1,0.87,0:48:29
8756,1,36.19046020507812,36.63,1,0,0.87,0:48:32
8757,1,149.1394653320312,36.63,1,0,0.87,0:48:14
8758,1,105.0149307250977,36.63,1,0,0.87,0:47:50
8759,1,146.0377807617188,36.63,0,1,0.87,0:46:49
8760,1,137.57452392578122,36.63,0,1,0.87,0:45:53
8761,1,13.52747440338135,36.63,0,1,0.87,0:46:59
8762,1,220.8075714111328,36.63,0,1,0.87,0:46:09
8763,1,73.63004302978516,36.63,1,0,0.87,0:41:52
8764,1,159.2595977783203,36.63,1,0,0.87,0:43:15
8765,1,209.2183990478516,36.63,1,0,0.87,0:45:32
8766,1,204.4991760253906,36.63,1,0,0.87,0:46:40
8767,1,258.83737182617193,36.63,0,1,0.87,0:50:02
8768,1,138.9033355712891,36.63,0,1,0.87,0:48:45
8769,1,27.48559188842773,36.63,1,0,0.87,0:44:52
8770,1,91.7226791381836,36.63,1,0,0.87,0:47:32
8771,1,259.998291015625,36.63,0,1,0.87,0:45:56
8772,1,74.23316192626953,36.63,0,1,0.87,0:47:46
8773,1,2758.343505859375,36.63,0,1,0.87,0:48:12
8774,1,38.46767807006836,36.63,0,1,0.87,0:48:11
8775,1,198.6672515869141,36.63,0,1,0.87,0:47:41
8776,1,22.02380752563477,36.63,1,0,0.87,0:47:12
8777,1,47.9645881652832,36.63,1,0,0.87,0:44:09
8778,1,266.2826538085938,36.63,0,1,0.87,0:47:55
8779,1,194.29931640625,36.63,1,0,0.87,0:46:10
8780,1,233.2363739013672,36.63,1,0,0.87,0:47:21
8781,1,282.1475219726562,36.63,0,1,0.87,0:47:06
8782,1,10.44183731079102,36.63,0,1,0.87,0:47:32
8783,1,89.75890350341797,36.63,0,1,0.87,0:48:07
8784,1,41.98091506958008,36.63,1,0,0.87,0:45:24
8785,1,23.51996421813965,36.63,0,1,0.87,0:46:59
8786,1,25.04593086242676,36.63,1,0,0.87,0:46:54
8787,1,301.4603271484375,36.63,1,0,0.87,0:47:45
8788,1,30.4487247467041,36.63,0,1,0.87,0:48:33
8789,1,266.2826538085938,36.63,0,1,0.87,0:47:48
8790,1,119.1880340576172,36.63,1,0,0.87,0:48:58
8791,1,237.4246978759766,36.63,1,0,0.87,0:45:39
8792,1,647.6728515625,36.63,1,0,0.87,0:47:14
8793,1,259.998291015625,36.63,1,0,0.87,0:46:16
8794,1,8.357962608337402,36.63,1,0,0.87,0:48:02
8795,1,55.27118682861328,36.63,1,0,0.87,0:47:27
8796,1,187.0788269042969,36.63,1,0,0.87,0:46:45
8797,1,251.0852508544922,36.63,1,0,0.87,0:45:47
8798,1,499.9349060058594,36.63,1,0,0.87,0:47:15
8799,1,140.6603088378906,36.63,0,1,0.87,0:45:39
8800,1,18.05331420898438,36.63,0,1,0.87,0:48:59
8801,1,197.583984375,36.63,1,0,0.87,0:48:36
8802,1,35.76298522949219,36.63,1,0,0.87,0:43:59
8803,1,259.998291015625,36.63,1,0,0.87,0:46:56
8804,1,1831.0819091796882,36.63,0,1,0.87,0:45:48
8805,1,233.2363739013672,36.63,1,0,0.87,0:48:36
8806,1,295.9783935546875,36.63,1,0,0.87,0:46:24
8807,1,93.76361846923828,36.63,1,0,0.87,0:48:19
8808,1,259.998291015625,36.63,1,0,0.87,0:46:59
8809,1,42.68008041381836,36.63,1,0,0.87,0:44:28
8810,1,187.9427490234375,36.63,1,0,0.87,0:46:09
8811,1,123.3999710083008,36.63,1,0,0.87,0:47:21
8812,1,484.7640075683594,36.63,1,0,0.87,0:49:26
8813,1,100.1167373657227,36.63,1,0,0.87,0:48:01
8814,1,182.3301696777344,36.63,0,1,0.87,0:46:28
8815,1,451.0260314941406,36.63,1,0,0.87,0:49:10
8816,1,10.44183731079102,36.63,0,1,0.87,0:48:25
8817,1,215.4762725830078,36.63,1,0,0.87,0:47:26
8818,1,1.720813989639282,36.63,0,1,0.87,0:45:25
8819,1,72.4607925415039,36.63,1,0,0.87,0:47:43
8820,1,49.04265213012695,36.63,1,0,0.87,0:46:57
8821,1,4.932308197021484,36.63,1,0,0.87,0:46:39
8822,1,3.920108318328857,36.63,0,1,0.87,0:44:30
8823,1,7.058139324188232,36.63,1,0,0.87,0:43:41
8824,1,57.82163619995117,36.63,0,1,0.87,0:41:57
8825,1,298.6752014160156,36.63,0,1,0.87,0:47:17
8826,1,197.583984375,36.63,1,0,0.87,0:44:27
8827,1,18.51820373535156,36.63,0,1,0.87,0:47:06
8828,1,126.81414794921879,36.63,1,0,0.87,0:45:56
8829,1,81.68286895751953,36.63,1,0,0.87,0:47:11
8830,1,180.60455322265616,36.63,1,0,0.87,0:47:24
8831,1,181.5143737792969,36.63,0,1,0.87,0:49:15
8832,1,248.9492492675781,36.63,0,1,0.87,0:46:53
8833,1,206.4197082519531,36.63,1,0,0.87,0:48:34
8834,1,134.82609558105472,36.63,1,0,0.87,0:47:06
8835,1,182.04888916015616,36.63,0,1,0.87,0:49:09
8836,1,14.32654094696045,36.63,0,1,0.87,0:47:55
8837,1,92.42916870117188,36.63,1,0,0.87,0:48:28
8838,1,75.51422882080078,36.63,0,1,0.87,0:48:12
8839,1,147.3282012939453,36.63,1,0,0.87,0:47:15
8840,1,1354.186645507812,36.63,1,0,0.87,0:45:42
8841,1,142.3699798583984,36.63,1,0,0.87,0:48:36
8842,1,36.19046020507812,36.63,0,1,0.87,0:47:36
8843,1,24.5399284362793,36.63,1,0,0.87,0:46:27
8844,1,270.18362426757807,36.63,1,0,0.87,0:46:03
8845,1,781.3602294921875,36.63,1,0,0.87,0:43:50
8846,1,10.054220199584961,36.63,1,0,0.87,0:47:04
8847,1,3.8890023231506343,36.63,0,1,0.87,0:47:31
8848,1,10.44183731079102,36.63,0,1,0.87,0:47:44
8849,1,37.85586547851562,36.63,0,1,0.87,0:47:31
8850,1,137.57452392578122,36.63,0,1,0.87,0:48:43
8851,1,167.9832916259766,36.63,0,1,0.87,0:47:56
8852,1,37.14537048339844,36.63,1,0,0.87,0:42:44
8853,1,191.9058990478516,36.63,0,1,0.87,0:47:56
8854,1,7.965522289276122,36.63,0,1,0.87,0:49:46
8855,1,216.5602569580078,36.63,1,0,0.87,0:46:47
8856,1,43.49929809570312,36.63,1,0,0.87,0:47:03
8857,1,181.5143737792969,36.63,0,1,0.87,0:47:40
8858,1,197.41845703125,36.63,0,1,0.87,0:45:29
8859,1,4.016949653625488,36.63,0,1,0.87,0:49:34
8860,1,1596.6729736328118,36.63,0,1,0.87,0:48:02
8861,1,3.920108318328857,36.63,1,0,0.87,0:44:32
8862,1,92.49187469482422,36.63,0,1,0.87,0:49:47
8863,1,822.3980712890625,36.63,0,1,0.87,0:48:05
8864,1,91.7226791381836,36.63,1,0,0.87,0:47:24
8865,1,94.3494644165039,36.63,1,0,0.87,0:46:16
8866,1,1186.648193359375,36.63,0,1,0.87,0:50:16
8867,1,15.55781936645508,36.63,0,1,0.87,0:48:32
8868,1,156.2656097412109,36.63,0,1,0.87,0:48:40
8869,1,151.7768249511719,36.63,1,0,0.87,0:48:10
8870,1,18.05331420898438,36.63,0,1,0.87,0:47:09
8871,1,224.0181884765625,36.63,1,0,0.87,0:46:32
8872,1,354.8083801269531,36.63,0,1,0.87,0:47:45
8873,1,538.6483154296875,36.63,1,0,0.87,0:47:38
8874,1,11.57025718688965,36.63,0,1,0.87,0:48:33
8875,1,319.9195251464844,36.63,1,0,0.87,0:45:56
8876,1,384.0559692382812,36.63,0,1,0.87,0:43:16
8877,1,10.44183731079102,36.63,1,0,0.87,0:46:44
8878,1,10.44183731079102,36.63,1,0,0.87,0:49:49
8879,1,181.5143737792969,36.63,0,1,0.87,0:43:04
8880,1,27.96543884277344,36.63,1,0,0.87,0:48:15
8881,1,273.12026977539057,36.63,1,0,0.87,0:46:03
8882,1,181.5143737792969,36.63,0,1,0.87,0:46:44
8883,1,29.3641471862793,36.63,1,0,0.87,0:45:29
8884,1,266.2826538085938,36.63,0,1,0.87,0:47:52
8885,1,14.32654094696045,36.63,0,1,0.87,0:49:25
8886,1,1046.732788085938,36.63,0,1,0.87,0:48:13
8887,1,198.1594390869141,36.63,1,0,0.87,0:46:32
8888,1,421.3871459960938,36.63,1,0,0.87,0:48:38
8889,1,307.5173950195312,36.63,0,1,0.87,0:49:38
8890,1,47.86614990234375,36.63,1,0,0.87,0:47:42
8891,1,12.32128620147705,36.63,1,0,0.87,0:48:34
8892,1,181.5143737792969,36.63,0,1,0.87,0:49:05
8893,1,31.97005462646484,36.63,0,1,0.87,0:48:27
8894,1,76.2506103515625,36.63,0,1,0.87,0:46:05
8895,1,183.2224578857422,36.63,1,0,0.87,0:44:49
8896,1,232.5149993896484,36.63,0,1,0.87,0:49:18
8897,1,221.5890655517578,36.63,1,0,0.87,0:45:44
8898,1,1831.0819091796882,36.63,0,1,0.87,0:48:06
8899,1,99.9486083984375,36.63,1,0,0.87,0:46:33
8900,1,146.087158203125,36.63,1,0,0.87,0:47:58
8901,1,7.058139324188232,36.63,1,0,0.87,0:50:07
8902,1,254.7844543457031,36.63,1,0,0.87,0:46:56
8903,1,213.9208221435547,36.63,1,0,0.87,0:48:34
8904,1,131.4553527832031,36.63,0,1,0.87,0:46:29
8905,1,308.5097351074219,36.63,1,0,0.87,0:48:02
8906,1,182.7666320800781,36.63,1,0,0.87,0:48:12
8907,1,10.96754741668701,36.63,0,1,0.87,0:48:15
8908,1,4.194859027862549,36.63,1,0,0.87,0:52:24
8909,1,1105.029907226562,36.63,1,0,0.87,0:44:24
8910,1,614.4942016601562,36.63,0,1,0.87,0:49:36
8911,1,1.6206616163253782,36.63,0,1,0.87,0:45:26
8912,1,438.8058166503906,36.63,1,0,0.87,0:45:33
8913,1,220.8075714111328,36.63,1,0,0.87,0:45:36
8914,1,2.9999067783355717,36.63,0,1,0.87,0:47:03
8915,1,470.5228881835938,36.63,1,0,0.87,0:47:11
8916,1,84.15882873535156,36.63,0,1,0.87,0:47:48
8917,1,55.65824508666992,36.63,0,1,0.87,0:48:05
8918,1,158.7407836914062,36.63,1,0,0.87,0:48:33
8919,1,215.5704803466797,36.63,0,1,0.87,0:43:35
8920,1,187.2318572998047,36.63,0,1,0.87,0:48:50
8921,1,279.2320556640625,36.63,0,1,0.87,0:49:17
8922,1,330.508056640625,36.63,0,1,0.87,0:47:01
8923,1,220.304931640625,36.63,1,0,0.87,0:48:56
8924,1,56.084815979003906,36.63,1,0,0.87,0:48:42
8925,1,149.1394653320312,36.63,1,0,0.87,0:48:01
8926,1,68.40601348876953,36.63,1,0,0.87,0:43:27
8927,1,179.58062744140616,36.63,1,0,0.87,0:45:56
8928,1,12.0,36.63,1,0,0.87,0:49:06
8929,1,180.2863311767578,36.63,0,1,0.87,0:46:51
8930,1,153.0057525634766,36.63,1,0,0.87,0:45:45
8931,1,109.5122451782227,36.63,0,1,0.87,0:48:27
8932,1,188.2260437011719,36.63,0,1,0.87,0:49:07
8933,1,75.45740509033203,36.63,1,0,0.87,0:45:28
8934,1,259.998291015625,36.63,1,0,0.87,0:46:25
8935,1,64.54953002929689,36.63,0,1,0.87,0:47:59
8936,1,47.74106216430664,36.63,1,0,0.87,0:47:54
8937,1,5.675545692443848,36.63,1,0,0.87,0:47:53
8938,1,10.68994998931885,36.63,1,0,0.87,0:48:08
8939,1,181.5143737792969,36.63,0,1,0.87,0:49:19
8940,1,126.71713256835942,36.63,1,0,0.87,0:47:51
8941,1,248.1461334228516,36.63,1,0,0.87,0:45:16
8942,1,431.0684814453125,36.63,1,0,0.87,0:45:16
8943,1,220.8075714111328,36.63,1,0,0.87,0:45:17
8944,2,259.998291015625,36.63,0,1,0.87,0:47:42
8945,1,177.1923370361328,36.63,0,1,0.87,0:48:47
8946,1,1046.732788085938,36.63,0,1,0.87,0:47:36
8947,1,10.44183731079102,36.63,0,1,0.87,0:47:49
8948,1,239.9764556884766,36.63,1,0,0.87,0:46:42
8949,1,249.1081848144531,36.63,0,1,0.87,0:44:51
8950,1,10.44183731079102,36.63,1,0,0.87,0:46:21
8951,1,1623.9774169921882,36.63,0,1,0.87,0:46:43
8952,1,23.06686782836914,36.63,1,0,0.87,0:47:34
8953,1,251.763916015625,36.63,1,0,0.87,0:47:53
8954,1,181.5143737792969,36.63,0,1,0.87,0:49:05
8955,1,188.2588348388672,36.63,1,0,0.87,0:45:20
8956,1,10.44183731079102,36.63,0,1,0.87,0:46:32
8957,1,73.22622680664062,36.63,1,0,0.87,0:47:16
8958,1,157.4949645996094,36.63,1,0,0.87,0:47:17
8959,1,35.65705490112305,36.63,1,0,0.87,0:49:38
8960,1,91.7226791381836,36.63,1,0,0.87,0:50:35
8961,1,222.7997283935547,36.63,0,1,0.87,0:46:30
8962,1,149.5798187255859,36.63,1,0,0.87,0:46:43
8963,1,197.583984375,36.63,0,1,0.87,0:48:15
8964,1,421.3871459960938,36.63,1,0,0.87,0:47:16
8965,1,641.8574829101562,36.63,0,1,0.87,0:45:47
8966,1,320.0387878417969,36.63,1,0,0.87,0:48:13
8967,1,431.0298461914062,36.63,0,1,0.87,0:47:49
8968,1,151.0,36.63,1,0,0.87,0:36:58
8969,1,194.29931640625,36.63,0,1,0.87,0:48:15
8970,1,226.05609130859384,36.63,1,0,0.87,0:45:59
8971,1,13.027480125427251,36.63,1,0,0.87,0:42:34
8972,1,6.262023448944093,36.63,0,1,0.87,0:47:12
8973,1,21.52046775817871,36.63,1,0,0.87,0:47:18
8974,1,187.5206451416016,36.63,0,1,0.87,0:48:30
8975,1,407.7540283203125,36.63,0,1,0.87,0:47:37
8976,1,1525.08740234375,36.63,0,1,0.87,0:48:48
8977,1,275.064453125,36.63,0,1,0.87,0:47:39
8978,1,69.55359649658203,36.63,0,1,0.87,0:47:26
8979,1,676.4351806640625,36.63,0,1,0.87,0:48:36
8980,1,19.13476181030273,36.63,1,0,0.87,0:46:02
8981,1,175.8120269775391,36.63,0,1,0.87,0:48:43
8982,2,148.55224609375,36.63,1,0,0.87,0:49:11
8983,1,181.5143737792969,36.63,0,1,0.87,0:47:22
8984,1,248.5931549072266,36.63,0,1,0.87,0:46:05
8985,1,24.55533409118652,36.63,1,0,0.87,0:42:16
8986,1,18.05331420898438,36.63,0,1,0.87,0:48:29
8987,1,1596.6729736328118,36.63,0,1,0.87,0:48:11
8988,1,9.36025619506836,36.63,0,1,0.87,0:49:11
8989,1,16.66305160522461,36.63,0,1,0.87,0:47:38
8990,1,36.044578552246094,36.63,1,0,0.87,0:45:16
8991,1,779.2720947265625,36.63,0,1,0.87,0:48:34
8992,1,286.8392639160156,36.63,0,1,0.87,0:49:27
8993,1,24.17752647399902,36.63,1,0,0.87,0:45:16
8994,1,293.3560791015625,36.63,1,0,0.87,0:49:07
8995,1,1873.6971435546882,36.63,0,1,0.87,0:47:20
8996,1,91.7226791381836,36.63,0,1,0.87,0:46:36
8997,1,211.1024017333984,36.63,1,0,0.87,0:46:19
8998,1,45.05546951293945,36.63,0,1,0.87,0:47:57
8999,1,9.87485122680664,36.63,0,1,0.87,0:49:53
9000,1,1976.76318359375,36.63,0,1,0.87,0:45:37
9001,1,7.965522289276122,36.63,1,0,0.87,0:47:50
9002,1,113.38473510742192,36.63,1,0,0.87,0:49:23
9003,1,233.2363739013672,36.63,1,0,0.87,0:48:19
9004,1,259.998291015625,36.63,0,1,0.87,0:48:07
9005,1,283.2055053710938,36.63,1,0,0.87,0:46:31
9006,1,19.54772758483887,36.63,1,0,0.87,0:46:37
9007,1,15.09849548339844,36.63,1,0,0.87,0:46:30
9008,1,185.56158447265616,36.63,0,1,0.87,0:45:44
9009,1,236.900634765625,36.63,1,0,0.87,0:42:43
9010,1,91.7226791381836,36.63,1,0,0.87,0:47:25
9011,1,275.03494262695307,36.63,1,0,0.87,0:47:32
9012,1,51.94340515136719,36.63,1,0,0.87,0:45:53
9013,1,8.194785118103027,36.63,1,0,0.87,0:48:49
9014,1,50.04737091064453,36.63,1,0,0.87,0:46:12
9015,1,108.0,36.63,0,1,0.87,0:46:25
9016,1,11.0,36.63,1,0,0.87,0:47:45
9017,1,202.67291259765616,36.63,1,0,0.87,0:47:48
9018,1,12.32605266571045,36.63,0,1,0.87,0:46:29
9019,1,298.6752014160156,36.63,0,1,0.87,0:46:41
9020,1,331.5245056152344,36.63,1,0,0.87,0:47:13
9021,1,89.6968994140625,36.63,1,0,0.87,0:45:01
9022,1,7.150104522705077,36.63,0,1,0.87,0:48:21
9023,1,10.44183731079102,36.63,0,1,0.87,0:47:57
9024,1,71.8073501586914,36.63,0,1,0.87,0:47:58
9025,1,12.0,36.63,0,1,0.87,0:48:11
9026,1,331.5245056152344,36.63,0,1,0.87,0:48:00
9027,1,95.1444320678711,36.63,1,0,0.87,0:48:02
9028,1,376.7197570800781,36.63,1,0,0.87,0:47:23
9029,1,338.82861328125,36.63,0,1,0.87,0:50:10
9030,1,160.4954223632812,36.63,0,1,0.87,0:49:17
9031,1,149.9436340332031,36.63,1,0,0.87,0:46:25
9032,1,290.1136779785156,36.63,0,1,0.87,0:49:09
9033,1,213.9208221435547,36.63,1,0,0.87,0:45:35
9034,1,976.9442138671876,36.63,1,0,0.87,0:48:53
9035,1,195.2724914550781,36.63,1,0,0.87,0:47:25
9036,1,527.400390625,36.63,1,0,0.87,0:45:40
9037,1,22.12597465515137,36.63,1,0,0.87,0:48:28
9038,1,77.22608184814453,36.63,1,0,0.87,0:47:23
9039,1,335.0653076171875,36.63,0,1,0.87,0:47:53
9040,1,484.7640075683594,36.63,0,1,0.87,0:47:31
9041,1,259.998291015625,36.63,0,1,0.87,0:46:37
9042,1,57.4091796875,36.63,1,0,0.87,0:44:15
9043,1,308.7740783691406,36.63,0,1,0.87,0:48:39
9044,1,12.82390880584717,36.63,1,0,0.87,0:46:32
9045,1,1976.76318359375,36.63,0,1,0.87,0:46:19
9046,1,254.7844543457031,36.63,0,1,0.87,0:46:55
9047,1,44.67582702636719,36.63,0,1,0.87,0:47:43
9048,1,287.84716796875,36.63,1,0,0.87,0:46:33
9049,1,10.054220199584961,36.63,1,0,0.87,0:53:18
9050,1,222.9563446044922,36.63,1,0,0.87,0:46:48
9051,1,568.9352416992188,36.63,1,0,0.87,0:47:47
9052,1,42.68008041381836,36.63,1,0,0.87,0:47:46
9053,1,86.84709167480469,36.63,1,0,0.87,0:44:25
9054,1,659.7076416015625,36.63,1,0,0.87,0:47:20
9055,1,180.95611572265616,36.63,1,0,0.87,0:50:12
9056,1,16.00442504882812,36.63,1,0,0.87,0:48:29
9057,1,24.55533409118652,36.63,1,0,0.87,0:47:55
9058,1,266.2826538085938,36.63,0,1,0.87,0:48:48
9059,1,286.6631469726562,36.63,1,0,0.87,0:48:33
9060,1,8.621955871582031,36.63,0,1,0.87,0:43:54
9061,1,291.1369323730469,36.63,1,0,0.87,0:48:38
9062,1,2.790159702301025,36.63,1,0,0.87,0:45:45
9063,1,259.998291015625,36.63,1,0,0.87,0:46:41
9064,1,287.5038757324219,36.63,0,1,0.87,0:50:01
9065,1,147.2928314208984,36.63,0,1,0.87,0:49:36
9066,1,62.85785675048828,36.63,1,0,0.87,0:45:52
9067,1,2136.445068359375,36.63,1,0,0.87,0:49:39
9068,1,1897.159912109375,36.63,0,1,0.87,0:48:11
9069,1,183.58514404296884,36.63,1,0,0.87,0:51:17
9070,1,108.9886856079102,36.63,1,0,0.87,0:45:21
9071,1,259.998291015625,36.63,1,0,0.87,0:47:11
9072,1,2554.609619140625,36.63,1,0,0.87,0:48:39
9073,1,316.1632080078125,36.63,0,1,0.87,0:47:01
9074,1,335.8079223632812,36.63,0,1,0.87,0:48:10
9075,1,167.9832916259766,36.63,0,1,0.87,0:48:16
9076,1,226.47772216796884,36.63,1,0,0.87,0:49:13
9077,1,137.57452392578122,36.63,0,1,0.87,0:50:36
9078,1,428.0295104980469,36.63,1,0,0.87,0:49:23
9079,1,15.224977493286133,36.63,0,1,0.87,0:47:28
9080,1,7.756523132324219,36.63,0,1,0.87,0:46:17
9081,1,4.69460391998291,36.63,1,0,0.87,0:46:01
9082,1,8.212539672851562,36.63,0,1,0.87,0:47:17
9083,1,137.57452392578122,36.63,0,1,0.87,0:47:07
9084,1,120.8983688354492,36.63,1,0,0.87,0:46:55
9085,1,17.69648551940918,36.63,0,1,0.87,0:48:35
9086,1,203.7216644287109,36.63,0,1,0.87,0:47:15
9087,1,1089.23193359375,36.63,1,0,0.87,0:46:14
9088,1,724.8308715820312,36.63,0,1,0.87,0:46:01
9089,1,140.6603088378906,36.63,0,1,0.87,0:49:44
9090,1,611.3375244140625,36.63,1,0,0.87,0:44:13
9091,1,43.62190246582031,36.63,1,0,0.87,0:47:06
9092,1,59.33108520507812,36.63,0,1,0.87,0:46:54
9093,1,424.544677734375,36.63,0,1,0.87,0:46:40
9094,1,91.7226791381836,36.63,1,0,0.87,0:47:38
9095,1,118.5949020385742,36.63,1,0,0.87,0:42:15
9096,1,292.6283569335938,36.63,0,1,0.87,0:47:34
9097,1,135.00054931640622,36.63,1,0,0.87,0:47:31
9098,1,6.489360332489014,36.63,1,0,0.87,0:47:10
9099,1,1089.23193359375,36.63,1,0,0.87,0:46:16
9100,1,263.49282836914057,36.63,0,1,0.87,0:47:46
9101,1,194.6166076660156,36.63,0,1,0.87,0:48:33
9102,1,69.10917663574219,36.63,0,1,0.87,0:48:43
9103,1,18.05331420898438,36.63,1,0,0.87,0:46:08
9104,1,1300.004516601562,36.63,1,0,0.87,0:46:47
9105,1,6.19499397277832,36.63,0,1,0.87,0:47:12
9106,1,1525.08740234375,36.63,0,1,0.87,0:50:08
9107,1,10.75895500183105,36.63,1,0,0.87,0:48:10
9108,1,259.11691284179693,36.63,1,0,0.87,0:48:25
9109,1,675.5631103515625,36.63,0,1,0.87,0:47:39
9110,1,91.7226791381836,36.63,0,1,0.87,0:48:35
9111,1,232.5149993896484,36.63,1,0,0.87,0:47:52
9112,1,149.1394653320312,36.63,0,1,0.87,0:47:30
9113,1,75.07860565185547,36.63,0,1,0.87,0:48:53
9114,1,37.71017074584961,36.63,1,0,0.87,0:46:11
9115,1,278.0731201171875,36.63,0,1,0.87,0:47:50
9116,1,21.08057022094727,36.63,0,1,0.87,0:50:06
9117,1,196.8123321533203,36.63,0,1,0.87,0:47:08
9118,1,24.25078392028809,36.63,0,1,0.87,0:47:39
9119,1,268.12387084960943,36.63,1,0,0.87,0:40:49
9120,1,10.44776248931885,36.63,1,0,0.87,0:52:12
9121,2,195.37335205078116,36.63,0,1,0.87,0:47:05
9122,1,4.710267543792725,36.63,1,0,0.87,0:46:59
9123,1,35.90165328979492,36.63,0,1,0.87,0:46:40
9124,2,27.48541641235352,36.63,1,0,0.87,0:47:02
9125,1,19.77367401123047,36.63,1,0,0.87,0:47:13
9126,1,140.9563293457031,36.63,0,1,0.87,0:48:58
9127,1,58.662315368652344,36.63,1,0,0.87,0:47:55
9128,1,21.08057022094727,36.63,1,0,0.87,0:44:57
9129,1,8.0,36.63,1,0,0.87,0:47:43
9130,1,67.32421875,36.63,0,1,0.87,0:46:19
9131,1,181.5143737792969,36.63,1,0,0.87,0:48:30
9132,1,287.5200805664062,36.63,1,0,0.87,0:48:02
9133,1,31.97005462646484,36.63,0,1,0.87,0:49:08
9134,1,321.1102600097656,36.63,1,0,0.87,0:44:04
9135,1,3.118554830551147,36.63,1,0,0.87,0:44:23
9136,1,1507.7174072265618,36.63,0,1,0.87,0:49:44
9137,1,14.566981315612788,36.63,1,0,0.87,0:49:23
9138,1,184.17340087890616,36.63,1,0,0.87,0:48:12
9139,2,180.7409820556641,36.63,1,0,0.87,0:43:25
9140,1,429.09521484375,36.63,0,1,0.87,0:46:04
9141,1,51.94340515136719,36.63,0,1,0.87,0:47:19
9142,1,105.6290054321289,36.63,1,0,0.87,0:49:33
9143,1,38.128883361816406,36.63,0,1,0.87,0:48:02
9144,1,1509.999267578125,36.63,1,0,0.87,0:48:48
9145,1,58.93083190917969,36.63,1,0,0.87,0:47:00
9146,1,315.6446228027344,36.63,1,0,0.87,0:44:31
9147,1,184.8102874755859,36.63,0,1,0.87,0:48:02
9148,1,24.55533409118652,36.63,1,0,0.87,0:46:18
9149,1,16.84739112854004,36.63,1,0,0.87,0:44:59
9150,1,89.73096466064453,36.63,1,0,0.87,0:48:46
9151,1,20.15006828308105,36.63,1,0,0.87,0:46:36
9152,1,11.05302143096924,36.63,0,1,0.87,0:49:12
9153,1,159.2595977783203,36.63,0,1,0.87,0:48:54
9154,1,15.55781936645508,36.63,0,1,0.87,0:44:34
9155,1,-0.3166392743587494,36.63,1,0,0.87,0:48:11
9156,1,181.5143737792969,36.63,0,1,0.87,0:48:21
9157,1,416.1348876953125,36.63,1,0,0.87,0:48:20
9158,1,224.26727294921884,36.63,1,0,0.87,0:48:07
9159,1,331.5713806152344,36.63,0,1,0.87,0:46:31
9160,1,71.65493774414062,36.63,0,1,0.87,0:49:02
9161,1,2758.343505859375,36.63,1,0,0.87,0:48:21
9162,1,137.6639404296875,36.63,0,1,0.87,0:46:53
9163,1,841.2716064453125,36.63,1,0,0.87,0:46:39
9164,1,7.309962749481201,36.63,1,0,0.87,0:49:51
9165,1,20.052143096923828,36.63,0,1,0.87,0:47:14
9166,1,237.6291656494141,36.63,1,0,0.87,0:43:02
9167,1,109.80496215820308,36.63,1,0,0.87,0:45:06
9168,1,271.45523071289057,36.63,1,0,0.87,0:43:03
9169,1,167.9832916259766,36.63,0,1,0.87,0:46:17
9170,1,28.49021911621094,36.63,0,1,0.87,0:45:59
9171,1,266.2826538085938,36.63,1,0,0.87,0:43:15
9172,1,104.33702850341801,36.63,1,0,0.87,0:48:28
9173,1,31.97005462646484,36.63,0,1,0.87,0:46:57
9174,1,12.58986759185791,36.63,0,1,0.87,0:44:39
9175,1,376.7197570800781,36.63,1,0,0.87,0:47:28
9176,1,14.566981315612788,36.63,1,0,0.87,0:47:35
9177,1,373.4143981933594,36.63,0,1,0.87,0:45:53
9178,1,139.7259826660156,36.63,1,0,0.87,0:44:57
9179,1,9.70685577392578,36.63,0,1,0.87,0:46:47
9180,1,35.91743850708008,36.63,1,0,0.87,0:49:48
9181,1,38.46767807006836,36.63,0,1,0.87,0:48:47
9182,1,614.4942016601562,36.63,0,1,0.87,0:48:44
9183,1,134.62226867675778,36.63,1,0,0.87,0:48:22
9184,1,10.44183731079102,36.63,0,1,0.87,0:44:15
9185,1,15.55781936645508,36.63,0,1,0.87,0:47:57
9186,1,7.776358127593994,36.63,0,1,0.87,0:49:04
9187,1,91.7226791381836,36.63,0,1,0.87,0:47:36
9188,1,19.07254981994629,36.63,1,0,0.87,0:51:28
9189,1,39.12737655639648,36.63,0,1,0.87,0:44:59
9190,1,14.566981315612788,36.63,0,1,0.87,0:46:35
9191,1,91.7226791381836,36.63,1,0,0.87,0:47:23
9192,1,376.4162902832031,36.63,1,0,0.87,0:44:38
9193,1,196.8123321533203,36.63,0,1,0.87,0:46:43
9194,1,254.7844543457031,36.63,1,0,0.87,0:47:08
9195,1,44.3205680847168,36.63,1,0,0.87,0:47:32
9196,1,205.6886901855469,36.63,0,1,0.87,0:48:44
9197,1,13.315147399902338,36.63,0,1,0.87,0:47:25
9198,1,13.346641540527338,36.63,1,0,0.87,0:51:54
9199,1,237.6291656494141,36.63,1,0,0.87,0:46:32
9200,1,251.7782897949219,36.63,1,0,0.87,0:46:40
9201,1,227.4163818359375,36.63,1,0,0.87,0:48:30
9202,1,91.46649932861328,36.63,1,0,0.87,0:42:51
9203,1,14.32654094696045,36.63,0,1,0.87,0:49:54
9204,1,6.065486431121826,36.63,1,0,0.87,0:47:39
9205,1,192.6400146484375,36.63,1,0,0.87,0:48:16
9206,1,350.0142822265625,36.63,1,0,0.87,0:48:17
9207,1,11.86605930328369,36.63,0,1,0.87,0:48:56
9208,1,17.91849517822266,36.63,1,0,0.87,0:48:23
9209,1,587.6226196289062,36.63,0,1,0.87,0:48:24
9210,1,41.13945007324219,36.63,1,0,0.87,0:47:48
9211,1,131.0602111816406,36.63,1,0,0.87,0:49:10
9212,1,263.76736450195307,36.63,1,0,0.87,0:47:39
9213,1,266.2826538085938,36.63,0,1,0.87,0:46:29
9214,1,10.44776248931885,36.63,0,1,0.87,0:46:53
9215,1,179.3947906494141,36.63,1,0,0.87,0:46:48
9216,1,198.6544494628906,36.63,1,0,0.87,0:47:12
9217,1,179.3947906494141,36.63,1,0,0.87,0:46:49
9218,1,140.58866882324222,36.63,0,1,0.87,0:47:44
9219,1,19.24552345275879,36.63,1,0,0.87,0:49:04
9220,1,96.02049255371094,36.63,0,1,0.87,0:48:58
9221,1,6.262023448944093,36.63,1,0,0.87,0:47:11
9222,1,11.05302143096924,36.63,0,1,0.87,0:46:03
9223,1,153.4354248046875,36.63,1,0,0.87,0:47:01
9224,1,321.9679870605469,36.63,0,1,0.87,0:47:02
9225,1,27.23297309875488,36.63,0,1,0.87,0:49:03
9226,1,1517.81298828125,36.63,0,1,0.87,0:46:52
9227,1,15.5554141998291,36.63,1,0,0.87,0:47:44
9228,1,2758.343505859375,36.63,0,1,0.87,0:50:13
9229,1,64.65290069580078,36.63,1,0,0.87,0:48:33
9230,1,254.7844543457031,36.63,0,1,0.87,0:48:24
9231,1,25.39257431030273,36.63,0,1,0.87,0:48:49
9232,1,614.4942016601562,36.63,0,1,0.87,0:49:05
9233,1,4.0,36.63,0,1,0.87,0:44:31
9234,1,159.0066070556641,36.63,1,0,0.87,0:43:22
9235,1,2.7546546459198,36.63,0,1,0.87,0:45:53
9236,1,1300.004516601562,36.63,0,1,0.87,0:48:19
9237,1,233.2363739013672,36.63,1,0,0.87,0:42:58
9238,1,137.57452392578122,36.63,1,0,0.87,0:48:35
9239,1,137.57452392578122,36.63,0,1,0.87,0:48:35
9240,1,22.25241279602051,36.63,1,0,0.87,0:46:08
9241,1,194.29931640625,36.63,1,0,0.87,0:48:47
9242,1,294.6338195800781,36.63,1,0,0.87,0:49:59
9243,1,261.6927490234375,36.63,0,1,0.87,0:47:34
9244,1,181.5143737792969,36.63,1,0,0.87,0:47:19
9245,1,205.3276519775391,36.63,0,1,0.87,0:46:28
9246,1,1596.6729736328118,36.63,1,0,0.87,0:49:16
9247,1,71.8073501586914,36.63,1,0,0.87,0:48:42
9248,1,43.62190246582031,36.63,1,0,0.87,0:47:44
9249,1,516.3578491210939,36.63,0,1,0.87,0:49:13
9250,1,62.27024841308594,36.63,0,1,0.87,0:50:18
9251,1,248.38470458984384,36.63,0,1,0.87,0:46:32
9252,1,69.55393981933594,36.63,1,0,0.87,0:46:30
9253,1,90.98815155029295,36.63,0,1,0.87,0:50:18
9254,1,24.55533409118652,36.63,1,0,0.87,0:47:36
9255,1,149.9436340332031,36.63,1,0,0.87,0:48:12
9256,1,231.2846984863281,36.63,1,0,0.87,0:48:33
9257,1,36.16746139526367,36.63,1,0,0.87,0:45:35
9258,1,24.80491638183594,36.63,0,1,0.87,0:48:23
9259,1,19.07254981994629,36.63,0,1,0.87,0:47:21
9260,1,11.57025718688965,36.63,1,0,0.87,0:47:02
9261,1,39.50500869750977,36.63,1,0,0.87,0:49:57
9262,1,222.6811370849609,36.63,1,0,0.87,0:46:00
9263,1,149.1394653320312,36.63,0,1,0.87,0:47:14
9264,1,41.98091506958008,36.63,1,0,0.87,0:43:25
9265,1,33.1964111328125,36.63,1,0,0.87,0:47:33
9266,1,377.5501098632812,36.63,1,0,0.87,0:45:59
9267,1,95.42633819580078,36.63,1,0,0.87,0:46:41
9268,1,32.20459365844727,36.63,0,1,0.87,0:46:45
9269,1,116.9839324951172,36.63,0,1,0.87,0:47:40
9270,1,1596.6729736328118,36.63,0,1,0.87,0:48:38
9271,1,235.5627136230469,36.63,0,1,0.87,0:48:55
9272,1,290.667724609375,36.63,1,0,0.87,0:47:06
9273,1,4.784560680389403,36.63,0,1,0.87,0:48:19
9274,1,90.16681671142578,36.63,0,1,0.87,0:48:07
9275,1,1511.9442138671882,36.63,1,0,0.87,0:47:01
9276,1,951.3828735351562,36.63,0,1,0.87,0:45:07
9277,1,228.6362762451172,36.63,1,0,0.87,0:48:40
9278,1,320.0387878417969,36.63,1,0,0.87,0:44:04
9279,1,484.7640075683594,36.63,1,0,0.87,0:47:55
9280,1,3.4519014358520512,36.63,1,0,0.87,0:46:59
9281,1,159.9830627441406,36.63,1,0,0.87,0:48:13
9282,1,222.7997283935547,36.63,0,1,0.87,0:47:23
9283,1,313.3936462402344,36.63,1,0,0.87,0:45:43
9284,1,282.0519104003906,36.63,1,0,0.87,0:47:47
9285,1,10.44183731079102,36.63,0,1,0.87,0:48:46
9286,1,358.776123046875,36.63,1,0,0.87,0:46:38
9287,1,9.87485122680664,36.63,1,0,0.87,0:42:11
9288,1,108.6681900024414,36.63,0,1,0.87,0:49:27
9289,1,137.57452392578122,36.63,0,1,0.87,0:48:52
9290,1,263.1090087890625,36.63,0,1,0.87,0:43:24
9291,1,15.55781936645508,36.63,0,1,0.87,0:48:50
9292,1,231.4605865478516,36.63,0,1,0.87,0:48:22
9293,1,12.0,36.63,1,0,0.87,0:48:16
9294,1,8.241552352905272,36.63,0,1,0.87,0:51:35
9295,1,614.4942016601562,36.63,1,0,0.87,0:46:41
9296,1,56.084815979003906,36.63,0,1,0.87,0:48:26
9297,1,20.48820495605469,36.63,1,0,0.87,0:46:04
9298,1,208.3194885253906,36.63,1,0,0.87,0:48:18
9299,1,51.87065505981445,36.63,1,0,0.87,0:44:24
9300,1,2133.544677734375,36.63,1,0,0.87,0:45:27
9301,1,199.8629608154297,36.63,0,1,0.87,0:47:01
9302,1,114.05325317382808,36.63,1,0,0.87,0:46:50
9303,1,140.9563293457031,36.63,1,0,0.87,0:49:58
9304,1,181.5143737792969,36.63,0,1,0.87,0:46:19
9305,1,166.5124816894531,36.63,1,0,0.87,0:47:38
9306,1,179.744384765625,36.63,1,0,0.87,0:48:48
9307,1,197.583984375,36.63,1,0,0.87,0:48:11
9308,1,6.938945770263673,36.63,0,1,0.87,0:48:32
9309,1,29.45329856872559,36.63,1,0,0.87,0:49:25
9310,1,91.7226791381836,36.63,0,1,0.87,0:45:39
9311,1,10.820194244384773,36.63,0,1,0.87,0:48:36
9312,1,2.335977554321289,36.63,1,0,0.87,0:47:35
9313,1,39.47004318237305,36.63,1,0,0.87,0:52:08
9314,1,2229.72216796875,36.63,0,1,0.87,0:49:17
9315,1,1473.49462890625,36.63,0,1,0.87,0:46:14
9316,1,264.586181640625,36.63,1,0,0.87,0:45:10
9317,1,179.3947906494141,36.63,1,0,0.87,0:49:32
9318,1,187.46075439453116,36.63,1,0,0.87,0:46:39
9319,1,222.7997283935547,36.63,1,0,0.87,0:51:18
9320,1,1.667970061302185,36.63,1,0,0.87,0:49:09
9321,1,2.952972412109375,36.63,1,0,0.87,0:44:34
9322,1,16.84739112854004,36.63,0,1,0.87,0:47:06
9323,1,301.8386535644531,36.63,1,0,0.87,0:49:07
9324,1,611.3375244140625,36.63,1,0,0.87,0:47:14
9325,1,233.2363739013672,36.63,0,1,0.87,0:48:54
9326,1,24.55533409118652,36.63,0,1,0.87,0:46:09
9327,1,149.1394653320312,36.63,0,1,0.87,0:48:14
9328,1,38.32305526733398,36.63,1,0,0.87,0:47:34
9329,1,213.7963562011719,36.63,1,0,0.87,0:49:44
9330,1,0.5162138938903809,36.63,1,0,0.87,0:46:37
9331,1,71.8073501586914,36.63,0,1,0.87,0:44:42
9332,1,259.998291015625,36.63,1,0,0.87,0:46:34
9333,1,275.6912841796875,36.63,0,1,0.87,0:49:11
9334,1,287.5038757324219,36.63,1,0,0.87,0:49:27
9335,1,1401.8861083984382,36.63,1,0,0.87,0:45:41
9336,1,72.4607925415039,36.63,1,0,0.87,0:50:51
9337,1,16.83182334899902,36.63,1,0,0.87,0:43:35
9338,1,369.5801086425781,36.63,0,1,0.87,0:47:41
9339,1,91.7226791381836,36.63,0,1,0.87,0:48:02
9340,1,56.084815979003906,36.63,0,1,0.87,0:48:50
9341,1,193.0198669433594,36.63,0,1,0.87,0:47:32
9342,1,148.55224609375,36.63,1,0,0.87,0:46:42
9343,1,291.1369323730469,36.63,1,0,0.87,0:42:44
9344,1,142.3699798583984,36.63,1,0,0.87,0:42:47
9345,1,278.0731201171875,36.63,0,1,0.87,0:48:49
9346,1,248.6919403076172,36.63,1,0,0.87,0:47:34
9347,1,74.23316192626953,36.63,1,0,0.87,0:48:43
9348,1,219.39703369140616,36.63,1,0,0.87,0:45:02
9349,1,36.52098846435547,36.63,1,0,0.87,0:47:57
9350,1,3.920108318328857,36.63,0,1,0.87,0:44:24
9351,1,195.2724914550781,36.63,0,1,0.87,0:47:37
9352,1,126.8194808959961,36.63,1,0,0.87,0:46:12
9353,1,115.0462417602539,36.63,1,0,0.87,0:48:34
9354,1,1631.184326171875,36.63,0,1,0.87,0:46:02
9355,1,146.087158203125,36.63,1,0,0.87,0:48:34
9356,1,614.4942016601562,36.63,1,0,0.87,0:47:41
9357,1,259.998291015625,36.63,1,0,0.87,0:48:08
9358,1,16.83182334899902,36.63,0,1,0.87,0:49:21
9359,1,10.65797519683838,36.63,1,0,0.87,0:48:53
9360,1,91.7226791381836,36.63,0,1,0.87,0:49:38
9361,1,7.309962749481201,36.63,1,0,0.87,0:51:42
9362,1,320.0387878417969,36.63,1,0,0.87,0:45:47
9363,1,15.859853744506841,36.63,0,1,0.87,0:46:47
9364,1,4.016949653625488,36.63,0,1,0.87,0:48:49
9365,1,138.3571929931641,36.63,0,1,0.87,0:49:17
9366,1,46.29955291748047,36.63,1,0,0.87,0:48:15
9367,1,16.84739112854004,36.63,1,0,0.87,0:44:43
9368,1,271.45523071289057,36.63,1,0,0.87,0:45:42
9369,1,291.1369323730469,36.63,1,0,0.87,0:43:57
9370,1,152.9394073486328,36.63,1,0,0.87,0:43:51
9371,1,181.5143737792969,36.63,0,1,0.87,0:47:31
9372,1,939.2636108398438,36.63,1,0,0.87,0:48:41
9373,1,216.0,36.63,1,0,0.87,0:47:35
9374,1,10.44183731079102,36.63,0,1,0.87,0:47:37
9375,1,10.44776248931885,36.63,0,1,0.87,0:48:46
9376,1,122.5372314453125,36.63,0,1,0.87,0:44:34
9377,1,146.0377807617188,36.63,1,0,0.87,0:46:57
9378,1,105.6290054321289,36.63,1,0,0.87,0:44:47
9379,1,18.26655006408691,36.63,0,1,0.87,0:49:38
9380,1,25.39257431030273,36.63,0,1,0.87,0:48:23
9381,1,131.3699645996094,36.63,1,0,0.87,0:52:43
9382,1,328.505859375,36.63,0,1,0.87,0:47:13
9383,1,46.9530029296875,36.63,1,0,0.87,0:48:11
9384,1,137.57452392578122,36.63,0,1,0.87,0:44:54
9385,1,10.56740665435791,36.63,1,0,0.87,0:48:03
9386,1,767.4879150390625,36.63,1,0,0.87,0:47:42
9387,1,23.19246101379395,36.63,1,0,0.87,0:47:02
9388,1,288.2652893066406,36.63,1,0,0.87,0:45:55
9389,1,45.05546951293945,36.63,1,0,0.87,0:48:07
9390,1,31.52193450927734,36.63,1,0,0.87,0:47:02
9391,1,10.44183731079102,36.63,1,0,0.87,0:46:50
9392,1,380.0,36.63,0,1,0.87,0:47:57
9393,1,779.2720947265625,36.63,0,1,0.87,0:46:27
9394,1,86.84709167480469,36.63,1,0,0.87,0:47:21
9395,1,20.15006828308105,36.63,1,0,0.87,0:47:19
9396,1,141.0436401367188,36.63,0,1,0.87,0:47:21
9397,1,328.505859375,36.63,0,1,0.87,0:50:27
9398,1,181.3811187744141,36.63,0,1,0.87,0:47:51
9399,1,56.084815979003906,36.63,0,1,0.87,0:47:09
9400,1,10.44183731079102,36.63,0,1,0.87,0:47:20
9401,1,320.0387878417969,36.63,1,0,0.87,0:47:10
9402,1,0.8513793349266052,36.63,0,1,0.87,0:48:27
9403,1,1623.9774169921882,36.63,1,0,0.87,0:44:53
9404,1,181.5143737792969,36.63,0,1,0.87,0:48:51
9405,1,57.21894454956055,36.63,1,0,0.87,0:48:14
9406,1,614.4942016601562,36.63,0,1,0.87,0:47:34
9407,1,550.989990234375,36.63,1,0,0.87,0:45:51
9408,1,10.44183731079102,36.63,1,0,0.87,0:47:25
9409,1,291.1369323730469,36.63,1,0,0.87,0:47:49
9410,1,225.7191925048828,36.63,0,1,0.87,0:49:21
9411,1,14.566981315612788,36.63,0,1,0.87,0:45:17
9412,1,52.79186630249023,36.63,1,0,0.87,0:48:16
9413,1,286.8392639160156,36.63,1,0,0.87,0:45:19
9414,1,2229.72216796875,36.63,1,0,0.87,0:48:51
9415,1,31.71040916442871,36.63,0,1,0.87,0:47:28
9416,1,232.2775726318359,36.63,0,1,0.87,0:45:01
9417,1,779.2720947265625,36.63,0,1,0.87,0:45:27
9418,1,31.781719207763672,36.63,0,1,0.87,0:46:53
9419,1,91.7226791381836,36.63,0,1,0.87,0:47:27
9420,1,16.83182334899902,36.63,1,0,0.87,0:47:52
9421,1,91.46649932861328,36.63,0,1,0.87,0:47:19
9422,1,4.784560680389403,36.63,1,0,0.87,0:44:58
9423,1,52.04446411132812,36.63,1,0,0.87,0:49:50
9424,1,103.3260650634766,36.63,1,0,0.87,0:41:23
9425,1,63.12728118896485,36.63,0,1,0.87,0:47:37
9426,1,291.1369323730469,36.63,1,0,0.87,0:45:59
9427,1,152.9394073486328,36.63,0,1,0.87,0:49:16
9428,1,69.01016235351561,36.63,1,0,0.87,0:44:07
9429,1,201.4784851074219,36.63,0,1,0.87,0:48:02
9430,1,278.0640869140625,36.63,0,1,0.87,0:48:49
9431,1,321.1102600097656,36.63,1,0,0.87,0:49:08
9432,1,31.74819564819336,36.63,0,1,0.87,0:48:41
9433,1,233.2363739013672,36.63,1,0,0.87,0:47:27
9434,1,251.0852508544922,36.63,1,0,0.87,0:47:47
9435,1,44.61593246459961,36.63,1,0,0.87,0:52:44
9436,1,10.06689834594727,36.63,1,0,0.87,0:48:13
9437,2,242.7269287109375,36.63,1,0,0.87,0:39:53
9438,1,377.5501098632812,36.63,0,1,0.87,0:45:57
9439,1,24.60376167297363,36.63,1,0,0.87,0:47:43
9440,1,72.69342041015625,36.63,1,0,0.87,0:47:47
9441,1,181.5143737792969,36.63,0,1,0.87,0:49:15
9442,1,146.5431671142578,36.63,1,0,0.87,0:48:19
9443,1,270.8564453125,36.63,0,1,0.87,0:46:56
9444,1,67.39388275146484,36.63,1,0,0.87,0:47:36
9445,1,326.2150268554688,36.63,1,0,0.87,0:50:39
9446,1,34.05735397338867,36.63,1,0,0.87,0:49:51
9447,1,279.22900390625,36.63,1,0,0.87,0:47:56
9448,1,109.1946792602539,36.63,1,0,0.87,0:48:13
9449,1,143.1148223876953,36.63,0,1,0.87,0:48:20
9450,1,279.22900390625,36.63,0,1,0.87,0:47:56
9451,1,13.074999809265142,36.63,0,1,0.87,0:45:47
9452,1,13.076358795166021,36.63,1,0,0.87,0:47:11
9453,1,611.3375244140625,36.63,1,0,0.87,0:49:10
9454,1,108.5486068725586,36.63,1,0,0.87,0:49:58
9455,1,49.261985778808594,36.63,1,0,0.87,0:47:42
9456,1,224.8154296875,36.63,1,0,0.87,0:48:37
9457,1,159.9830627441406,36.63,1,0,0.87,0:48:25
9458,1,2670.009765625,36.63,0,1,0.87,0:48:09
9459,1,214.3064422607422,36.63,1,0,0.87,0:41:04
9460,1,259.998291015625,36.63,0,1,0.87,0:48:04
9461,1,35.90165328979492,36.63,1,0,0.87,0:41:15
9462,1,10.44183731079102,36.63,1,0,0.87,0:46:24
9463,1,185.9382781982422,36.63,1,0,0.87,0:48:47
9464,1,6.1690216064453125,36.63,0,1,0.87,0:48:35
9465,1,392.9354553222656,36.63,0,1,0.87,0:47:47
9466,1,22.98846054077148,36.63,1,0,0.87,0:48:14
9467,1,36.75872421264648,36.63,1,0,0.87,0:45:07
9468,2,148.55224609375,36.63,1,0,0.87,0:45:59
9469,1,27.48541641235352,36.63,1,0,0.87,0:45:15
9470,1,1333.847900390625,36.63,0,1,0.87,0:49:07
9471,1,2.220008850097656,36.63,0,1,0.87,0:48:53
9472,1,286.9538269042969,36.63,1,0,0.87,0:48:06
9473,1,3.920108318328857,36.63,0,1,0.87,0:47:19
9474,1,614.4942016601562,36.63,1,0,0.87,0:47:36
9475,1,89.94688415527344,36.63,0,1,0.87,0:46:30
9476,1,2.220008850097656,36.63,0,1,0.87,0:48:53
9477,1,137.57452392578122,36.63,0,1,0.87,0:48:43
9478,1,2.220008850097656,36.63,0,1,0.87,0:48:54
9479,1,42.10452270507812,36.63,1,0,0.87,0:46:23
9480,1,106.4007720947266,36.63,1,0,0.87,0:48:10
9481,1,42.10452270507812,36.63,1,0,0.87,0:46:23
9482,1,37.14537048339844,36.63,1,0,0.87,0:46:36
9483,1,187.5206451416016,36.63,1,0,0.87,0:44:53
9484,1,185.9382781982422,36.63,0,1,0.87,0:48:03
9485,1,9.36793613433838,36.63,1,0,0.87,0:44:29
9486,1,11.05302143096924,36.63,1,0,0.87,0:48:49
9487,1,43.998085021972656,36.63,1,0,0.87,0:46:48
9488,1,54.17758178710938,36.63,0,1,0.87,0:48:35
9489,1,259.2710571289062,36.63,0,1,0.87,0:48:23
9490,1,288.1201171875,36.63,1,0,0.87,0:48:34
9491,1,77.97574615478516,36.63,0,1,0.87,0:48:25
9492,1,10.44183731079102,36.63,0,1,0.87,0:49:24
9493,1,108.59677124023442,36.63,1,0,0.87,0:49:52
9494,1,187.5206451416016,36.63,1,0,0.87,0:48:28
9495,1,163.5979309082031,36.63,0,1,0.87,0:49:44
9496,1,149.1394653320312,36.63,0,1,0.87,0:48:56
9497,1,144.5455169677734,36.63,0,1,0.87,0:45:13
9498,1,407.7540283203125,36.63,0,1,0.87,0:46:47
9499,1,137.49957275390622,36.63,0,1,0.87,0:50:20
9500,1,273.54550170898443,36.63,1,0,0.87,0:44:39
9501,1,187.2318572998047,36.63,1,0,0.87,0:46:06
9502,1,27.80316543579102,36.63,0,1,0.87,0:49:33
9503,1,35.90165328979492,36.63,0,1,0.87,0:49:33
9504,1,1623.9774169921882,36.63,0,1,0.87,0:47:59
9505,1,91.7226791381836,36.63,0,1,0.87,0:49:41
9506,1,15.55781936645508,36.63,0,1,0.87,0:49:21
9507,1,10.44183731079102,36.63,0,1,0.87,0:49:21
9508,1,29.3641471862793,36.63,1,0,0.87,0:45:33
9509,1,2465.108642578125,36.63,1,0,0.87,0:48:54
9510,1,275.03494262695307,36.63,0,1,0.87,0:48:41
9511,1,10.06094741821289,36.63,1,0,0.87,0:40:24
9512,1,158.6006774902344,36.63,1,0,0.87,0:47:14
9513,1,16.83182334899902,36.63,0,1,0.87,0:46:16
9514,1,91.7226791381836,36.63,1,0,0.87,0:44:13
9515,1,344.7054748535156,36.63,1,0,0.87,0:48:21
9516,1,236.7088165283203,36.63,1,0,0.87,0:47:04
9517,1,192.7410583496094,36.63,0,1,0.87,0:49:56
9518,1,128.8774719238281,36.63,0,1,0.87,0:48:01
9519,1,239.3311767578125,36.63,0,1,0.87,0:45:57
9520,1,6.1690216064453125,36.63,0,1,0.87,0:47:27
9521,1,31.2812614440918,36.63,0,1,0.87,0:50:14
9522,1,14.566981315612788,36.63,1,0,0.87,0:47:33
9523,1,239.6719055175781,36.63,1,0,0.87,0:48:25
9524,1,254.7844543457031,36.63,1,0,0.87,0:47:34
9525,1,287.1083679199219,36.63,1,0,0.87,0:49:40
9526,1,287.1083679199219,36.63,0,1,0.87,0:49:40
9527,1,5.445359230041504,36.63,0,1,0.87,0:48:07
9528,1,8.777949333190918,36.63,1,0,0.87,0:49:45
9529,1,35.90165328979492,36.63,0,1,0.87,0:46:09
9530,1,16.84739112854004,36.63,0,1,0.87,0:47:29
9531,1,110.1000442504883,36.63,0,1,0.87,0:49:13
9532,1,50.50469589233398,36.63,1,0,0.87,0:47:06
9533,1,1596.6729736328118,36.63,1,0,0.87,0:44:56
9534,1,241.1450042724609,36.63,1,0,0.87,0:43:25
9535,1,30.17621803283691,36.63,1,0,0.87,0:48:41
9536,1,259.998291015625,36.63,1,0,0.87,0:43:36
9537,1,19.07254981994629,36.63,1,0,0.87,0:54:45
9538,1,93.0883560180664,36.63,1,0,0.87,0:49:00
9539,1,181.38885498046884,36.63,1,0,0.87,0:47:59
9540,1,1831.0819091796882,36.63,0,1,0.87,0:49:22
9541,1,237.6291656494141,36.63,1,0,0.87,0:47:44
9542,1,3.920108318328857,36.63,0,1,0.87,0:47:16
9543,1,149.1394653320312,36.63,1,0,0.87,0:43:50
9544,1,267.1992797851562,36.63,0,1,0.87,0:47:57
9545,1,179.06134033203116,36.63,1,0,0.87,0:48:18
9546,1,377.5501098632812,36.63,1,0,0.87,0:46:09
9547,1,135.6693115234375,36.63,0,1,0.87,0:47:27
9548,1,120.0959701538086,36.63,0,1,0.87,0:49:04
9549,1,259.998291015625,36.63,1,0,0.87,0:46:41
9550,1,77.22608184814453,36.63,1,0,0.87,0:46:25
9551,1,14.566981315612788,36.63,1,0,0.87,0:45:38
9552,1,4.8699212074279785,36.63,1,0,0.87,0:54:50
9553,1,232.5149993896484,36.63,0,1,0.87,0:48:46
9554,1,165.4194030761719,36.63,1,0,0.87,0:46:34
9555,1,3.742521524429321,36.63,1,0,0.87,0:48:52
9556,1,186.5994720458984,36.63,1,0,0.87,0:47:07
9557,1,77.97574615478516,36.63,0,1,0.87,0:49:11
9558,1,15.55781936645508,36.63,1,0,0.87,0:44:14
9559,1,614.4942016601562,36.63,0,1,0.87,0:48:48
9560,1,56.084815979003906,36.63,0,1,0.87,0:49:11
9561,1,34.535877227783196,36.63,0,1,0.87,0:46:32
9562,1,11.14187431335449,36.63,1,0,0.87,0:47:36
9563,1,180.95611572265616,36.63,0,1,0.87,0:46:02
9564,1,275.064453125,36.63,0,1,0.87,0:48:35
9565,1,614.4942016601562,36.63,0,1,0.87,0:48:15
9566,1,15.93889045715332,36.63,0,1,0.87,0:49:49
9567,1,18.26416397094727,36.63,1,0,0.87,0:49:18
9568,1,507.8547668457031,36.63,1,0,0.87,0:47:28
9569,1,6.090157508850098,36.63,0,1,0.87,0:49:49
9570,1,181.5143737792969,36.63,0,1,0.87,0:50:17
9571,1,343.6946105957031,36.63,0,1,0.87,0:46:20
9572,1,1631.184326171875,36.63,1,0,0.87,0:49:14
9573,1,206.8108062744141,36.63,1,0,0.87,0:48:07
9574,1,51.85509490966797,36.63,1,0,0.87,0:47:26
9575,1,269.0430908203125,36.63,0,1,0.87,0:48:07
9576,1,72.50276184082031,36.63,1,0,0.87,0:49:25
9577,1,72.50276184082031,36.63,0,1,0.87,0:49:25
9578,1,20.03082084655762,36.63,1,0,0.87,0:47:11
9579,1,10.44776248931885,36.63,0,1,0.87,0:48:34
9580,1,614.4942016601562,36.63,1,0,0.87,0:46:15
9581,1,211.7729034423828,36.63,0,1,0.87,0:48:52
9582,1,194.4599151611328,36.63,0,1,0.87,0:49:40
9583,1,37.9741325378418,36.63,1,0,0.87,0:45:13
9584,1,361.3132934570312,36.63,1,0,0.87,0:49:50
9585,1,16.84739112854004,36.63,1,0,0.87,0:48:44
9586,1,224.4749908447266,36.63,1,0,0.87,0:43:26
9587,1,181.5143737792969,36.63,1,0,0.87,0:44:57
9588,1,260.5658569335938,36.63,1,0,0.87,0:47:08
9589,1,544.2213134765625,36.63,1,0,0.87,0:49:11
9590,1,182.8298187255859,36.63,0,1,0.87,0:48:42
9591,1,10.75895500183105,36.63,1,0,0.87,0:49:10
9592,1,60.01331329345703,36.63,1,0,0.87,0:48:54
9593,1,1507.7174072265618,36.63,0,1,0.87,0:49:07
9594,1,21.0,36.63,0,1,0.87,0:48:25
9595,1,138.9033355712891,36.63,1,0,0.87,0:46:43
9596,1,398.2716369628906,36.63,0,1,0.87,0:49:32
9597,1,21.10091209411621,36.63,1,0,0.87,0:44:52
9598,1,26.53032493591309,36.63,0,1,0.87,0:48:37
9599,1,350.7449645996094,36.63,1,0,0.87,0:47:58
9600,1,222.81597900390616,36.63,1,0,0.87,0:46:29
9601,1,107.1270523071289,36.63,1,0,0.87,0:49:03
9602,1,10.96754741668701,36.63,1,0,0.87,0:48:27
9603,1,1311.276123046875,36.63,1,0,0.87,0:47:45
9604,1,9.618282318115234,36.63,0,1,0.87,0:49:20
9605,1,89.76289367675781,36.63,0,1,0.87,0:46:01
9606,1,181.5143737792969,36.63,1,0,0.87,0:50:12
9607,1,2103.939453125,36.63,1,0,0.87,0:48:53
9608,1,149.1394653320312,36.63,0,1,0.87,0:47:56
9609,1,17.05924987792969,36.63,0,1,0.87,0:49:49
9610,1,4.784560680389403,36.63,1,0,0.87,0:46:59
9611,1,187.163818359375,36.63,0,1,0.87,0:47:41
9612,1,225.4119415283203,36.63,1,0,0.87,0:49:33
9613,1,233.2363739013672,36.63,0,1,0.87,0:48:20
9614,1,1452.274169921875,36.63,0,1,0.87,0:47:48
9615,1,6.81743860244751,36.63,0,1,0.87,0:47:41
9616,1,1628.9993896484382,36.63,1,0,0.87,0:48:04
9617,1,218.9133148193359,36.63,0,1,0.87,0:47:44
9618,1,113.6131973266602,36.63,1,0,0.87,0:48:03
9619,1,22.76443481445312,36.63,0,1,0.87,0:48:43
9620,1,10.44776248931885,36.63,0,1,0.87,0:47:58
9621,1,232.5149993896484,36.63,1,0,0.87,0:47:04
9622,1,209.1282806396484,36.63,1,0,0.87,0:45:49
9623,1,225.9079742431641,36.63,0,1,0.87,0:46:43
9624,1,321.1102600097656,36.63,1,0,0.87,0:45:37
9625,1,1509.999267578125,36.63,0,1,0.87,0:47:47
9626,1,275.064453125,36.63,0,1,0.87,0:47:40
9627,1,263.49282836914057,36.63,0,1,0.87,0:45:32
9628,1,313.2484741210938,36.63,0,1,0.87,0:47:34
9629,1,277.34658813476557,36.63,1,0,0.87,0:47:27
9630,1,242.2535705566406,36.63,1,0,0.87,0:47:48
9631,1,36.968177795410156,36.63,0,1,0.87,0:42:29
9632,1,277.486328125,36.63,1,0,0.87,0:47:01
9633,1,75.33395385742188,36.63,0,1,0.87,0:47:12
9634,1,244.8513488769531,36.63,0,1,0.87,0:45:35
9635,1,5.020810604095459,36.63,0,1,0.87,0:48:28
9636,1,244.8513488769531,36.63,1,0,0.87,0:45:35
9637,1,84.10799407958984,36.63,0,1,0.87,0:49:27
9638,1,3.742521524429321,36.63,1,0,0.87,0:47:56
9639,1,149.1394653320312,36.63,0,1,0.87,0:49:06
9640,1,126.1217880249023,36.63,0,1,0.87,0:47:24
9641,1,2136.445068359375,36.63,1,0,0.87,0:46:37
9642,1,16.66305160522461,36.63,1,0,0.87,0:45:12
9643,1,113.2749862670898,36.63,1,0,0.87,0:47:24
9644,1,3.310425281524658,36.63,0,1,0.87,0:48:16
9645,1,291.1369323730469,36.63,1,0,0.87,0:49:32
9646,1,1371.919311523438,36.63,0,1,0.87,0:46:11
9647,1,67.09363555908203,36.63,0,1,0.87,0:46:04
9648,1,31.17976570129395,36.63,0,1,0.87,0:48:36
9649,1,90.76966857910156,36.63,1,0,0.87,0:50:10
9650,1,69.03296661376953,36.63,1,0,0.87,0:50:39
9651,1,255.9438323974609,36.63,1,0,0.87,0:48:58
9652,1,61.6694564819336,36.63,1,0,0.87,0:46:02
9653,1,1511.2135009765618,36.63,0,1,0.87,0:49:16
9654,1,10.44183731079102,36.63,1,0,0.87,0:41:23
9655,1,181.5143737792969,36.63,0,1,0.87,0:50:34
9656,1,243.2356109619141,36.63,0,1,0.87,0:47:50
9657,1,276.05001831054693,36.63,0,1,0.87,0:48:41
9658,1,4.56289529800415,36.63,1,0,0.87,0:45:45
9659,1,181.5143737792969,36.63,0,1,0.87,0:47:47
9660,1,29.1304931640625,36.63,0,1,0.87,0:49:41
9661,1,118.9077301025391,36.63,0,1,0.87,0:48:16
9662,1,31.97005462646484,36.63,0,1,0.87,0:49:56
9663,1,1816.216796875,36.63,0,1,0.87,0:45:15
9664,1,232.1054382324219,36.63,0,1,0.87,0:47:13
9665,1,285.6848449707031,36.63,0,1,0.87,0:47:24
9666,1,89.85609436035156,36.63,1,0,0.87,0:49:22
9667,1,232.8982238769531,36.63,1,0,0.87,0:44:46
9668,1,13.70660877227783,36.63,0,1,0.87,0:47:08
9669,1,39.47004318237305,36.63,1,0,0.87,0:51:00
9670,1,315.6446228027344,36.63,1,0,0.87,0:48:14
9671,1,288.2652893066406,36.63,0,1,0.87,0:48:30
9672,1,10.44183731079102,36.63,0,1,0.87,0:48:28
9673,1,213.9208221435547,36.63,0,1,0.87,0:50:06
9674,1,146.1344451904297,36.63,0,1,0.87,0:47:06
9675,1,49.32119750976562,36.63,1,0,0.87,0:46:49
9676,1,24.7951545715332,36.63,1,0,0.87,0:45:41
9677,1,10.44776248931885,36.63,0,1,0.87,0:49:18
9678,1,2049.058349609375,36.63,1,0,0.87,0:48:47
9679,1,349.0522155761719,36.63,0,1,0.87,0:46:59
9680,1,109.1841812133789,36.63,1,0,0.87,0:47:54
9681,1,10.44776248931885,36.63,1,0,0.87,0:49:31
9682,1,284.2620849609375,36.63,1,0,0.87,0:48:58
9683,1,232.5149993896484,36.63,0,1,0.87,0:47:37
9684,1,15.224977493286133,36.63,0,1,0.87,0:47:24
9685,1,232.9170684814453,36.63,1,0,0.87,0:48:39
9686,1,2229.72216796875,36.63,0,1,0.87,0:49:24
9687,1,287.84716796875,36.63,1,0,0.87,0:48:54
9688,1,287.84716796875,36.63,1,0,0.87,0:48:54
9689,1,255.7363433837891,36.63,1,0,0.87,0:47:46
9690,1,181.5143737792969,36.63,1,0,0.87,0:47:00
9691,1,11.7332706451416,36.63,0,1,0.87,0:48:18
9692,1,259.998291015625,36.63,1,0,0.87,0:43:16
9693,1,224.9872589111328,36.63,1,0,0.87,0:48:41
9694,1,196.9012298583984,36.63,0,1,0.87,0:49:45
9695,1,52.79186630249023,36.63,0,1,0.87,0:48:40
9696,1,271.39285278320307,36.63,0,1,0.87,0:47:11
9697,1,375.6900024414062,36.63,0,1,0.87,0:48:28
9698,1,91.7226791381836,36.63,0,1,0.87,0:49:38
9699,1,91.7226791381836,36.63,0,1,0.87,0:49:38
9700,1,10.96754741668701,36.63,0,1,0.87,0:47:30
9701,1,157.4949645996094,36.63,1,0,0.87,0:49:25
9702,1,14.447757720947273,36.63,0,1,0.87,0:47:00
9703,1,94.3544921875,36.63,0,1,0.87,0:43:32
9704,1,254.7844543457031,36.63,1,0,0.87,0:43:52
9705,1,192.7410583496094,36.63,1,0,0.87,0:49:02
9706,1,25.89585113525391,36.63,0,1,0.87,0:48:47
9707,1,229.8807525634766,36.63,0,1,0.87,0:48:25
9708,1,222.7997283935547,36.63,0,1,0.87,0:49:32
9709,1,217.85546875,36.63,0,1,0.87,0:48:39
9710,1,5.949333667755128,36.63,1,0,0.87,0:43:52
9711,1,5.734809875488281,36.63,1,0,0.87,0:49:19
9712,1,216.5602569580078,36.63,1,0,0.87,0:48:41
9713,1,103.4696578979492,36.63,1,0,0.87,0:47:22
9714,1,91.7226791381836,36.63,1,0,0.87,0:45:41
9715,1,153.4354248046875,36.63,0,1,0.87,0:49:01
9716,1,275.4473876953125,36.63,1,0,0.87,0:49:01
9717,1,10.977834701538091,36.63,0,1,0.87,0:47:32
9718,1,259.998291015625,36.63,0,1,0.87,0:48:10
9719,1,587.72802734375,36.63,1,0,0.87,0:45:11
9720,1,254.0215759277344,36.63,0,1,0.87,0:48:58
9721,1,611.3375244140625,36.63,0,1,0.87,0:46:41
9722,1,1.1649999618530271,36.63,1,0,0.87,0:48:55
9723,1,259.998291015625,36.63,0,1,0.87,0:48:24
9724,1,259.998291015625,36.63,0,1,0.87,0:49:26
9725,1,61.43446731567383,36.63,1,0,0.87,0:45:49
9726,1,79.19601440429688,36.63,0,1,0.87,0:49:05
9727,1,488.4363098144531,36.63,1,0,0.87,0:49:16
9728,1,3.682770252227783,36.63,0,1,0.87,0:48:20
9729,1,10.44776248931885,36.63,0,1,0.87,0:49:43
9730,1,16.83182334899902,36.63,0,1,0.87,0:48:54
9731,1,409.1070861816406,36.63,1,0,0.87,0:50:57
9732,1,520.9115600585939,36.63,1,0,0.87,0:48:53
9733,1,428.7605285644531,36.63,1,0,0.87,0:45:23
9734,1,31.2812614440918,36.63,0,1,0.87,0:49:36
9735,1,55.27118682861328,36.63,1,0,0.87,0:44:29
9736,1,138.3571929931641,36.63,0,1,0.87,0:49:20
9737,1,226.7956085205078,36.63,1,0,0.87,0:47:48
9738,1,3.920108318328857,36.63,1,0,0.87,0:47:47
9739,1,133.1851806640625,36.63,1,0,0.87,0:48:41
9740,1,3.8890023231506343,36.63,1,0,0.87,0:42:34
9741,1,91.7226791381836,36.63,1,0,0.87,0:45:36
9742,1,159.2595977783203,36.63,0,1,0.87,0:50:29
9743,1,1046.732788085938,36.63,0,1,0.87,0:50:35
9744,1,253.5764923095703,36.63,1,0,0.87,0:46:58
9745,1,76.06629943847656,36.63,1,0,0.87,0:44:50
9746,1,8.949239730834961,36.63,1,0,0.87,0:49:36
9747,1,140.6603088378906,36.63,1,0,0.87,0:48:09
9748,1,24.60376167297363,36.63,0,1,0.87,0:48:58
9749,1,171.1313018798828,36.63,1,0,0.87,0:46:04
9750,1,224.5060272216797,36.63,1,0,0.87,0:46:27
9751,1,194.4599151611328,36.63,1,0,0.87,0:48:18
9752,1,198.6544494628906,36.63,1,0,0.87,0:47:44
9753,1,6.027743339538574,36.63,0,1,0.87,0:45:59
9754,1,1352.164184570312,36.63,1,0,0.87,0:46:00
9755,1,1352.164184570312,36.63,1,0,0.87,0:46:00
9756,1,315.4805603027344,36.63,1,0,0.87,0:48:24
9757,1,1046.732788085938,36.63,0,1,0.87,0:48:34
9758,1,184.2229766845703,36.63,1,0,0.87,0:49:24
9759,1,272.33682250976557,36.63,1,0,0.87,0:46:16
9760,1,331.5245056152344,36.63,1,0,0.87,0:47:01
9761,1,215.9745635986328,36.63,0,1,0.87,0:46:42
9762,1,1689.8099365234382,36.63,0,1,0.87,0:46:31
9763,1,12.58986759185791,36.63,0,1,0.87,0:49:45
9764,1,1300.004516601562,36.63,1,0,0.87,0:42:48
9765,1,6.952293395996094,36.63,0,1,0.87,0:47:21
9766,1,1518.96630859375,36.63,0,1,0.87,0:49:48
9767,1,182.04888916015616,36.63,1,0,0.87,0:49:10
9768,1,278.0033569335938,36.63,1,0,0.87,0:45:34
9769,1,10.44776248931885,36.63,0,1,0.87,0:45:18
9770,1,1596.6729736328118,36.63,0,1,0.87,0:46:52
9771,1,100.3342132568359,36.63,1,0,0.87,0:47:16
9772,1,9.294495582580566,36.63,0,1,0.87,0:47:01
9773,1,28.003864288330078,36.63,1,0,0.87,0:47:25
9774,1,10.44183731079102,36.63,0,1,0.87,0:47:26
9775,1,514.8724365234375,36.63,1,0,0.87,0:45:25
9776,1,234.7328643798828,36.63,0,1,0.87,0:47:45
9777,1,236.22540283203116,36.63,1,0,0.87,0:42:50
9778,1,13.973583221435552,36.63,1,0,0.87,0:51:00
9779,1,542.0845947265625,36.63,1,0,0.87,0:48:16
9780,1,259.998291015625,36.63,0,1,0.87,0:44:39
9781,1,588.7814331054688,36.63,0,1,0.87,0:48:23
9782,1,233.7287750244141,36.63,1,0,0.87,0:45:56
9783,1,259.998291015625,36.63,1,0,0.87,0:48:40
9784,1,184.0453338623047,36.63,1,0,0.87,0:42:06
9785,1,275.4473876953125,36.63,1,0,0.87,0:48:24
9786,1,1400.0,36.63,0,1,0.87,0:49:05
9787,1,128.7528991699219,36.63,1,0,0.87,0:48:08
9788,1,0.5237801074981691,36.63,1,0,0.87,0:47:29
9789,1,614.4942016601562,36.63,0,1,0.87,0:49:16
9790,1,4.496073246002197,36.63,1,0,0.87,0:48:18
9791,1,13.05154609680176,36.63,0,1,0.87,0:45:54
9792,1,0.5237801074981691,36.63,1,0,0.87,0:47:29
9793,1,300.0396118164062,36.63,1,0,0.87,0:47:22
9794,1,55.22239303588867,36.63,1,0,0.87,0:50:01
9795,1,51.85509490966797,36.63,1,0,0.87,0:47:29
9796,1,15.55781936645508,36.63,0,1,0.87,0:46:08
9797,1,183.0,36.63,0,1,0.87,0:48:36
9798,1,1517.81298828125,36.63,0,1,0.87,0:45:53
9799,1,7.707507610321045,36.63,0,1,0.87,0:48:39
9800,1,353.0921325683594,36.63,1,0,0.87,0:48:50
9801,1,73.2974853515625,36.63,0,1,0.87,0:49:46
9802,1,10.32964706420898,36.63,1,0,0.87,0:47:43
9803,1,43.62190246582031,36.63,1,0,0.87,0:45:58
9804,1,95.78414916992188,36.63,0,1,0.87,0:50:16
9805,1,259.998291015625,36.63,0,1,0.87,0:49:17
9806,1,232.5149993896484,36.63,0,1,0.87,0:51:22
9807,1,34.38656997680664,36.63,1,0,0.87,0:48:10
9808,1,259.998291015625,36.63,1,0,0.87,0:49:17
9809,1,273.1287841796875,36.63,0,1,0.87,0:50:37
9810,1,91.7226791381836,36.63,1,0,0.87,0:47:43
9811,1,259.998291015625,36.63,1,0,0.87,0:48:05
9812,1,202.60577392578116,36.63,0,1,0.87,0:50:06
9813,1,223.4504852294922,36.63,0,1,0.87,0:49:10
9814,1,15.55781936645508,36.63,0,1,0.87,0:48:41
9815,1,277.4137573242188,36.63,0,1,0.87,0:49:29
9816,1,274.98355102539057,36.63,1,0,0.87,0:41:20
9817,1,5.020810604095459,36.63,0,1,0.87,0:47:11
9818,1,21.85736656188965,36.63,0,1,0.87,0:47:58
9819,1,26.32793998718262,36.63,0,1,0.87,0:49:35
9820,1,137.57452392578122,36.63,0,1,0.87,0:47:06
9821,1,194.29931640625,36.63,1,0,0.87,0:41:47
9822,1,318.2921142578125,36.63,1,0,0.87,0:47:23
9823,1,317.6456298828125,36.63,0,1,0.87,0:49:57
9824,1,188.2260437011719,36.63,0,1,0.87,0:46:42
9825,1,9.807595252990724,36.63,0,1,0.87,0:49:47
9826,1,1046.732788085938,36.63,1,0,0.87,0:47:37
9827,1,353.9649353027344,36.63,1,0,0.87,0:47:57
9828,1,13.52747440338135,36.63,0,1,0.87,0:47:40
9829,1,24.55402755737305,36.63,1,0,0.87,0:47:38
9830,1,99.79914855957031,36.63,1,0,0.87,0:46:57
9831,1,47.94073104858398,36.63,0,1,0.87,0:49:02
9832,1,18.05331420898438,36.63,0,1,0.87,0:47:34
9833,1,248.39337158203116,36.63,0,1,0.87,0:46:13
9834,1,113.5330047607422,36.63,0,1,0.87,0:49:20
9835,1,10.71384429931641,36.63,0,1,0.87,0:49:44
9836,1,31.71040916442871,36.63,0,1,0.87,0:48:46
9837,1,6.489360332489014,36.63,1,0,0.87,0:48:56
9838,1,297.332763671875,36.63,1,0,0.87,0:48:40
9839,1,270.97509765625,36.63,1,0,0.87,0:49:45
9840,1,354.4431762695312,36.63,0,1,0.87,0:47:15
9841,1,6.512597560882568,36.63,0,1,0.87,0:45:42
9842,1,254.0215759277344,36.63,1,0,0.87,0:48:46
9843,1,279.2320556640625,36.63,0,1,0.87,0:47:42
9844,1,544.2213134765625,36.63,0,1,0.87,0:46:14
9845,1,190.3814392089844,36.63,1,0,0.87,0:47:16
9846,1,1596.6729736328118,36.63,0,1,0.87,0:49:25
9847,1,152.1493835449219,36.63,1,0,0.87,0:48:04
9848,1,7.058139324188232,36.63,0,1,0.87,0:49:29
9849,1,47.80936050415039,36.63,1,0,0.87,0:46:33
9850,1,303.4791564941406,36.63,1,0,0.87,0:47:58
9851,1,10.44183731079102,36.63,1,0,0.87,0:44:27
9852,1,220.8075714111328,36.63,1,0,0.87,0:46:24
9853,1,10.44183731079102,36.63,1,0,0.87,0:47:09
9854,1,1976.76318359375,36.63,1,0,0.87,0:42:26
9855,1,2.9630379676818848,36.63,0,1,0.87,0:49:39
9856,1,428.7605285644531,36.63,1,0,0.87,0:50:07
9857,1,3.814452648162842,36.63,0,1,0.87,0:49:40
9858,1,403.4977416992188,36.63,0,1,0.87,0:46:37
9859,1,10.44183731079102,36.63,0,1,0.87,0:48:13
9860,1,15.224977493286133,36.63,1,0,0.87,0:49:21
9861,1,10.44183731079102,36.63,0,1,0.87,0:47:40
9862,1,8.101274490356445,36.63,1,0,0.87,0:45:21
9863,1,421.3871459960938,36.63,1,0,0.87,0:50:48
9864,1,7.965522289276122,36.63,0,1,0.87,0:49:17
9865,1,287.5038757324219,36.63,1,0,0.87,0:49:30
9866,1,83.15779876708984,36.63,1,0,0.87,0:49:02
9867,1,5.675545692443848,36.63,1,0,0.87,0:48:46
9868,1,7.1861228942871085,36.63,0,1,0.87,0:48:46
9869,1,1322.488403320312,36.63,1,0,0.87,0:42:27
9870,1,21.0,36.63,1,0,0.87,0:49:07
9871,1,92.65635681152344,36.63,0,1,0.87,0:47:32
9872,1,2670.009765625,36.63,1,0,0.87,0:38:09
9873,1,20.0,36.63,0,1,0.87,0:50:00
9874,1,56.084815979003906,36.63,1,0,0.87,0:48:56
9875,1,99.79914855957031,36.63,0,1,0.87,0:47:27
9876,1,12.54732036590576,36.63,0,1,0.87,0:45:02
9877,1,13.445884704589838,36.63,0,1,0.87,0:48:44
9878,1,16.84739112854004,36.63,0,1,0.87,0:45:38
9879,1,542.0845947265625,36.63,1,0,0.87,0:47:45
9880,1,614.4942016601562,36.63,1,0,0.87,0:42:54
9881,1,212.4296722412109,36.63,0,1,0.87,0:50:55
9882,1,187.5206451416016,36.63,1,0,0.87,0:47:35
9883,1,91.7226791381836,36.63,1,0,0.87,0:48:52
9884,1,35.99068832397461,36.63,1,0,0.87,0:47:25
9885,1,138.3571929931641,36.63,1,0,0.87,0:49:15
9886,1,9.906930923461914,36.63,1,0,0.87,0:46:54
9887,1,24.5399284362793,36.63,0,1,0.87,0:49:52
9888,1,1332.231567382812,36.63,0,1,0.87,0:48:40
9889,1,2136.445068359375,36.63,1,0,0.87,0:45:04
9890,1,222.7997283935547,36.63,1,0,0.87,0:50:02
9891,1,1.5123021602630615,36.63,1,0,0.87,0:49:03
9892,1,841.2716064453125,36.63,0,1,0.87,0:47:54
9893,1,77.97574615478516,36.63,0,1,0.87,0:47:48
9894,1,77.97574615478516,36.63,0,1,0.87,0:48:25
9895,1,14.566981315612788,36.63,0,1,0.87,0:46:59
9896,1,1496.893310546875,36.63,0,1,0.87,0:47:48
9897,1,21.5262622833252,36.63,1,0,0.87,0:49:29
9898,1,46.06496810913086,36.63,1,0,0.87,0:48:33
9899,1,196.8123321533203,36.63,1,0,0.87,0:49:44
9900,1,663.64697265625,36.63,1,0,0.87,0:48:34
9901,1,516.3578491210939,36.63,0,1,0.87,0:49:06
9902,1,42.47363662719727,36.63,0,1,0.87,0:48:52
9903,1,271.71597290039057,36.63,1,0,0.87,0:48:34
9904,1,50.91468048095703,36.63,0,1,0.87,0:47:47
9905,1,13.315147399902338,36.63,1,0,0.87,0:44:50
9906,1,6.924670219421388,36.63,1,0,0.87,0:44:32
9907,1,149.1394653320312,36.63,0,1,0.87,0:49:04
9908,1,1295.812255859375,36.63,1,0,0.87,0:44:51
9909,1,77.97574615478516,36.63,0,1,0.87,0:49:33
9910,1,251.763916015625,36.63,0,1,0.87,0:50:10
9911,1,26.88188362121582,36.63,1,0,0.87,0:50:12
9912,1,580.5614013671875,36.63,0,1,0.87,0:48:38
9913,1,10.44183731079102,36.63,0,1,0.87,0:49:14
9914,1,7.776358127593994,36.63,1,0,0.87,0:49:59
9915,1,91.7226791381836,36.63,0,1,0.87,0:44:47
9916,1,16.83182334899902,36.63,0,1,0.87,0:49:46
9917,1,26.53032493591309,36.63,0,1,0.87,0:44:01
9918,1,201.4784851074219,36.63,1,0,0.87,0:48:46
9919,1,195.8337860107422,36.63,1,0,0.87,0:46:15
9920,1,158.0705718994141,36.63,0,1,0.87,0:46:49
9921,1,208.6969451904297,36.63,0,1,0.87,0:48:43
9922,1,213.9208221435547,36.63,0,1,0.87,0:47:50
9923,1,380.0,36.63,1,0,0.87,0:48:46
9924,1,159.2595977783203,36.63,1,0,0.87,0:45:51
9925,1,46.1624870300293,36.63,1,0,0.87,0:48:21
9926,1,228.3022613525391,36.63,1,0,0.87,0:53:33
9927,1,259.998291015625,36.63,0,1,0.87,0:46:52
9928,1,368.8425903320312,36.63,1,0,0.87,0:48:50
9929,1,0.3051124811172485,36.63,0,1,0.87,0:46:17
9930,1,1046.732788085938,36.63,0,1,0.87,0:48:02
9931,1,0.6114726066589355,36.63,1,0,0.87,0:49:26
9932,1,207.0957794189453,36.63,1,0,0.87,0:48:53
9933,1,140.9563293457031,36.63,0,1,0.87,0:51:05
9934,1,2229.72216796875,36.63,1,0,0.87,0:41:13
9935,1,55.89518737792969,36.63,1,0,0.87,0:44:54
9936,1,6.110790252685548,36.63,0,1,0.87,0:44:54
9937,1,30.59146118164062,36.63,1,0,0.87,0:49:55
9938,1,77.97574615478516,36.63,0,1,0.87,0:48:29
9939,1,202.6900787353516,36.63,0,1,0.87,0:46:45
9940,1,260.7487182617188,36.63,1,0,0.87,0:43:55
9941,1,320.0387878417969,36.63,1,0,0.87,0:46:28
9942,1,1434.851806640625,36.63,1,0,0.87,0:48:52
9943,1,270.97509765625,36.63,0,1,0.87,0:48:46
9944,1,1284.875366210938,36.63,1,0,0.87,0:49:56
9945,1,283.4710693359375,36.63,1,0,0.87,0:41:19
9946,1,43.750282287597656,36.63,0,1,0.87,0:49:45
9947,1,253.5734710693359,36.63,1,0,0.87,0:46:15
9948,1,273.12026977539057,36.63,0,1,0.87,0:48:50
9949,1,2681.665771484375,36.63,0,1,0.87,0:47:52
9950,1,259.998291015625,36.63,1,0,0.87,0:49:27
9951,1,1452.274169921875,36.63,1,0,0.87,0:45:17
9952,1,16.84739112854004,36.63,1,0,0.87,0:48:51
9953,1,1667.119140625,36.63,1,0,0.87,0:47:23
9954,1,56.084815979003906,36.63,1,0,0.87,0:45:57
9955,1,126.29578399658199,36.63,1,0,0.87,0:48:51
9956,1,246.8048858642578,36.63,0,1,0.87,0:49:33
9957,1,14.32654094696045,36.63,0,1,0.87,0:49:02
9958,1,140.58866882324222,36.63,1,0,0.87,0:47:41
9959,1,1.9938212633132928,36.63,1,0,0.87,0:47:25
9960,1,52.420860290527344,36.63,0,1,0.87,0:48:49
9961,1,259.998291015625,36.63,1,0,0.87,0:48:52
9962,1,10.58681583404541,36.63,1,0,0.87,0:46:57
9963,1,614.4942016601562,36.63,0,1,0.87,0:48:30
9964,1,194.29931640625,36.63,0,1,0.87,0:46:56
9965,1,67.31046295166016,36.63,1,0,0.87,0:49:15
9966,1,514.8724365234375,36.63,0,1,0.87,0:46:31
9967,1,1525.08740234375,36.63,0,1,0.87,0:48:35
9968,1,10.054220199584961,36.63,0,1,0.87,0:50:29
9969,1,86.84709167480469,36.63,0,1,0.87,0:48:04
9970,1,767.4879150390625,36.63,1,0,0.87,0:46:38
9971,1,2.790159702301025,36.63,0,1,0.87,0:46:23
9972,1,224.5060272216797,36.63,1,0,0.87,0:48:49
9973,1,8.338591575622559,36.63,1,0,0.87,0:45:44
9974,1,269.01950073242193,36.63,1,0,0.87,0:47:19
9975,1,251.0852508544922,36.63,0,1,0.87,0:49:39
9976,1,10.44776248931885,36.63,0,1,0.87,0:47:39
9977,1,41.80335235595703,36.63,1,0,0.87,0:43:34
9978,1,91.7226791381836,36.63,1,0,0.87,0:42:47
9979,1,2430.782958984375,36.63,0,1,0.87,0:47:37
9980,1,71.8073501586914,36.63,0,1,0.87,0:47:18
9981,1,152.9582672119141,36.63,0,1,0.87,0:49:46
9982,1,187.9427490234375,36.63,1,0,0.87,0:47:55
9983,1,16.83182334899902,36.63,0,1,0.87,0:46:44
9984,1,223.0571441650391,36.63,1,0,0.87,0:48:10
9985,1,10.054220199584961,36.63,0,1,0.87,0:50:30
9986,1,6.262023448944093,36.63,0,1,0.87,0:50:13
9987,1,165.2113800048828,36.63,0,1,0.87,0:49:46
9988,1,3.920108318328857,36.63,1,0,0.87,0:45:47
9989,1,157.9389343261719,36.63,1,0,0.87,0:45:03
9990,1,16.84739112854004,36.63,1,0,0.87,0:49:40
9991,1,203.7541961669922,36.63,0,1,0.87,0:47:42
9992,1,56.084815979003906,36.63,1,0,0.87,0:48:25
9993,1,6.027743339538574,36.63,1,0,0.87,0:49:20
9994,1,37.14537048339844,36.63,0,1,0.87,0:47:37
9995,1,31.17976570129395,36.63,0,1,0.87,0:47:36
9996,1,149.1394653320312,36.63,0,1,0.87,0:47:30
9997,1,149.1394653320312,36.63,0,1,0.87,0:50:43
9998,1,360.6583251953125,36.63,0,1,0.87,0:43:22
9999,1,200.3173065185547,36.63,0,1,0.87,0:48:54
10000,1,142.3699798583984,36.63,0,1,0.87,0:45:57
10001,1,10.44776248931885,36.63,0,1,0.87,0:48:10
10002,1,106.99195098876949,36.63,1,0,0.87,0:45:27
10003,1,10.44776248931885,36.63,0,1,0.87,0:47:01
10004,1,142.0761108398438,36.63,0,1,0.87,0:49:37
10005,1,254.7844543457031,36.63,0,1,0.87,0:49:50
10006,1,10.44183731079102,36.63,0,1,0.87,0:48:14
10007,1,138.3722991943359,36.63,1,0,0.87,0:47:45
10008,1,197.583984375,36.63,1,0,0.87,0:48:38
10009,2,85.61605834960938,36.63,1,0,0.87,0:47:43
10010,1,157.6044464111328,36.63,1,0,0.87,0:47:09
10011,1,109.1946792602539,36.63,1,0,0.87,0:49:04
10012,1,15.55781936645508,36.63,0,1,0.87,0:48:31
10013,1,2.243473291397095,36.63,1,0,0.87,0:47:49
10014,1,303.1130676269531,36.63,0,1,0.87,0:45:59
10015,1,56.46971130371094,36.63,1,0,0.87,0:49:21
10016,1,1.7396591901779168,36.63,1,0,0.87,0:45:24
10017,1,11.8902006149292,36.63,0,1,0.87,0:48:40
10018,1,115.3707275390625,36.63,0,1,0.87,0:50:10
10019,1,77.97574615478516,36.63,1,0,0.87,0:48:54
10020,1,4.980266094207764,36.63,0,1,0.87,0:49:08
10021,1,104.0583648681641,36.63,1,0,0.87,0:48:12
10022,1,47.26740264892578,36.63,0,1,0.87,0:46:55
10023,1,10.44183731079102,36.63,0,1,0.87,0:48:43
10024,1,376.7197570800781,36.63,0,1,0.87,0:49:58
10025,1,321.1102600097656,36.63,0,1,0.87,0:46:36
10026,1,284.3707580566406,36.63,0,1,0.87,0:49:02
10027,1,10.44183731079102,36.63,0,1,0.87,0:49:37
10028,1,181.5143737792969,36.63,0,1,0.87,0:47:37
10029,1,108.46487426757808,36.63,1,0,0.87,0:47:31
10030,1,666.8341674804688,36.63,1,0,0.87,0:49:03
10031,1,39.50500869750977,36.63,1,0,0.87,0:47:55
10032,1,16.83182334899902,36.63,0,1,0.87,0:50:07
10033,1,976.9442138671876,36.63,1,0,0.87,0:47:49
10034,1,7.058139324188232,36.63,0,1,0.87,0:47:07
10035,1,181.5143737792969,36.63,1,0,0.87,0:50:00
10036,1,131.3699645996094,36.63,1,0,0.87,0:48:50
10037,1,266.2826538085938,36.63,1,0,0.87,0:42:05
10038,1,336.2613525390625,36.63,1,0,0.87,0:46:30
10039,1,56.91091918945312,36.63,0,1,0.87,0:49:05
10040,1,87.111083984375,36.63,0,1,0.87,0:49:21
10041,1,18.05331420898438,36.63,0,1,0.87,0:46:18
10042,1,187.2318572998047,36.63,1,0,0.87,0:48:19
10043,1,167.1740875244141,36.63,0,1,0.87,0:48:45
10044,1,317.6456298828125,36.63,1,0,0.87,0:43:17
10045,1,239.3311767578125,36.63,1,0,0.87,0:46:58
10046,1,148.3258056640625,36.63,1,0,0.87,0:44:48
10047,1,9.03772258758545,36.63,1,0,0.87,0:47:55
10048,1,215.9685974121094,36.63,1,0,0.87,0:48:40
10049,1,22.02759552001953,36.63,0,1,0.87,0:48:20
10050,1,126.1217880249023,36.63,1,0,0.87,0:48:26
10051,1,571.0994873046875,36.63,1,0,0.87,0:47:10
10052,1,218.9133148193359,36.63,0,1,0.87,0:51:07
10053,1,35.90165328979492,36.63,0,1,0.87,0:49:48
10054,1,200.7367095947266,36.63,0,1,0.87,0:48:47
10055,1,184.17340087890616,36.63,1,0,0.87,0:48:17
10056,1,8.94913387298584,36.63,0,1,0.87,0:48:04
10057,1,226.7862091064453,36.63,0,1,0.87,0:49:18
10058,1,233.6640472412109,36.63,1,0,0.87,0:47:39
10059,1,291.1369323730469,36.63,1,0,0.87,0:44:29
10060,1,10.44183731079102,36.63,1,0,0.87,0:45:40
10061,1,7.1861228942871085,36.63,0,1,0.87,0:48:22
10062,1,1623.9774169921882,36.63,0,1,0.87,0:49:54
10063,1,19.23562431335449,36.63,0,1,0.87,0:48:41
10064,1,14.070459365844732,36.63,1,0,0.87,0:49:02
10065,1,10.054220199584961,36.63,1,0,0.87,0:48:57
10066,1,237.6291656494141,36.63,1,0,0.87,0:40:46
10067,1,140.9563293457031,36.63,1,0,0.87,0:52:18
10068,1,8.194785118103027,36.63,1,0,0.87,0:45:18
10069,1,137.57452392578122,36.63,0,1,0.87,0:49:34
10070,1,149.1394653320312,36.63,0,1,0.87,0:51:26
10071,1,77.97574615478516,36.63,0,1,0.87,0:47:41
10072,1,56.75291442871094,36.63,0,1,0.87,0:45:11
10073,1,225.4119415283203,36.63,1,0,0.87,0:48:46
10074,1,215.4762725830078,36.63,0,1,0.87,0:48:37
10075,1,107.38072967529301,36.63,0,1,0.87,0:49:17
10076,1,181.77337646484384,36.63,1,0,0.87,0:45:45
10077,2,41.74667739868164,36.63,1,0,0.87,0:49:54
10078,1,35.90165328979492,36.63,0,1,0.87,0:49:05
10079,1,186.8978118896484,36.63,0,1,0.87,0:50:07
10080,1,17.0,36.63,1,0,0.87,0:46:18
10081,1,421.6624450683594,36.63,0,1,0.87,0:44:59
10082,1,1046.732788085938,36.63,0,1,0.87,0:48:37
10083,1,31.2812614440918,36.63,1,0,0.87,0:47:58
10084,1,4.641374111175537,36.63,0,1,0.87,0:49:22
10085,1,15.55781936645508,36.63,0,1,0.87,0:43:11
10086,1,167.9832916259766,36.63,1,0,0.87,0:43:54
10087,1,658.064208984375,36.63,1,0,0.87,0:44:46
10088,1,149.5798187255859,36.63,1,0,0.87,0:49:40
10089,1,11.05302143096924,36.63,0,1,0.87,0:45:06
10090,1,263.49282836914057,36.63,1,0,0.87,0:49:33
10091,1,248.3148193359375,36.63,1,0,0.87,0:47:58
10092,1,52.04446411132812,36.63,1,0,0.87,0:46:45
10093,1,35.90165328979492,36.63,1,0,0.87,0:45:53
10094,1,20.64476203918457,36.63,1,0,0.87,0:48:29
10095,1,61.94044494628906,36.63,1,0,0.87,0:48:55
10096,1,183.04083251953116,36.63,0,1,0.87,0:49:18
10097,1,284.3707580566406,36.63,1,0,0.87,0:49:02
10098,1,285.3211059570312,36.63,1,0,0.87,0:40:11
10099,1,26.88188362121582,36.63,0,1,0.87,0:48:34
10100,1,5.445359230041504,36.63,1,0,0.87,0:48:39
10101,1,260.0,36.63,0,1,0.87,0:50:15
10102,1,260.84353637695307,36.63,1,0,0.87,0:49:23
10103,1,259.998291015625,36.63,1,0,0.87,0:50:11
10104,1,565.1089477539062,36.63,1,0,0.87,0:46:57
10105,1,447.4283447265625,36.63,1,0,0.87,0:48:02
10106,1,11.185022354125982,36.63,0,1,0.87,0:46:09
10107,1,10.96754741668701,36.63,0,1,0.87,0:48:07
10108,1,149.1394653320312,36.63,1,0,0.87,0:48:45
10109,1,277.6466064453125,36.63,1,0,0.87,0:48:32
10110,1,18.05331420898438,36.63,1,0,0.87,0:46:45
10111,1,224.4749908447266,36.63,1,0,0.87,0:46:57
10112,1,260.0,36.63,0,1,0.87,0:46:02
10113,1,254.7844543457031,36.63,1,0,0.87,0:49:14
10114,1,2229.72216796875,36.63,1,0,0.87,0:49:55
10115,1,19.77367401123047,36.63,0,1,0.87,0:49:35
10116,1,149.1394653320312,36.63,0,1,0.87,0:45:48
10117,1,18.05331420898438,36.63,0,1,0.87,0:48:30
10118,1,611.3375244140625,36.63,0,1,0.87,0:50:03
10119,1,331.5245056152344,36.63,0,1,0.87,0:47:12
10120,1,31.97005462646484,36.63,0,1,0.87,0:46:11
10121,1,252.5192565917969,36.63,0,1,0.87,0:47:47
10122,1,92.71110534667969,36.63,0,1,0.87,0:48:27
10123,1,62.24077606201172,36.63,1,0,0.87,0:47:53
10124,1,264.5145874023438,36.63,1,0,0.87,0:48:05
10125,1,228.1509552001953,36.63,1,0,0.87,0:45:07
10126,1,167.9832916259766,36.63,1,0,0.87,0:48:02
10127,1,15.55781936645508,36.63,0,1,0.87,0:48:24
10128,1,15.55781936645508,36.63,1,0,0.87,0:49:55
10129,1,118.31446075439449,36.63,0,1,0.87,0:48:03
10130,1,188.2260437011719,36.63,0,1,0.87,0:48:49
10131,1,238.4922180175781,36.63,0,1,0.87,0:49:45
10132,1,428.7605285644531,36.63,1,0,0.87,0:43:35
10133,1,62.47754669189453,36.63,1,0,0.87,0:46:08
10134,1,11.57025718688965,36.63,0,1,0.87,0:50:35
10135,1,51.03147506713867,36.63,0,1,0.87,0:45:22
10136,1,16.23234176635742,36.63,1,0,0.87,0:44:15
10137,1,911.8583984375,36.63,1,0,0.87,0:49:47
10138,1,9.335716247558594,36.63,1,0,0.87,0:48:14
10139,1,222.5330810546875,36.63,0,1,0.87,0:48:22
10140,1,67.31046295166016,36.63,0,1,0.87,0:47:45
10141,1,92.58199310302734,36.63,1,0,0.87,0:49:04
10142,1,1623.9774169921882,36.63,1,0,0.87,0:48:39
10143,1,10.44183731079102,36.63,0,1,0.87,0:48:45
10144,1,73.10552978515625,36.63,1,0,0.87,0:48:06
10145,1,2103.939453125,36.63,1,0,0.87,0:48:17
10146,1,173.2970886230469,36.63,1,0,0.87,0:48:08
10147,1,19.07254981994629,36.63,0,1,0.87,0:47:19
10148,1,4.375861644744873,36.63,1,0,0.87,0:48:27
10149,1,233.6640472412109,36.63,0,1,0.87,0:50:59
10150,1,321.1102600097656,36.63,1,0,0.87,0:46:30
10151,1,52.51739120483398,36.63,1,0,0.87,0:48:29
10152,1,17.31131172180176,36.63,0,1,0.87,0:50:13
10153,1,321.9679870605469,36.63,0,1,0.87,0:48:21
10154,1,10.44776248931885,36.63,0,1,0.87,0:50:21
10155,1,5.453762054443359,36.63,0,1,0.87,0:49:06
10156,1,128.44091796875,36.63,1,0,0.87,0:47:05
10157,1,193.28656005859384,36.63,0,1,0.87,0:49:58
10158,1,1525.08740234375,36.63,0,1,0.87,0:49:16
10159,1,1.7231634855270392,36.63,0,1,0.87,0:48:27
10160,1,219.4850006103516,36.63,0,1,0.87,0:49:38
10161,1,71.8073501586914,36.63,0,1,0.87,0:49:47
10162,1,91.46649932861328,36.63,0,1,0.87,0:49:10
10163,1,329.9063110351562,36.63,0,1,0.87,0:50:13
10164,1,50.04737091064453,36.63,1,0,0.87,0:49:53
10165,1,20.58082008361816,36.63,0,1,0.87,0:46:47
10166,1,16.84739112854004,36.63,0,1,0.87,0:48:56
10167,1,614.4942016601562,36.63,0,1,0.87,0:48:36
10168,1,77.97574615478516,36.63,0,1,0.87,0:48:05
10169,1,43.59611511230469,36.63,0,1,0.87,0:48:07
10170,1,9.87485122680664,36.63,0,1,0.87,0:45:40
10171,1,10.44183731079102,36.63,1,0,0.87,0:47:54
10172,1,211.5202331542969,36.63,0,1,0.87,0:49:12
10173,1,39.58017349243164,36.63,1,0,0.87,0:46:11
10174,1,91.7226791381836,36.63,1,0,0.87,0:46:02
10175,1,132.78535461425778,36.63,0,1,0.87,0:49:27
10176,1,183.2224578857422,36.63,0,1,0.87,0:50:06
10177,1,17.5898609161377,36.63,1,0,0.87,0:47:25
10178,1,152.3335723876953,36.63,0,1,0.87,0:49:23
10179,1,237.6291656494141,36.63,0,1,0.87,0:47:19
10180,1,152.3335723876953,36.63,0,1,0.87,0:49:11
10181,1,437.2976684570312,36.63,1,0,0.87,0:47:46
10182,1,113.2635650634766,36.63,0,1,0.87,0:49:26
10183,1,35.76298522949219,36.63,0,1,0.87,0:46:07
10184,1,182.8298187255859,36.63,1,0,0.87,0:45:11
10185,1,277.51071166992193,36.63,0,1,0.87,0:47:54
10186,1,56.14841842651367,36.63,1,0,0.87,0:47:29
10187,1,128.71272277832028,36.63,1,0,0.87,0:49:17
10188,1,428.7605285644531,36.63,1,0,0.87,0:44:08
10189,1,51.94340515136719,36.63,1,0,0.87,0:48:55
10190,1,24.55533409118652,36.63,1,0,0.87,0:47:10
10191,1,203.9951171875,36.63,1,0,0.87,0:45:37
10192,1,447.4283447265625,36.63,0,1,0.87,0:47:38
10193,1,259.998291015625,36.63,0,1,0.87,0:49:22
10194,1,7.965522289276122,36.63,0,1,0.87,0:47:38
10195,1,15.859853744506841,36.63,0,1,0.87,0:49:05
10196,1,6.938945770263673,36.63,1,0,0.87,0:47:01
10197,1,140.6603088378906,36.63,0,1,0.87,0:48:13
10198,1,321.1102600097656,36.63,0,1,0.87,0:47:31
10199,1,140.6603088378906,36.63,1,0,0.87,0:48:47
10200,1,228.6362762451172,36.63,1,0,0.87,0:44:41
10201,1,25.96640586853027,36.63,0,1,0.87,0:48:35
10202,1,636.262451171875,36.63,1,0,0.87,0:44:57
10203,1,56.084815979003906,36.63,0,1,0.87,0:50:27
10204,1,91.7226791381836,36.63,0,1,0.87,0:49:07
10205,1,0.5368872284889221,36.63,0,1,0.87,0:49:05
10206,1,4.8699212074279785,36.63,0,1,0.87,0:45:26
10207,1,197.85333251953116,36.63,0,1,0.87,0:48:24
10208,1,334.5589599609375,36.63,0,1,0.87,0:47:52
10209,1,289.0874328613281,36.63,0,1,0.87,0:48:46
10210,1,266.2826538085938,36.63,1,0,0.87,0:47:20
10211,1,81.51506042480469,36.63,0,1,0.87,0:49:51
10212,1,14.566981315612788,36.63,0,1,0.87,0:48:13
10213,1,67.15016174316406,36.63,1,0,0.87,0:47:55
10214,1,263.1090087890625,36.63,0,1,0.87,0:49:33
10215,1,25.02979469299316,36.63,1,0,0.87,0:45:53
10216,1,320.0387878417969,36.63,0,1,0.87,0:48:15
10217,1,108.0858535766602,36.63,1,0,0.87,0:44:58
10218,1,217.7747039794922,36.63,1,0,0.87,0:47:20
10219,1,275.51992797851557,36.63,1,0,0.87,0:49:29
10220,1,57.9035758972168,36.63,1,0,0.87,0:48:49
10221,1,237.6291656494141,36.63,1,0,0.87,0:46:52
10222,1,91.75029754638672,36.63,0,1,0.87,0:48:03
10223,1,36.16746139526367,36.63,1,0,0.87,0:49:37
10224,1,54.79407119750977,36.63,1,0,0.87,0:48:39
10225,1,614.4942016601562,36.63,0,1,0.87,0:46:59
10226,1,284.8039245605469,36.63,1,0,0.87,0:48:42
10227,1,97.86534881591795,36.63,1,0,0.87,0:44:56
10228,1,148.55224609375,36.63,1,0,0.87,0:47:06
10229,1,75.07860565185547,36.63,1,0,0.87,0:46:28
10230,1,16.66305160522461,36.63,0,1,0.87,0:51:07
10231,1,72.69342041015625,36.63,1,0,0.87,0:47:48
10232,1,614.4942016601562,36.63,1,0,0.87,0:51:36
10233,1,315.6446228027344,36.63,1,0,0.87,0:46:47
10234,1,395.4680480957031,36.63,1,0,0.87,0:47:50
10235,1,156.2656097412109,36.63,1,0,0.87,0:47:50
10236,1,59.91531372070312,36.63,1,0,0.87,0:46:36
10237,1,611.3375244140625,36.63,0,1,0.87,0:45:43
10238,2,32.52695846557617,36.63,1,0,0.87,0:47:42
10239,1,326.9779968261719,36.63,0,1,0.87,0:48:20
10240,1,2.822872638702393,36.63,0,1,0.87,0:47:51
10241,1,3.6919877529144287,36.63,1,0,0.87,0:50:32
10242,1,3.6919877529144287,36.63,0,1,0.87,0:50:32
10243,1,2.335977554321289,36.63,1,0,0.87,0:46:20
10244,1,139.42889404296878,36.63,0,1,0.87,0:48:55
10245,1,24.81060791015625,36.63,1,0,0.87,0:47:41
10246,1,377.5501098632812,36.63,1,0,0.87,0:45:36
10247,1,301.4603271484375,36.63,1,0,0.87,0:49:39
10248,1,387.5409545898438,36.63,1,0,0.87,0:49:11
10249,1,2.243473291397095,36.63,1,0,0.87,0:49:09
10250,1,392.9354553222656,36.63,0,1,0.87,0:49:49
10251,1,2681.665771484375,36.63,1,0,0.87,0:47:32
10252,1,222.6948394775391,36.63,0,1,0.87,0:50:12
10253,2,299.6451721191406,36.63,1,0,0.87,0:46:32
10254,1,259.998291015625,36.63,1,0,0.87,0:47:26
10255,1,18.82139015197754,36.63,0,1,0.87,0:48:34
10256,1,5.066727638244629,36.63,1,0,0.87,0:42:24
10257,1,5.032363891601562,36.63,0,1,0.87,0:47:47
10258,1,14.566981315612788,36.63,1,0,0.87,0:46:46
10259,1,291.1369323730469,36.63,0,1,0.87,0:50:51
10260,1,149.1394653320312,36.63,0,1,0.87,0:45:12
10261,1,39.58017349243164,36.63,0,1,0.87,0:45:35
10262,1,237.1200256347656,36.63,1,0,0.87,0:47:36
10263,2,21.13623237609863,36.63,1,0,0.87,0:43:35
10264,1,354.4431762695312,36.63,0,1,0.87,0:48:13
10265,1,10.44776248931885,36.63,1,0,0.87,0:51:04
10266,1,11.05302143096924,36.63,0,1,0.87,0:48:53
10267,1,37.5223388671875,36.63,1,0,0.87,0:48:44
10268,1,1118.657958984375,36.63,0,1,0.87,0:48:25
10269,1,243.2356109619141,36.63,1,0,0.87,0:48:32
10270,1,67.66303253173828,36.63,0,1,0.87,0:49:22
10271,1,219.4850006103516,36.63,1,0,0.87,0:49:14
10272,1,13.445884704589838,36.63,1,0,0.87,0:49:14
10273,1,662.5640869140625,36.63,1,0,0.87,0:43:19
10274,1,13.973583221435552,36.63,0,1,0.87,0:48:23
10275,1,61.34705352783203,36.63,0,1,0.87,0:48:50
10276,1,50.50469589233398,36.63,0,1,0.87,0:48:50
10277,1,293.0846557617188,36.63,1,0,0.87,0:46:43
10278,1,0.5217891335487366,36.63,0,1,0.87,0:47:14
10279,1,387.1519165039062,36.63,1,0,0.87,0:46:25
10280,1,105.6290054321289,36.63,1,0,0.87,0:49:34
10281,1,184.38775634765616,36.63,0,1,0.87,0:45:22
10282,1,24.55533409118652,36.63,0,1,0.87,0:49:14
10283,1,254.7844543457031,36.63,0,1,0.87,0:51:02
10284,1,193.25177001953116,36.63,0,1,0.87,0:49:59
10285,1,79.58588409423828,36.63,0,1,0.87,0:49:21
10286,1,91.7226791381836,36.63,0,1,0.87,0:50:08
10287,1,3.920108318328857,36.63,1,0,0.87,0:48:19
10288,1,18.05331420898438,36.63,1,0,0.87,0:45:03
10289,1,8.354454040527344,36.63,1,0,0.87,0:47:12
10290,1,24.13339424133301,36.63,1,0,0.87,0:50:37
10291,1,31.17976570129395,36.63,1,0,0.87,0:47:57
10292,1,31.52193450927734,36.63,0,1,0.87,0:49:37
10293,1,2.103271007537842,36.63,0,1,0.87,0:50:41
10294,1,330.508056640625,36.63,1,0,0.87,0:46:45
10295,1,259.998291015625,36.63,1,0,0.87,0:42:39
10296,1,544.2213134765625,36.63,1,0,0.87,0:48:31
10297,1,3.8890023231506343,36.63,0,1,0.87,0:49:09
10298,1,209.1282806396484,36.63,1,0,0.87,0:46:06
10299,1,10.44183731079102,36.63,1,0,0.87,0:52:40
10300,1,350.7449645996094,36.63,1,0,0.87,0:48:40
10301,1,14.32654094696045,36.63,0,1,0.87,0:45:53
10302,1,51.61442184448242,36.63,0,1,0.87,0:46:13
10303,1,350.7449645996094,36.63,0,1,0.87,0:48:41
10304,1,100.7476806640625,36.63,1,0,0.87,0:48:26
10305,1,93.8056640625,36.63,0,1,0.87,0:49:51
10306,1,11.05302143096924,36.63,0,1,0.87,0:50:22
10307,1,181.5143737792969,36.63,1,0,0.87,0:47:09
10308,1,167.9832916259766,36.63,0,1,0.87,0:48:06
10309,1,228.6362762451172,36.63,1,0,0.87,0:48:32
10310,1,167.9832916259766,36.63,1,0,0.87,0:48:43
10311,1,767.4879150390625,36.63,0,1,0.87,0:47:08
10312,1,173.5285186767578,36.63,1,0,0.87,0:49:16
10313,1,59.33108520507812,36.63,1,0,0.87,0:47:07
10314,1,221.5115814208984,36.63,1,0,0.87,0:48:43
10315,1,6.029303550720215,36.63,0,1,0.87,0:48:08
10316,1,799.8717651367188,36.63,1,0,0.87,0:47:45
10317,1,152.9394073486328,36.63,1,0,0.87,0:45:22
10318,1,5.445359230041504,36.63,1,0,0.87,0:48:07
10319,1,159.2595977783203,36.63,1,0,0.87,0:48:03
10320,1,396.5516357421875,36.63,0,1,0.87,0:47:02
10321,1,24.17752647399902,36.63,1,0,0.87,0:47:47
10322,1,384.0559692382812,36.63,1,0,0.87,0:47:43
10323,1,20.68802642822266,36.63,1,0,0.87,0:48:11
10324,1,3.920108318328857,36.63,1,0,0.87,0:49:13
10325,1,225.5588531494141,36.63,0,1,0.87,0:47:58
10326,1,351.7147521972656,36.63,0,1,0.87,0:50:25
10327,1,12.0,36.63,1,0,0.87,0:47:30
10328,1,364.7854309082031,36.63,1,0,0.87,0:47:42
10329,1,3.2000000476837163,36.63,1,0,0.87,0:46:31
10330,1,2.608278036117554,36.63,1,0,0.87,0:48:13
10331,1,291.1369323730469,36.63,0,1,0.87,0:48:55
10332,1,159.9830627441406,36.63,1,0,0.87,0:46:34
10333,1,35.90165328979492,36.63,0,1,0.87,0:47:52
10334,1,421.3871459960938,36.63,1,0,0.87,0:45:47
10335,1,149.9436340332031,36.63,1,0,0.87,0:48:11
10336,1,142.791748046875,36.63,0,1,0.87,0:49:02
10337,1,71.57571411132812,36.63,1,0,0.87,0:49:25
10338,1,10.18533515930176,36.63,1,0,0.87,0:46:02
10339,1,222.7952117919922,36.63,0,1,0.87,0:50:05
10340,1,1310.919799804688,36.63,1,0,0.87,0:45:09
10341,1,291.1369323730469,36.63,0,1,0.87,0:47:03
10342,1,266.2826538085938,36.63,1,0,0.87,0:49:05
10343,1,183.6381683349609,36.63,0,1,0.87,0:47:52
10344,1,44.85663223266602,36.63,1,0,0.87,0:53:33
10345,1,14.359289169311518,36.63,1,0,0.87,0:43:27
10346,1,149.9436340332031,36.63,1,0,0.87,0:49:05
10347,1,57.82163619995117,36.63,1,0,0.87,0:47:34
10348,1,6.1690216064453125,36.63,1,0,0.87,0:48:22
10349,1,16.84739112854004,36.63,0,1,0.87,0:48:25
10350,1,298.0,36.63,0,1,0.87,0:48:21
10351,1,48.00541305541992,36.63,0,1,0.87,0:48:44
10352,1,5.22021484375,36.63,0,1,0.87,0:45:40
10353,1,266.2826538085938,36.63,0,1,0.87,0:49:41
10354,1,88.57984924316406,36.63,1,0,0.87,0:45:51
10355,1,164.5906066894531,36.63,0,1,0.87,0:50:55
10356,1,7.831667900085449,36.63,1,0,0.87,0:49:00
10357,1,1371.919311523438,36.63,0,1,0.87,0:48:25
10358,1,11.868617057800288,36.63,0,1,0.87,0:49:21
10359,1,254.7844543457031,36.63,0,1,0.87,0:46:49
10360,1,873.9188842773438,36.63,1,0,0.87,0:49:18
10361,1,59.33108520507812,36.63,0,1,0.87,0:48:09
10362,1,15.488036155700678,36.63,0,1,0.87,0:48:26
10363,1,211.7729034423828,36.63,1,0,0.87,0:48:14
10364,1,215.7421417236328,36.63,1,0,0.87,0:47:48
10365,1,6.1690216064453125,36.63,1,0,0.87,0:48:13
10366,1,149.1394653320312,36.63,0,1,0.87,0:48:43
10367,1,13.6082706451416,36.63,1,0,0.87,0:49:25
10368,1,39.15110778808594,36.63,1,0,0.87,0:45:48
10369,1,39.47004318237305,36.63,0,1,0.87,0:47:12
10370,1,51.61442184448242,36.63,0,1,0.87,0:49:16
10371,1,56.084815979003906,36.63,0,1,0.87,0:49:25
10372,1,8.94913387298584,36.63,0,1,0.87,0:48:18
10373,1,272.28091430664057,36.63,0,1,0.87,0:47:07
10374,1,2554.609619140625,36.63,1,0,0.87,0:46:13
10375,1,14.05077362060547,36.63,1,0,0.87,0:49:55
10376,1,2.129040479660034,36.63,1,0,0.87,0:47:24
10377,1,71.8073501586914,36.63,0,1,0.87,0:48:05
10378,1,384.8033752441406,36.63,0,1,0.87,0:48:18
10379,1,841.2716064453125,36.63,1,0,0.87,0:47:28
10380,1,1046.732788085938,36.63,0,1,0.87,0:50:47
10381,1,228.6362762451172,36.63,1,0,0.87,0:47:59
10382,1,16.83182334899902,36.63,0,1,0.87,0:49:11
10383,1,224.5407409667969,36.63,0,1,0.87,0:49:53
10384,1,7.599825382232666,36.63,1,0,0.87,0:48:43
10385,1,25.44406318664551,36.63,0,1,0.87,0:45:12
10386,1,292.6947631835938,36.63,0,1,0.87,0:49:34
10387,1,408.2718811035156,36.63,1,0,0.87,0:46:20
10388,1,287.1083679199219,36.63,0,1,0.87,0:50:37
10389,1,14.523913383483892,36.63,0,1,0.87,0:48:49
10390,1,387.1519165039062,36.63,1,0,0.87,0:47:35
10391,1,666.8341674804688,36.63,0,1,0.87,0:48:13
10392,1,89.06626892089844,36.63,1,0,0.87,0:44:32
10393,1,31.52193450927734,36.63,0,1,0.87,0:49:34
10394,1,16.66305160522461,36.63,1,0,0.87,0:49:07
10395,1,10.44183731079102,36.63,0,1,0.87,0:49:27
10396,1,320.0387878417969,36.63,1,0,0.87,0:46:42
10397,1,5.349772930145264,36.63,1,0,0.87,0:48:41
10398,1,321.1102600097656,36.63,1,0,0.87,0:47:18
10399,1,10.44183731079102,36.63,0,1,0.87,0:51:22
10400,1,140.9563293457031,36.63,0,1,0.87,0:49:22
10401,1,248.0905456542969,36.63,1,0,0.87,0:43:21
10402,1,264.5145874023438,36.63,0,1,0.87,0:50:01
10403,1,157.0261993408203,36.63,0,1,0.87,0:51:02
10404,1,167.9832916259766,36.63,0,1,0.87,0:46:28
10405,2,38.78234481811523,36.63,1,0,0.87,0:47:36
10406,1,233.2363739013672,36.63,0,1,0.87,0:48:05
10407,1,14.32654094696045,36.63,0,1,0.87,0:49:32
10408,1,118.26126098632808,36.63,1,0,0.87,0:49:03
10409,1,47.55548095703125,36.63,0,1,0.87,0:48:38
10410,1,220.386962890625,36.63,0,1,0.87,0:51:06
10411,1,278.0033569335938,36.63,0,1,0.87,0:48:38
10412,1,205.6886901855469,36.63,0,1,0.87,0:49:21
10413,1,15.55781936645508,36.63,0,1,0.87,0:48:40
10414,1,1831.0819091796882,36.63,1,0,0.87,0:47:34
10415,1,159.2595977783203,36.63,0,1,0.87,0:51:03
10416,1,183.2224578857422,36.63,0,1,0.87,0:49:00
10417,1,36.52098846435547,36.63,1,0,0.87,0:50:38
10418,1,767.4879150390625,36.63,1,0,0.87,0:46:12
10419,1,6.240824699401856,36.63,0,1,0.87,0:48:44
10420,1,10.44776248931885,36.63,1,0,0.87,0:49:59
10421,1,178.5460357666016,36.63,0,1,0.87,0:46:45
10422,1,9.664861679077148,36.63,0,1,0.87,0:48:28
10423,1,71.6093521118164,36.63,0,1,0.87,0:48:24
10424,1,10.44183731079102,36.63,0,1,0.87,0:48:30
10425,1,193.57073974609384,36.63,0,1,0.87,0:48:24
10426,1,245.0942230224609,36.63,1,0,0.87,0:47:00
10427,1,647.6728515625,36.63,1,0,0.87,0:48:21
10428,1,128.8774719238281,36.63,1,0,0.87,0:48:01
10429,1,233.2363739013672,36.63,0,1,0.87,0:49:05
10430,1,15.224977493286133,36.63,1,0,0.87,0:47:10
10431,1,239.3311767578125,36.63,0,1,0.87,0:46:49
10432,1,254.7844543457031,36.63,0,1,0.87,0:48:22
10433,1,3.310425281524658,36.63,1,0,0.87,0:49:34
10434,1,209.4566192626953,36.63,0,1,0.87,0:48:03
10435,1,146.2731781005859,36.63,0,1,0.87,0:48:40
10436,1,7.965522289276122,36.63,1,0,0.87,0:44:18
10437,1,14.36327362060547,36.63,1,0,0.87,0:44:32
10438,1,1.4977959394454958,36.63,1,0,0.87,0:48:37
10439,2,339.0043029785156,36.63,0,1,0.87,0:46:26
10440,1,10.44776248931885,36.63,0,1,0.87,0:50:09
10441,1,1046.732788085938,36.63,0,1,0.87,0:49:40
10442,1,11.57025718688965,36.63,1,0,0.87,0:46:58
10443,1,236.8990020751953,36.63,1,0,0.87,0:50:15
10444,1,15.224977493286133,36.63,0,1,0.87,0:51:02
10445,1,220.7496185302734,36.63,0,1,0.87,0:46:49
10446,1,118.26126098632808,36.63,1,0,0.87,0:48:48
10447,1,12.58986759185791,36.63,1,0,0.87,0:49:40
10448,1,312.5741882324219,36.63,0,1,0.87,0:49:02
10449,1,24.1143741607666,36.63,0,1,0.87,0:47:21
10450,1,538.4794311523439,36.63,1,0,0.87,0:48:11
10451,1,164.3381500244141,36.63,1,0,0.87,0:48:33
10452,1,216.2386016845703,36.63,1,0,0.87,0:45:42
10453,1,4.78423547744751,36.63,0,1,0.87,0:44:26
10454,1,186.5994720458984,36.63,1,0,0.87,0:49:24
10455,1,35.90165328979492,36.63,0,1,0.87,0:50:26
10456,1,10.75895500183105,36.63,1,0,0.87,0:49:00
10457,1,24.17752647399902,36.63,0,1,0.87,0:47:20
10458,1,286.7321472167969,36.63,0,1,0.87,0:48:56
10459,1,18.05331420898438,36.63,1,0,0.87,0:48:27
10460,1,101.0947265625,36.63,1,0,0.87,0:49:40
10461,1,372.1288757324219,36.63,0,1,0.87,0:47:44
10462,1,31.97005462646484,36.63,0,1,0.87,0:48:58
10463,1,428.3145751953125,36.63,1,0,0.87,0:48:23
10464,1,37.41561508178711,36.63,0,1,0.87,0:49:13
10465,1,5.020810604095459,36.63,1,0,0.87,0:48:13
10466,1,181.5143737792969,36.63,1,0,0.87,0:49:28
10467,1,214.6571960449219,36.63,0,1,0.87,0:48:54
10468,1,614.4942016601562,36.63,0,1,0.87,0:46:20
10469,1,16.547185897827152,36.63,0,1,0.87,0:50:27
10470,1,536.3698120117189,36.63,0,1,0.87,0:49:53
10471,1,214.2507781982422,36.63,1,0,0.87,0:50:07
10472,1,287.84716796875,36.63,0,1,0.87,0:50:25
10473,1,142.3699798583984,36.63,0,1,0.87,0:48:09
10474,1,181.5143737792969,36.63,1,0,0.87,0:44:08
10475,1,2136.445068359375,36.63,0,1,0.87,0:48:10
10476,1,676.4351806640625,36.63,1,0,0.87,0:48:34
10477,1,181.5143737792969,36.63,1,0,0.87,0:47:33
10478,1,31.781719207763672,36.63,0,1,0.87,0:48:34
10479,1,31.781719207763672,36.63,1,0,0.87,0:48:34
10480,1,35.90165328979492,36.63,1,0,0.87,0:48:24
10481,1,51.94340515136719,36.63,1,0,0.87,0:43:56
10482,1,12.54312038421631,36.63,1,0,0.87,0:46:42
10483,1,516.3578491210939,36.63,1,0,0.87,0:49:12
10484,1,39.64147567749023,36.63,1,0,0.87,0:49:12
10485,1,67.57332611083984,36.63,0,1,0.87,0:49:01
10486,1,588.7814331054688,36.63,1,0,0.87,0:49:01
10487,1,263.49282836914057,36.63,1,0,0.87,0:46:29
10488,1,205.3109893798828,36.63,0,1,0.87,0:50:14
10489,1,14.566981315612788,36.63,0,1,0.87,0:49:08
10490,1,73.10552978515625,36.63,0,1,0.87,0:49:38
10491,1,15.55781936645508,36.63,0,1,0.87,0:48:36
10492,1,234.2509765625,36.63,0,1,0.87,0:48:56
10493,1,69.10917663574219,36.63,0,1,0.87,0:48:36
10494,1,7.214848518371582,36.63,1,0,0.87,0:48:10
10495,1,10.44183731079102,36.63,1,0,0.87,0:49:02
10496,1,254.7844543457031,36.63,1,0,0.87,0:47:02
10497,1,167.9832916259766,36.63,1,0,0.87,0:49:09
10498,1,16.83182334899902,36.63,0,1,0.87,0:49:21
10499,1,89.46791076660156,36.63,0,1,0.87,0:48:51
10500,1,203.7541961669922,36.63,0,1,0.87,0:49:08
10501,1,13.445884704589838,36.63,0,1,0.87,0:50:07
10502,1,259.998291015625,36.63,1,0,0.87,0:50:18
10503,1,39.12737655639648,36.63,0,1,0.87,0:47:04
10504,1,2136.445068359375,36.63,0,1,0.87,0:48:25
10505,1,336.294921875,36.63,0,1,0.87,0:49:00
10506,1,12.58986759185791,36.63,1,0,0.87,0:52:08
10507,1,260.5658569335938,36.63,1,0,0.87,0:47:42
10508,1,22.33357238769531,36.63,0,1,0.87,0:46:21
10509,1,83.9320068359375,36.63,1,0,0.87,0:44:35
10510,1,24.25078392028809,36.63,0,1,0.87,0:50:06
10511,1,15.55781936645508,36.63,0,1,0.87,0:49:11
10512,1,236.8426971435547,36.63,1,0,0.87,0:50:13
10513,1,11.57025718688965,36.63,0,1,0.87,0:48:12
10514,1,61.94044494628906,36.63,1,0,0.87,0:49:22
10515,1,39.47004318237305,36.63,0,1,0.87,0:45:17
10516,1,9.170575141906738,36.63,0,1,0.87,0:48:35
10517,1,37.5223388671875,36.63,0,1,0.87,0:44:39
10518,1,10.44183731079102,36.63,0,1,0.87,0:47:05
10519,1,149.1394653320312,36.63,1,0,0.87,0:46:21
10520,1,614.4942016601562,36.63,0,1,0.87,0:47:25
10521,1,14.398399353027338,36.63,0,1,0.87,0:48:55
10522,1,392.9354553222656,36.63,1,0,0.87,0:46:23
10523,1,362.2124328613281,36.63,1,0,0.87,0:46:15
10524,1,10.006486892700199,36.63,1,0,0.87,0:47:51
10525,1,318.9283142089844,36.63,0,1,0.87,0:50:39
10526,1,254.7844543457031,36.63,0,1,0.87,0:49:55
10527,1,77.97574615478516,36.63,0,1,0.87,0:50:09
10528,1,7.776358127593994,36.63,1,0,0.87,0:48:41
10529,1,119.56497192382808,36.63,1,0,0.87,0:47:03
10530,1,50.00377655029297,36.63,1,0,0.87,0:42:11
10531,1,254.7844543457031,36.63,1,0,0.87,0:42:49
10532,1,130.6825256347656,36.63,1,0,0.87,0:47:50
10533,1,309.4542541503906,36.63,0,1,0.87,0:48:28
10534,1,40.52232360839844,36.63,1,0,0.87,0:50:22
10535,1,190.1064758300781,36.63,1,0,0.87,0:48:31
10536,1,228.9576263427734,36.63,0,1,0.87,0:49:43
10537,1,1815.207763671875,36.63,1,0,0.87,0:44:52
10538,1,117.0965118408203,36.63,1,0,0.87,0:49:40
10539,1,2554.609619140625,36.63,0,1,0.87,0:48:34
10540,1,16.84739112854004,36.63,0,1,0.87,0:50:12
10541,1,72.22600555419922,36.63,1,0,0.87,0:48:29
10542,1,10.44776248931885,36.63,0,1,0.87,0:48:39
10543,1,10.58681583404541,36.63,0,1,0.87,0:49:54
10544,1,263.6666870117188,36.63,1,0,0.87,0:48:30
10545,1,61.40013122558594,36.63,1,0,0.87,0:48:54
10546,1,1666.7821044921882,36.63,1,0,0.87,0:47:42
10547,1,121.3621368408203,36.63,0,1,0.87,0:49:38
10548,1,4.784560680389403,36.63,0,1,0.87,0:46:47
10549,1,10.58681583404541,36.63,0,1,0.87,0:49:54
10550,1,273.54550170898443,36.63,1,0,0.87,0:46:07
10551,1,167.9832916259766,36.63,0,1,0.87,0:48:34
10552,1,266.2826538085938,36.63,0,1,0.87,0:51:02
10553,1,236.900634765625,36.63,1,0,0.87,0:48:09
10554,1,6.262023448944093,36.63,0,1,0.87,0:48:43
10555,1,16.84739112854004,36.63,0,1,0.87,0:49:17
10556,1,14.566981315612788,36.63,0,1,0.87,0:50:28
10557,1,614.4942016601562,36.63,1,0,0.87,0:47:28
10558,1,18.05331420898438,36.63,0,1,0.87,0:47:29
10559,1,14.566981315612788,36.63,1,0,0.87,0:47:53
10560,1,496.8399047851562,36.63,0,1,0.87,0:48:54
10561,1,76.06629943847656,36.63,0,1,0.87,0:49:59
10562,1,201.4784851074219,36.63,0,1,0.87,0:49:20
10563,1,153.4354248046875,36.63,0,1,0.87,0:49:20
10564,1,42.68008041381836,36.63,0,1,0.87,0:50:07
10565,1,142.3699798583984,36.63,1,0,0.87,0:48:45
10566,1,3.8890023231506343,36.63,0,1,0.87,0:47:32
10567,1,130.6825256347656,36.63,1,0,0.87,0:47:50
10568,1,429.6692504882812,36.63,1,0,0.87,0:45:11
10569,1,10.44183731079102,36.63,0,1,0.87,0:47:25
10570,1,666.8341674804688,36.63,1,0,0.87,0:48:32
10571,1,239.6719055175781,36.63,1,0,0.87,0:48:28
10572,1,6.110790252685548,36.63,1,0,0.87,0:52:26
10573,1,56.403968811035156,36.63,0,1,0.87,0:46:46
10574,1,6.110790252685548,36.63,0,1,0.87,0:50:39
10575,1,378.2447204589844,36.63,1,0,0.87,0:49:33
10576,1,315.6446228027344,36.63,0,1,0.87,0:49:31
10577,1,16.84739112854004,36.63,0,1,0.87,0:48:25
10578,1,4.078855514526366,36.63,1,0,0.87,0:47:40
10579,1,2229.72216796875,36.63,1,0,0.87,0:44:29
10580,1,215.4762725830078,36.63,1,0,0.87,0:47:28
10581,1,11.05302143096924,36.63,0,1,0.87,0:52:03
10582,1,105.0896682739258,36.63,1,0,0.87,0:48:38
10583,1,192.6400146484375,36.63,1,0,0.87,0:48:39
10584,1,69.23052215576172,36.63,0,1,0.87,0:48:10
10585,1,1452.274169921875,36.63,1,0,0.87,0:48:12
10586,1,46.732627868652344,36.63,1,0,0.87,0:47:48
10587,1,183.0470886230469,36.63,1,0,0.87,0:47:16
10588,1,13.70660877227783,36.63,0,1,0.87,0:49:18
10589,1,2465.108642578125,36.63,0,1,0.87,0:48:26
10590,1,20.15006828308105,36.63,0,1,0.87,0:48:13
10591,1,13.81503200531006,36.63,1,0,0.87,0:41:45
10592,1,10.84562301635742,36.63,1,0,0.87,0:50:49
10593,1,219.4850006103516,36.63,0,1,0.87,0:48:28
10594,1,428.7605285644531,36.63,0,1,0.87,0:49:40
10595,1,197.583984375,36.63,0,1,0.87,0:49:59
10596,1,10.44183731079102,36.63,0,1,0.87,0:47:51
10597,1,309.1738891601562,36.63,0,1,0.87,0:48:58
10598,1,31.2812614440918,36.63,1,0,0.87,0:47:09
10599,1,218.2397003173828,36.63,1,0,0.87,0:48:15
10600,1,249.9987335205078,36.63,1,0,0.87,0:50:10
10601,1,149.1394653320312,36.63,1,0,0.87,0:48:09
10602,1,53.74789428710938,36.63,0,1,0.87,0:48:04
10603,1,142.3699798583984,36.63,0,1,0.87,0:46:30
10604,1,181.5143737792969,36.63,0,1,0.87,0:47:54
10605,1,767.4879150390625,36.63,0,1,0.87,0:46:39
10606,1,1631.184326171875,36.63,1,0,0.87,0:47:55
10607,1,32.20459365844727,36.63,0,1,0.87,0:49:48
10608,1,32.52695846557617,36.63,1,0,0.87,0:48:50
10609,1,614.4942016601562,36.63,1,0,0.87,0:46:22
10610,1,14.32654094696045,36.63,0,1,0.87,0:49:36
10611,1,207.3327484130859,36.63,0,1,0.87,0:49:24
10612,1,291.1369323730469,36.63,1,0,0.87,0:49:37
10613,1,242.7269287109375,36.63,0,1,0.87,0:50:03
10614,1,39.58017349243164,36.63,0,1,0.87,0:50:57
10615,1,1046.732788085938,36.63,1,0,0.87,0:48:54
10616,1,15.224977493286133,36.63,0,1,0.87,0:48:16
10617,1,93.76361846923828,36.63,1,0,0.87,0:42:31
10618,1,4.016949653625488,36.63,1,0,0.87,0:45:18
10619,1,55.22239303588867,36.63,1,0,0.87,0:46:12
10620,1,13.445884704589838,36.63,0,1,0.87,0:48:35
10621,1,1596.6729736328118,36.63,0,1,0.87,0:47:39
10622,1,254.7844543457031,36.63,1,0,0.87,0:46:31
10623,1,77.44851684570312,36.63,0,1,0.87,0:48:27
10624,1,7.270592212677003,36.63,0,1,0.87,0:48:52
10625,1,75.462158203125,36.63,0,1,0.87,0:48:18
10626,1,21.00292205810547,36.63,1,0,0.87,0:47:08
10627,1,71.07490539550781,36.63,1,0,0.87,0:46:27
10628,1,15.55781936645508,36.63,0,1,0.87,0:49:17
10629,1,5.053634166717528,36.63,1,0,0.87,0:46:48
10630,1,24.1143741607666,36.63,0,1,0.87,0:49:45
10631,1,10.44183731079102,36.63,0,1,0.87,0:46:27
10632,1,18.05331420898438,36.63,0,1,0.87,0:48:34
10633,1,12.58986759185791,36.63,0,1,0.87,0:49:11
10634,1,3.742521524429321,36.63,1,0,0.87,0:45:33
10635,1,181.5143737792969,36.63,1,0,0.87,0:49:12
10636,1,207.2844543457031,36.63,0,1,0.87,0:43:35
10637,1,421.3871459960938,36.63,1,0,0.87,0:46:18
10638,1,10.44183731079102,36.63,1,0,0.87,0:47:31
10639,1,205.3109893798828,36.63,0,1,0.87,0:48:50
10640,1,144.104248046875,36.63,0,1,0.87,0:43:01
10641,1,369.5801086425781,36.63,0,1,0.87,0:48:21
10642,1,288.5564880371094,36.63,1,0,0.87,0:47:17
10643,1,366.0434265136719,36.63,0,1,0.87,0:47:41
10644,1,10.44183731079102,36.63,1,0,0.87,0:47:40
10645,1,91.7226791381836,36.63,0,1,0.87,0:49:02
10646,1,236.900634765625,36.63,0,1,0.87,0:44:52
10647,1,1415.200439453125,36.63,1,0,0.87,0:49:57
10648,1,10.44183731079102,36.63,0,1,0.87,0:49:14
10649,1,2147.357421875,36.63,0,1,0.87,0:49:16
10650,1,290.1136779785156,36.63,1,0,0.87,0:49:26
10651,1,270.6813354492188,36.63,1,0,0.87,0:49:02
10652,1,395.85107421875,36.63,1,0,0.87,0:45:41
10653,1,1300.004516601562,36.63,1,0,0.87,0:47:44
10654,1,9.867319107055664,36.63,1,0,0.87,0:47:53
10655,1,1300.004516601562,36.63,1,0,0.87,0:47:44
10656,1,126.1217880249023,36.63,1,0,0.87,0:49:15
10657,1,207.8424377441406,36.63,1,0,0.87,0:47:53
10658,1,11.05302143096924,36.63,1,0,0.87,0:47:32
10659,1,188.2588348388672,36.63,0,1,0.87,0:50:36
10660,1,431.3734130859375,36.63,0,1,0.87,0:48:45
10661,1,18.05331420898438,36.63,0,1,0.87,0:49:07
10662,1,31.17976570129395,36.63,0,1,0.87,0:46:56
10663,1,254.7844543457031,36.63,0,1,0.87,0:46:37
10664,1,255.9418182373047,36.63,0,1,0.87,0:49:05
10665,1,91.49476623535156,36.63,1,0,0.87,0:48:42
10666,1,196.8123321533203,36.63,1,0,0.87,0:48:24
10667,1,14.566981315612788,36.63,1,0,0.87,0:44:57
10668,1,138.0612945556641,36.63,0,1,0.87,0:51:16
10669,1,219.4850006103516,36.63,0,1,0.87,0:50:42
10670,1,225.7191925048828,36.63,1,0,0.87,0:47:57
10671,1,149.1394653320312,36.63,0,1,0.87,0:47:52
10672,1,341.0648498535156,36.63,1,0,0.87,0:48:07
10673,1,74.86676025390625,36.63,0,1,0.87,0:49:52
10674,1,31.97005462646484,36.63,1,0,0.87,0:48:19
10675,1,147.086669921875,36.63,1,0,0.87,0:49:07
10676,1,216.0,36.63,1,0,0.87,0:49:10
10677,1,5.675545692443848,36.63,0,1,0.87,0:45:18
10678,1,279.3477783203125,36.63,0,1,0.87,0:50:08
10679,1,51.61442184448242,36.63,0,1,0.87,0:47:39
10680,1,116.19922637939449,36.63,1,0,0.87,0:47:58
10681,1,259.998291015625,36.63,0,1,0.87,0:50:17
10682,1,42.47363662719727,36.63,1,0,0.87,0:47:47
10683,1,180.2863311767578,36.63,1,0,0.87,0:46:00
10684,1,10.44183731079102,36.63,0,1,0.87,0:50:39
10685,1,10.44183731079102,36.63,0,1,0.87,0:50:39
10686,1,10.44183731079102,36.63,0,1,0.87,0:50:51
10687,1,99.92736053466795,36.63,0,1,0.87,0:47:26
10688,1,12.58986759185791,36.63,1,0,0.87,0:47:07
10689,1,164.6177520751953,36.63,0,1,0.87,0:49:10
10690,1,18.05331420898438,36.63,1,0,0.87,0:46:19
10691,1,263.49282836914057,36.63,0,1,0.87,0:47:24
10692,1,367.0759887695312,36.63,0,1,0.87,0:43:33
10693,1,56.084815979003906,36.63,0,1,0.87,0:50:20
10694,1,14.447757720947273,36.63,1,0,0.87,0:49:41
10695,1,10.44183731079102,36.63,0,1,0.87,0:48:13
10696,1,260.0,36.63,0,1,0.87,0:45:09
10697,1,159.9830627441406,36.63,1,0,0.87,0:47:55
10698,1,258.83737182617193,36.63,0,1,0.87,0:46:56
10699,1,86.84709167480469,36.63,1,0,0.87,0:48:09
10700,1,234.2509765625,36.63,1,0,0.87,0:49:28
10701,1,20.0,36.63,1,0,0.87,0:46:59
10702,1,614.4942016601562,36.63,0,1,0.87,0:50:54
10703,1,181.5143737792969,36.63,1,0,0.87,0:48:37
10704,1,1636.990966796875,36.63,1,0,0.87,0:49:14
10705,1,1186.648193359375,36.63,0,1,0.87,0:45:11
10706,1,207.893310546875,36.63,0,1,0.87,0:48:31
10707,1,108.0,36.63,0,1,0.87,0:48:33
10708,1,231.2128601074219,36.63,0,1,0.87,0:45:15
10709,1,261.3140258789062,36.63,0,1,0.87,0:49:34
10710,1,35.90165328979492,36.63,1,0,0.87,0:49:21
10711,1,67.87118530273439,36.63,1,0,0.87,0:49:04
10712,1,11.57025718688965,36.63,1,0,0.87,0:48:11
10713,1,767.4879150390625,36.63,0,1,0.87,0:48:30
10714,1,91.7226791381836,36.63,0,1,0.87,0:49:39
10715,1,11.44741916656494,36.63,1,0,0.87,0:49:20
10716,1,3.310425281524658,36.63,1,0,0.87,0:48:41
10717,1,59.33108520507812,36.63,0,1,0.87,0:46:40
10718,1,5.251800537109375,36.63,1,0,0.87,0:46:21
10719,1,254.7844543457031,36.63,0,1,0.87,0:49:59
10720,1,85.82516479492188,36.63,1,0,0.87,0:50:50
10721,1,292.6947631835938,36.63,0,1,0.87,0:48:35
10722,1,270.910888671875,36.63,1,0,0.87,0:50:05
10723,1,270.910888671875,36.63,1,0,0.87,0:50:05
10724,1,10.44183731079102,36.63,0,1,0.87,0:48:19
10725,1,96.83551788330078,36.63,1,0,0.87,0:46:18
10726,1,149.1394653320312,36.63,0,1,0.87,0:49:51
10727,1,1976.76318359375,36.63,0,1,0.87,0:49:25
10728,1,219.39703369140616,36.63,0,1,0.87,0:48:04
10729,1,91.7226791381836,36.63,0,1,0.87,0:49:06
10730,1,614.4942016601562,36.63,0,1,0.87,0:50:11
10731,1,321.1102600097656,36.63,1,0,0.87,0:48:37
10732,1,31.5042610168457,36.63,0,1,0.87,0:50:38
10733,1,211.7729034423828,36.63,0,1,0.87,0:46:20
10734,1,219.1529235839844,36.63,0,1,0.87,0:47:21
10735,1,86.27144622802734,36.63,1,0,0.87,0:47:54
10736,1,2554.609619140625,36.63,1,0,0.87,0:44:09
10737,1,0.6114726066589355,36.63,0,1,0.87,0:49:53
10738,1,22.78268432617188,36.63,0,1,0.87,0:48:31
10739,1,0.5368872284889221,36.63,0,1,0.87,0:44:49
10740,1,15.55781936645508,36.63,1,0,0.87,0:48:53
10741,1,233.2363739013672,36.63,0,1,0.87,0:50:10
10742,1,16.66305160522461,36.63,1,0,0.87,0:44:08
10743,1,48.00541305541992,36.63,1,0,0.87,0:50:27
10744,1,56.084815979003906,36.63,0,1,0.87,0:45:11
10745,1,321.1102600097656,36.63,1,0,0.87,0:46:59
10746,1,14.566981315612788,36.63,0,1,0.87,0:49:59
10747,1,24.55533409118652,36.63,1,0,0.87,0:50:59
10748,1,22.78268432617188,36.63,1,0,0.87,0:48:02
10749,1,146.087158203125,36.63,0,1,0.87,0:47:42
10750,1,321.1102600097656,36.63,1,0,0.87,0:46:59
10751,1,29.1304931640625,36.63,1,0,0.87,0:49:57
10752,1,7.965522289276122,36.63,1,0,0.87,0:47:58
10753,1,0.5368872284889221,36.63,0,1,0.87,0:48:13
10754,1,24.13339424133301,36.63,0,1,0.87,0:49:54
10755,1,56.084815979003906,36.63,0,1,0.87,0:48:40
10756,1,1883.18408203125,36.63,0,1,0.87,0:48:46
10757,1,2324.26806640625,36.63,0,1,0.87,0:48:09
10758,1,11.05302143096924,36.63,0,1,0.87,0:46:21
10759,1,1756.8570556640618,36.63,0,1,0.87,0:45:06
10760,1,254.7844543457031,36.63,0,1,0.87,0:45:51
10761,1,259.998291015625,36.63,0,1,0.87,0:49:04
10762,1,7.058139324188232,36.63,0,1,0.87,0:48:44
10763,1,181.5143737792969,36.63,0,1,0.87,0:45:35
10764,1,187.2318572998047,36.63,1,0,0.87,0:49:15
10765,1,232.07177734375,36.63,1,0,0.87,0:47:59
10766,1,1460.8671875,36.63,0,1,0.87,0:48:22
10767,1,71.8073501586914,36.63,1,0,0.87,0:48:36
10768,1,248.2649841308594,36.63,1,0,0.87,0:47:51
10769,1,10.44776248931885,36.63,0,1,0.87,0:47:44
10770,1,5.020810604095459,36.63,0,1,0.87,0:49:28
10771,1,1.5720475912094118,36.63,1,0,0.87,0:49:59
10772,1,152.9394073486328,36.63,0,1,0.87,0:49:51
10773,1,1386.9697265625,36.63,0,1,0.87,0:49:10
10774,1,31.781719207763672,36.63,1,0,0.87,0:44:48
10775,1,167.9832916259766,36.63,0,1,0.87,0:49:35
10776,1,190.5054016113281,36.63,0,1,0.87,0:47:50
10777,1,194.29931640625,36.63,0,1,0.87,0:48:50
10778,1,408.8565673828125,36.63,1,0,0.87,0:48:37
10779,1,12.58986759185791,36.63,0,1,0.87,0:49:16
10780,1,114.9931259155273,36.63,0,1,0.87,0:50:12
10781,1,263.6666870117188,36.63,1,0,0.87,0:49:16
10782,1,516.6248779296875,36.63,0,1,0.87,0:47:59
10783,1,14.83109951019287,36.63,0,1,0.87,0:48:55
10784,1,253.6788024902344,36.63,1,0,0.87,0:51:45
10785,1,193.6301116943359,36.63,1,0,0.87,0:48:57
10786,1,767.4879150390625,36.63,0,1,0.87,0:48:50
10787,1,7.058139324188232,36.63,1,0,0.87,0:47:00
10788,1,259.998291015625,36.63,0,1,0.87,0:46:51
10789,1,118.26126098632808,36.63,0,1,0.87,0:47:50
10790,1,181.77337646484384,36.63,1,0,0.87,0:44:50
10791,1,37.85586547851562,36.63,0,1,0.87,0:47:38
10792,2,51.61442184448242,36.63,0,1,0.87,0:49:08
10793,1,1046.732788085938,36.63,0,1,0.87,0:46:13
10794,1,368.8425903320312,36.63,0,1,0.87,0:47:23
10795,1,236.8426971435547,36.63,0,1,0.87,0:48:19
10796,1,10.44183731079102,36.63,0,1,0.87,0:48:25
10797,1,15.55781936645508,36.63,0,1,0.87,0:46:18
10798,1,108.0,36.63,0,1,0.87,0:48:26
10799,1,71.8073501586914,36.63,1,0,0.87,0:49:43
10800,1,108.57672119140621,36.63,0,1,0.87,0:48:06
10801,1,261.54904174804693,36.63,0,1,0.87,0:45:22
10802,1,29.34052085876465,36.63,0,1,0.87,0:49:42
10803,1,111.1497421264648,36.63,1,0,0.87,0:49:19
10804,1,318.1236877441406,36.63,0,1,0.87,0:48:32
10805,1,345.7968139648438,36.63,0,1,0.87,0:50:02
10806,1,110.1000442504883,36.63,0,1,0.87,0:48:21
10807,1,134.5782775878906,36.63,0,1,0.87,0:48:47
10808,1,420.5310974121094,36.63,1,0,0.87,0:48:04
10809,1,316.2669372558594,36.63,0,1,0.87,0:51:21
10810,1,893.633056640625,36.63,0,1,0.87,0:51:48
10811,1,111.1497421264648,36.63,0,1,0.87,0:49:07
10812,1,15.55781936645508,36.63,0,1,0.87,0:48:45
10813,1,250.5167694091797,36.63,0,1,0.87,0:51:08
10814,1,611.3375244140625,36.63,1,0,0.87,0:42:14
10815,1,5.949333667755128,36.63,1,0,0.87,0:48:42
10816,1,259.998291015625,36.63,0,1,0.87,0:50:16
10817,1,369.3993530273438,36.63,1,0,0.87,0:49:12
10818,1,197.583984375,36.63,1,0,0.87,0:50:00
10819,1,77.97574615478516,36.63,0,1,0.87,0:48:29
10820,1,131.3699645996094,36.63,0,1,0.87,0:50:56
10821,1,16.84739112854004,36.63,1,0,0.87,0:48:24
10822,1,146.087158203125,36.63,0,1,0.87,0:49:18
10823,1,319.9195251464844,36.63,0,1,0.87,0:46:36
10824,1,238.3380279541016,36.63,1,0,0.87,0:48:54
10825,1,1.475898504257202,36.63,1,0,0.87,0:47:46
10826,1,0.0,36.63,0,1,0.87,0:47:37
10827,1,263.2875366210938,36.63,1,0,0.87,0:48:40
10828,1,181.5143737792969,36.63,0,1,0.87,0:50:07
10829,1,108.0,36.63,0,1,0.87,0:48:29
10830,1,48.50983047485352,36.63,0,1,0.87,0:47:25
10831,1,115.9446487426758,36.63,1,0,0.87,0:49:34
10832,1,97.90020751953124,36.63,0,1,0.87,0:48:25
10833,1,243.9197845458984,36.63,0,1,0.87,0:48:01
10834,1,666.8135986328125,36.63,1,0,0.87,0:46:27
10835,1,203.3990325927734,36.63,1,0,0.87,0:50:16
10836,1,13.243420600891108,36.63,1,0,0.87,0:44:10
10837,1,148.55224609375,36.63,0,1,0.87,0:50:32
10838,1,29.1304931640625,36.63,0,1,0.87,0:49:41
10839,1,223.3601837158203,36.63,1,0,0.87,0:48:32
10840,1,16.5250129699707,36.63,0,1,0.87,0:45:37
10841,1,132.78535461425778,36.63,1,0,0.87,0:48:19
10842,1,271.67886352539057,36.63,1,0,0.87,0:42:58
10843,1,2.059071063995361,36.63,0,1,0.87,0:49:07
10844,1,5.734809875488281,36.63,1,0,0.87,0:47:43
10845,1,183.6633758544922,36.63,0,1,0.87,0:44:25
10846,1,149.1394653320312,36.63,0,1,0.87,0:50:24
10847,1,31.52193450927734,36.63,0,1,0.87,0:46:39
10848,1,366.0434265136719,36.63,0,1,0.87,0:47:42
10849,1,86.27144622802734,36.63,0,1,0.87,0:47:28
10850,1,259.998291015625,36.63,1,0,0.87,0:49:16
10851,1,788.0523071289062,36.63,1,0,0.87,0:48:13
10852,1,15.55781936645508,36.63,1,0,0.87,0:47:41
10853,1,149.1394653320312,36.63,0,1,0.87,0:49:33
10854,1,34.52508926391602,36.63,0,1,0.87,0:46:28
10855,1,223.4504852294922,36.63,1,0,0.87,0:45:24
10856,1,571.0994873046875,36.63,1,0,0.87,0:48:46
10857,1,74.7410659790039,36.63,0,1,0.87,0:48:51
10858,1,15.55781936645508,36.63,1,0,0.87,0:45:06
10859,1,330.508056640625,36.63,1,0,0.87,0:44:58
10860,1,266.2826538085938,36.63,0,1,0.87,0:49:42
10861,1,237.6291656494141,36.63,1,0,0.87,0:46:45
10862,2,190.1930236816406,36.63,1,0,0.87,0:48:34
10863,1,1.645776271820068,36.63,0,1,0.87,0:50:10
10864,1,266.2826538085938,36.63,0,1,0.87,0:48:47
10865,1,12.95450210571289,36.63,0,1,0.87,0:44:35
10866,1,20.15006828308105,36.63,1,0,0.87,0:52:25
10867,1,484.7640075683594,36.63,0,1,0.87,0:50:18
10868,1,315.6446228027344,36.63,1,0,0.87,0:48:13
10869,1,10.65874290466309,36.63,1,0,0.87,0:44:19
10870,1,97.86534881591795,36.63,1,0,0.87,0:47:02
10871,1,15.5554141998291,36.63,1,0,0.87,0:47:31
10872,1,1157.134887695312,36.63,1,0,0.87,0:47:29
10873,1,233.2363739013672,36.63,0,1,0.87,0:48:19
10874,1,46.3457260131836,36.63,0,1,0.87,0:48:55
10875,1,12.001094818115227,36.63,1,0,0.87,0:44:07
10876,1,259.998291015625,36.63,0,1,0.87,0:50:49
10877,1,153.5594482421875,36.63,1,0,0.87,0:46:36
10878,1,837.6016845703125,36.63,0,1,0.87,0:49:47
10879,1,15.55781936645508,36.63,0,1,0.87,0:50:54
10880,1,222.7997283935547,36.63,0,1,0.87,0:46:24
10881,1,237.6291656494141,36.63,0,1,0.87,0:48:37
10882,1,246.8048858642578,36.63,0,1,0.87,0:48:58
10883,1,141.1389312744141,36.63,1,0,0.87,0:45:55
10884,1,8.357962608337402,36.63,1,0,0.87,0:48:02
10885,1,137.57452392578122,36.63,0,1,0.87,0:50:16
10886,1,7.021599292755128,36.63,0,1,0.87,0:49:22
10887,1,55.14677047729492,36.63,0,1,0.87,0:50:10
10888,1,53.14768600463867,36.63,0,1,0.87,0:47:25
10889,1,10.44183731079102,36.63,0,1,0.87,0:49:24
10890,1,6.914041996002197,36.63,0,1,0.87,0:48:39
10891,1,128.1840515136719,36.63,0,1,0.87,0:48:52
10892,1,149.1394653320312,36.63,1,0,0.87,0:50:35
10893,1,42.47363662719727,36.63,1,0,0.87,0:50:28
10894,1,69.55359649658203,36.63,0,1,0.87,0:47:56
10895,1,56.084815979003906,36.63,0,1,0.87,0:50:15
10896,1,91.7226791381836,36.63,0,1,0.87,0:50:20
10897,1,330.508056640625,36.63,0,1,0.87,0:46:47
10898,1,2.139576435089111,36.63,0,1,0.87,0:49:53
10899,1,11.44741916656494,36.63,0,1,0.87,0:45:43
10900,1,32.88138961791992,36.63,0,1,0.87,0:50:37
10901,1,21.80615043640137,36.63,0,1,0.87,0:47:00
10902,1,15.55781936645508,36.63,0,1,0.87,0:48:28
10903,1,2600.427734375,36.63,1,0,0.87,0:46:54
10904,1,331.5245056152344,36.63,0,1,0.87,0:48:24
10905,1,205.3074493408203,36.63,0,1,0.87,0:46:53
10906,1,219.4850006103516,36.63,0,1,0.87,0:48:18
10907,1,15.55781936645508,36.63,0,1,0.87,0:46:28
10908,1,269.0430908203125,36.63,0,1,0.87,0:49:43
10909,1,62.24077606201172,36.63,1,0,0.87,0:47:57
10910,1,215.1114501953125,36.63,0,1,0.87,0:49:21
10911,1,233.2363739013672,36.63,1,0,0.87,0:48:13
10912,1,380.0,36.63,1,0,0.87,0:48:58
10913,1,263.1090087890625,36.63,0,1,0.87,0:47:20
10914,1,147.0316009521484,36.63,1,0,0.87,0:48:27
10915,1,369.6962890625,36.63,0,1,0.87,0:50:46
10916,1,1.720813989639282,36.63,1,0,0.87,0:49:04
10917,1,71.07490539550781,36.63,0,1,0.87,0:46:51
10918,1,31.97005462646484,36.63,0,1,0.87,0:49:15
10919,1,139.42889404296878,36.63,0,1,0.87,0:47:12
10920,1,233.2363739013672,36.63,1,0,0.87,0:49:29
10921,1,344.6998596191406,36.63,0,1,0.87,0:49:46
10922,1,224.4749908447266,36.63,1,0,0.87,0:46:11
10923,1,187.2318572998047,36.63,1,0,0.87,0:46:47
10924,1,296.1231384277344,36.63,0,1,0.87,0:49:37
10925,1,138.9033355712891,36.63,0,1,0.87,0:47:10
10926,1,291.1369323730469,36.63,0,1,0.87,0:48:09
10927,1,90.65587615966795,36.63,0,1,0.87,0:47:20
10928,1,32.52695846557617,36.63,0,1,0.87,0:47:51
10929,1,259.998291015625,36.63,0,1,0.87,0:49:57
10930,1,12.58986759185791,36.63,0,1,0.87,0:48:23
10931,1,241.50628662109384,36.63,0,1,0.87,0:51:49
10932,1,16.84739112854004,36.63,0,1,0.87,0:50:30
10933,1,118.26126098632808,36.63,0,1,0.87,0:48:56
10934,1,14.566981315612788,36.63,0,1,0.87,0:49:00
10935,1,1238.006591796875,36.63,1,0,0.87,0:45:48
10936,1,11.44741916656494,36.63,1,0,0.87,0:50:09
10937,1,2554.609619140625,36.63,1,0,0.87,0:44:47
10938,1,305.6573791503906,36.63,0,1,0.87,0:49:10
10939,1,184.6761322021484,36.63,1,0,0.87,0:49:44
10940,1,657.2764892578125,36.63,1,0,0.87,0:47:39
10941,1,24.11320304870605,36.63,1,0,0.87,0:48:57
10942,1,273.093505859375,36.63,0,1,0.87,0:48:34
10943,1,95.77094268798828,36.63,1,0,0.87,0:48:20
10944,1,254.7844543457031,36.63,0,1,0.87,0:49:15
10945,1,31.17976570129395,36.63,0,1,0.87,0:47:23
10946,1,137.57452392578122,36.63,0,1,0.87,0:50:56
10947,1,222.6948394775391,36.63,0,1,0.87,0:48:44
10948,1,152.9394073486328,36.63,0,1,0.87,0:47:35
10949,1,20.052143096923828,36.63,0,1,0.87,0:50:27
10950,1,7.965522289276122,36.63,1,0,0.87,0:47:16
10951,1,63.12728118896485,36.63,0,1,0.87,0:46:23
10952,1,315.6446228027344,36.63,0,1,0.87,0:48:37
10953,1,1976.76318359375,36.63,1,0,0.87,0:54:29
10954,1,219.4850006103516,36.63,1,0,0.87,0:50:30
10955,1,122.5372314453125,36.63,0,1,0.87,0:50:07
10956,1,225.7191925048828,36.63,0,1,0.87,0:50:42
10957,1,164.6177520751953,36.63,1,0,0.87,0:46:27
10958,1,282.704345703125,36.63,1,0,0.87,0:47:31
10959,1,201.4784851074219,36.63,0,1,0.87,0:48:53
10960,1,2893.0,36.63,1,0,0.87,0:47:00
10961,1,194.2318115234375,36.63,0,1,0.87,0:48:08
10962,1,421.3871459960938,36.63,0,1,0.87,0:49:36
10963,1,266.2826538085938,36.63,0,1,0.87,0:48:14
10964,1,259.998291015625,36.63,0,1,0.87,0:49:06
10965,1,204.6719512939453,36.63,0,1,0.87,0:46:06
10966,1,614.4942016601562,36.63,0,1,0.87,0:50:54
10967,1,1300.004516601562,36.63,0,1,0.87,0:48:13
10968,1,222.6948394775391,36.63,1,0,0.87,0:48:50
10969,1,5.032363891601562,36.63,1,0,0.87,0:44:16
10970,1,10.09679889678955,36.63,0,1,0.87,0:48:18
10971,1,248.38470458984384,36.63,0,1,0.87,0:47:54
10972,1,10.44183731079102,36.63,0,1,0.87,0:47:14
10973,1,11.4075756072998,36.63,0,1,0.87,0:49:24
10974,1,260.0966186523438,36.63,0,1,0.87,0:51:16
10975,1,10.44183731079102,36.63,1,0,0.87,0:47:13
10976,1,1.979974031448364,36.63,0,1,0.87,0:44:25
10977,1,26.88188362121582,36.63,1,0,0.87,0:43:44
10978,1,207.8825225830078,36.63,0,1,0.87,0:50:02
10979,1,243.7299041748047,36.63,1,0,0.87,0:50:47
10980,1,181.0876922607422,36.63,0,1,0.87,0:47:34
10981,1,476.6568908691406,36.63,1,0,0.87,0:45:58
10982,1,943.02783203125,36.63,1,0,0.87,0:49:36
10983,1,13.445884704589838,36.63,0,1,0.87,0:47:55
10984,1,243.2678375244141,36.63,1,0,0.87,0:47:34
10985,1,112.8550796508789,36.63,0,1,0.87,0:48:59
10986,1,5.445359230041504,36.63,1,0,0.87,0:48:22
10987,1,255.2550354003906,36.63,1,0,0.87,0:48:41
10988,1,64.14952850341797,36.63,0,1,0.87,0:48:02
10989,1,4.303764820098877,36.63,0,1,0.87,0:50:07
10990,1,93.76361846923828,36.63,0,1,0.87,0:46:51
10991,1,407.7540283203125,36.63,1,0,0.87,0:54:16
10992,1,181.5143737792969,36.63,0,1,0.87,0:51:12
10993,1,734.1759033203125,36.63,1,0,0.87,0:42:07
10994,1,10.44183731079102,36.63,1,0,0.87,0:48:30
10995,1,56.084815979003906,36.63,0,1,0.87,0:45:40
10996,1,25.25222396850586,36.63,0,1,0.87,0:48:06
10997,1,259.998291015625,36.63,0,1,0.87,0:50:59
10998,1,267.6293334960938,36.63,0,1,0.87,0:48:12
10999,1,25.88188934326172,36.63,0,1,0.87,0:49:40
11000,1,57.82163619995117,36.63,0,1,0.87,0:44:54
11001,1,59.33108520507812,36.63,0,1,0.87,0:49:38
11002,1,242.8789367675781,36.63,0,1,0.87,0:49:06
11003,1,10.82186985015869,36.63,1,0,0.87,0:49:28
11004,1,152.9338684082031,36.63,1,0,0.87,0:47:03
11005,1,189.2627716064453,36.63,0,1,0.87,0:50:50
11006,1,254.7844543457031,36.63,1,0,0.87,0:42:53
11007,1,14.32654094696045,36.63,1,0,0.87,0:49:44
11008,1,331.6824340820312,36.63,1,0,0.87,0:47:45
11009,1,11.8902006149292,36.63,0,1,0.87,0:48:19
11010,1,10.32964706420898,36.63,1,0,0.87,0:47:39
11011,1,222.7997283935547,36.63,1,0,0.87,0:48:48
11012,1,259.998291015625,36.63,1,0,0.87,0:50:07
11013,1,185.813720703125,36.63,1,0,0.87,0:48:23
11014,1,62.85785675048828,36.63,0,1,0.87,0:47:39
11015,1,614.4942016601562,36.63,0,1,0.87,0:48:04
11016,1,71.6026840209961,36.63,1,0,0.87,0:50:42
11017,1,254.7844543457031,36.63,1,0,0.87,0:47:34
11018,1,57.9035758972168,36.63,1,0,0.87,0:48:06
11019,1,60.15327453613281,36.63,1,0,0.87,0:50:38
11020,1,28.49021911621094,36.63,1,0,0.87,0:49:23
11021,1,-0.959307849407196,36.63,1,0,0.87,0:47:56
11022,1,8.85274600982666,36.63,0,1,0.87,0:49:49
11023,1,278.00607299804693,36.63,0,1,0.87,0:49:55
11024,1,114.0,36.63,1,0,0.87,0:45:37
11025,1,64.01448822021484,36.63,1,0,0.87,0:48:30
11026,1,213.9208221435547,36.63,1,0,0.87,0:47:20
11027,1,15.224977493286133,36.63,0,1,0.87,0:49:19
11028,1,0.0,36.63,0,1,0.87,0:50:38
11029,1,426.6172485351562,36.63,0,1,0.87,0:48:23
11030,1,252.5192565917969,36.63,1,0,0.87,0:50:00
11031,1,103.3260650634766,36.63,0,1,0.87,0:49:42
11032,3,54.23469924926758,36.63,0,1,0.87,0:47:28
11033,1,221.5890655517578,36.63,0,1,0.87,0:46:27
11034,1,304.9642944335938,36.63,1,0,0.87,0:49:13
11035,1,1046.732788085938,36.63,0,1,0.87,0:48:18
11036,1,29.4819507598877,36.63,1,0,0.87,0:48:40
11037,1,113.38473510742192,36.63,1,0,0.87,0:48:59
11038,1,32.88138961791992,36.63,0,1,0.87,0:47:09
11039,1,799.8717651367188,36.63,0,1,0.87,0:47:04
11040,1,296.8638000488281,36.63,0,1,0.87,0:48:49
11041,1,252.5192565917969,36.63,0,1,0.87,0:49:10
11042,1,101.7698516845703,36.63,1,0,0.87,0:48:38
11043,1,24.55533409118652,36.63,1,0,0.87,0:44:02
11044,1,248.8647613525391,36.63,0,1,0.87,0:49:44
11045,1,10.44776248931885,36.63,0,1,0.87,0:49:32
11046,1,1460.8671875,36.63,1,0,0.87,0:45:43
11047,1,247.3672637939453,36.63,1,0,0.87,0:47:54
11048,1,10.71384429931641,36.63,1,0,0.87,0:48:51
11049,1,72.69342041015625,36.63,1,0,0.87,0:48:19
11050,1,253.5734710693359,36.63,0,1,0.87,0:49:14
11051,1,153.0057525634766,36.63,0,1,0.87,0:48:20
11052,1,511.6262512207031,36.63,1,0,0.87,0:49:58
11053,1,244.5631256103516,36.63,1,0,0.87,0:48:46
11054,1,126.1217880249023,36.63,1,0,0.87,0:50:52
11055,1,187.4071044921875,36.63,1,0,0.87,0:49:04
11056,1,18.05331420898438,36.63,0,1,0.87,0:50:15
11057,1,305.9213562011719,36.63,1,0,0.87,0:49:08
11058,1,178.5715484619141,36.63,0,1,0.87,0:48:58
11059,1,31.97005462646484,36.63,0,1,0.87,0:49:36
11060,1,4.143080711364746,36.63,1,0,0.87,0:51:59
11061,1,1300.004516601562,36.63,1,0,0.87,0:47:48
11062,1,284.3707580566406,36.63,0,1,0.87,0:49:01
11063,1,232.5149993896484,36.63,0,1,0.87,0:49:07
11064,1,357.0286254882812,36.63,0,1,0.87,0:48:14
11065,1,86.8436279296875,36.63,0,1,0.87,0:48:16
11066,1,37.34151840209961,36.63,1,0,0.87,0:49:32
11067,1,16.84739112854004,36.63,0,1,0.87,0:49:41
11068,1,428.7605285644531,36.63,0,1,0.87,0:49:52
11069,1,56.084815979003906,36.63,0,1,0.87,0:48:45
11070,1,142.3699798583984,36.63,1,0,0.87,0:51:11
11071,1,31.71040916442871,36.63,1,0,0.87,0:50:00
11072,1,74.23316192626953,36.63,1,0,0.87,0:52:44
11073,1,328.505859375,36.63,0,1,0.87,0:48:38
11074,1,43.00482177734375,36.63,0,1,0.87,0:46:13
11075,1,149.1394653320312,36.63,0,1,0.87,0:50:38
11076,1,408.3877258300781,36.63,1,0,0.87,0:49:11
11077,1,10.54832649230957,36.63,1,0,0.87,0:49:20
11078,1,174.9703216552734,36.63,0,1,0.87,0:45:34
11079,1,103.8417816162109,36.63,0,1,0.87,0:48:32
11080,1,285.1146850585938,36.63,1,0,0.87,0:46:04
11081,1,15.224977493286133,36.63,0,1,0.87,0:48:40
11082,1,32.45754623413086,36.63,0,1,0.87,0:49:51
11083,1,77.97574615478516,36.63,0,1,0.87,0:49:24
11084,1,9.335716247558594,36.63,1,0,0.87,0:46:21
11085,1,153.0057525634766,36.63,1,0,0.87,0:47:42
11086,1,15.55781936645508,36.63,0,1,0.87,0:50:13
11087,1,16.83182334899902,36.63,0,1,0.87,0:48:05
11088,1,288.2652893066406,36.63,1,0,0.87,0:47:43
11089,2,299.6451721191406,36.63,0,1,0.87,0:49:27
11090,1,201.880615234375,36.63,0,1,0.87,0:49:03
11091,1,180.4459686279297,36.63,0,1,0.87,0:50:53
11092,1,229.17529296875,36.63,0,1,0.87,0:46:56
11093,1,12.0,36.63,0,1,0.87,0:49:11
11094,1,142.3699798583984,36.63,0,1,0.87,0:50:53
11095,1,1352.824096679688,36.63,1,0,0.87,0:49:35
11096,1,207.3860931396484,36.63,0,1,0.87,0:47:20
11097,1,315.6446228027344,36.63,1,0,0.87,0:45:49
11098,1,883.9678344726562,36.63,1,0,0.87,0:48:37
11099,1,13.315147399902338,36.63,1,0,0.87,0:44:58
11100,1,37.9741325378418,36.63,0,1,0.87,0:49:41
11101,1,40.29782104492188,36.63,1,0,0.87,0:48:37
11102,1,131.3699645996094,36.63,1,0,0.87,0:48:48
11103,1,149.5798187255859,36.63,0,1,0.87,0:49:46
11104,1,173.3882141113281,36.63,0,1,0.87,0:49:26
11105,1,10.44183731079102,36.63,0,1,0.87,0:48:05
11106,1,1631.184326171875,36.63,1,0,0.87,0:46:03
11107,1,106.8925247192383,36.63,1,0,0.87,0:44:04
11108,1,421.3871459960938,36.63,0,1,0.87,0:48:58
11109,1,56.084815979003906,36.63,0,1,0.87,0:49:06
11110,1,31.97005462646484,36.63,0,1,0.87,0:50:30
11111,1,200.7367095947266,36.63,0,1,0.87,0:51:42
11112,1,259.998291015625,36.63,0,1,0.87,0:48:38
11113,1,111.1497421264648,36.63,1,0,0.87,0:47:53
11114,1,109.4568328857422,36.63,0,1,0.87,0:50:12
11115,1,16.698308944702152,36.63,1,0,0.87,0:46:31
11116,1,127.01718139648442,36.63,1,0,0.87,0:47:18
11117,1,6.027743339538574,36.63,0,1,0.87,0:47:46
11118,1,219.4850006103516,36.63,0,1,0.87,0:51:36
11119,1,78.6194839477539,36.63,1,0,0.87,0:49:46
11120,1,62.65825271606445,36.63,1,0,0.87,0:47:39
11121,1,259.998291015625,36.63,0,1,0.87,0:49:56
11122,1,242.7269287109375,36.63,0,1,0.87,0:49:50
11123,1,692.572021484375,36.63,1,0,0.87,0:50:31
11124,1,242.7269287109375,36.63,0,1,0.87,0:49:50
11125,1,146.0377807617188,36.63,1,0,0.87,0:49:25
11126,1,215.57110595703116,36.63,1,0,0.87,0:49:18
11127,1,56.31350708007812,36.63,0,1,0.87,0:49:47
11128,1,1623.9774169921882,36.63,1,0,0.87,0:48:13
11129,1,13.0,36.63,0,1,0.87,0:49:35
11130,1,259.998291015625,36.63,0,1,0.87,0:52:44
11131,1,202.9051818847656,36.63,0,1,0.87,0:46:00
11132,1,22.02759552001953,36.63,0,1,0.87,0:48:43
11133,1,20.73955917358398,36.63,1,0,0.87,0:49:33
11134,1,232.5149993896484,36.63,1,0,0.87,0:45:41
11135,1,15.55781936645508,36.63,0,1,0.87,0:49:05
11136,1,183.04083251953116,36.63,1,0,0.87,0:47:45
11137,1,35.90165328979492,36.63,1,0,0.87,0:48:04
11138,1,137.57452392578122,36.63,1,0,0.87,0:49:00
11139,1,108.55994415283199,36.63,0,1,0.87,0:50:58
11140,1,16.84739112854004,36.63,0,1,0.87,0:48:12
11141,1,31.97005462646484,36.63,0,1,0.87,0:45:15
11142,1,56.084815979003906,36.63,0,1,0.87,0:47:36
11143,1,181.5143737792969,36.63,0,1,0.87,0:49:57
11144,1,52.04446411132812,36.63,1,0,0.87,0:55:08
11145,1,10.44183731079102,36.63,0,1,0.87,0:49:24
11146,1,36.52098846435547,36.63,1,0,0.87,0:48:40
11147,1,42.47363662719727,36.63,1,0,0.87,0:49:02
11148,1,484.7640075683594,36.63,1,0,0.87,0:49:02
11149,1,600.7365112304688,36.63,0,1,0.87,0:47:39
11150,1,52.51739120483398,36.63,0,1,0.87,0:43:16
11151,1,0.5368872284889221,36.63,1,0,0.87,0:43:31
11152,1,332.7853698730469,36.63,0,1,0.87,0:49:29
11153,1,421.3871459960938,36.63,1,0,0.87,0:50:47
11154,1,109.5122451782227,36.63,1,0,0.87,0:49:11
11155,1,1831.0819091796882,36.63,0,1,0.87,0:49:01
11156,1,77.22608184814453,36.63,1,0,0.87,0:46:13
11157,1,167.9832916259766,36.63,0,1,0.87,0:51:53
11158,1,283.1936340332031,36.63,0,1,0.87,0:49:08
11159,1,10.44776248931885,36.63,0,1,0.87,0:52:08
11160,1,8.194785118103027,36.63,1,0,0.87,0:49:35
11161,1,64.14952850341797,36.63,0,1,0.87,0:50:22
11162,1,8.85274600982666,36.63,1,0,0.87,0:50:39
11163,1,37.9741325378418,36.63,0,1,0.87,0:47:05
11164,1,259.998291015625,36.63,0,1,0.87,0:50:45
11165,1,15.224977493286133,36.63,1,0,0.87,0:48:01
11166,1,17.08699035644531,36.63,1,0,0.87,0:50:25
11167,1,45.1541862487793,36.63,0,1,0.87,0:50:56
11168,1,42.80603790283203,36.63,1,0,0.87,0:49:57
11169,1,250.7317199707031,36.63,0,1,0.87,0:49:07
11170,1,10.44183731079102,36.63,0,1,0.87,0:49:00
11171,1,896.4544677734375,36.63,1,0,0.87,0:46:20
11172,1,259.998291015625,36.63,0,1,0.87,0:48:00
11173,1,259.998291015625,36.63,0,1,0.87,0:48:14
11174,1,213.8687438964844,36.63,1,0,0.87,0:50:24
11175,1,213.8687438964844,36.63,0,1,0.87,0:50:24
11176,1,4.375861644744873,36.63,0,1,0.87,0:48:41
11177,1,20.15006828308105,36.63,0,1,0.87,0:50:35
11178,1,324.2500610351562,36.63,1,0,0.87,0:47:53
11179,1,248.38470458984384,36.63,0,1,0.87,0:45:20
11180,1,1089.23193359375,36.63,0,1,0.87,0:49:53
11181,1,143.3762512207031,36.63,1,0,0.87,0:49:12
11182,1,1596.6729736328118,36.63,0,1,0.87,0:44:26
11183,1,139.42889404296878,36.63,1,0,0.87,0:48:33
11184,1,195.8337860107422,36.63,1,0,0.87,0:43:17
11185,1,98.07649993896484,36.63,0,1,0.87,0:47:36
11186,1,45.1541862487793,36.63,1,0,0.87,0:48:41
11187,1,275.03494262695307,36.63,1,0,0.87,0:49:26
11188,1,666.8341674804688,36.63,1,0,0.87,0:49:06
11189,1,104.7041854858398,36.63,0,1,0.87,0:47:20
11190,1,1325.164916992188,36.63,0,1,0.87,0:44:41
11191,1,77.97574615478516,36.63,0,1,0.87,0:44:41
11192,1,314.1141662597656,36.63,1,0,0.87,0:45:17
11193,1,181.5143737792969,36.63,1,0,0.87,0:44:38
11194,1,767.4879150390625,36.63,1,0,0.87,0:44:35
11195,1,152.9394073486328,36.63,0,1,0.87,0:51:06
11196,1,10.44776248931885,36.63,0,1,0.87,0:48:22
11197,1,6.029303550720215,36.63,1,0,0.87,0:49:12
11198,1,1105.029907226562,36.63,0,1,0.87,0:49:15
11199,1,315.6446228027344,36.63,0,1,0.87,0:50:41
11200,1,10.44776248931885,36.63,1,0,0.87,0:46:42
11201,1,10.76257038116455,36.63,1,0,0.87,0:48:25
11202,1,1604.4976806640618,36.63,1,0,0.87,0:44:36
11203,1,19.43305969238281,36.63,0,1,0.87,0:48:22
11204,1,18.93695259094238,36.63,1,0,0.87,0:48:17
11205,1,113.2635650634766,36.63,0,1,0.87,0:50:54
11206,1,167.9832916259766,36.63,0,1,0.87,0:48:37
11207,1,181.5143737792969,36.63,0,1,0.87,0:48:24
11208,1,37.34151840209961,36.63,0,1,0.87,0:49:24
11209,1,266.3762817382812,36.63,0,1,0.87,0:48:37
11210,1,1.475898504257202,36.63,0,1,0.87,0:46:40
11211,1,321.9679870605469,36.63,0,1,0.87,0:50:46
11212,1,181.5143737792969,36.63,0,1,0.87,0:49:59
11213,1,146.0377807617188,36.63,1,0,0.87,0:50:46
11214,1,141.1389312744141,36.63,1,0,0.87,0:48:00
11215,1,248.9492492675781,36.63,1,0,0.87,0:50:46
11216,1,15.55781936645508,36.63,0,1,0.87,0:49:14
11217,1,309.4542541503906,36.63,0,1,0.87,0:49:42
11218,1,173.2424621582031,36.63,0,1,0.87,0:46:47
11219,1,290.5646057128906,36.63,1,0,0.87,0:46:55
11220,1,22.23203277587891,36.63,0,1,0.87,0:49:30
11221,1,1412.0616455078118,36.63,1,0,0.87,0:55:31
11222,1,16.84739112854004,36.63,0,1,0.87,0:46:52
11223,1,105.9341201782227,36.63,0,1,0.87,0:51:09
11224,1,18.26416397094727,36.63,1,0,0.87,0:46:41
11225,1,413.7853393554688,36.63,0,1,0.87,0:50:17
11226,1,16.83182334899902,36.63,0,1,0.87,0:51:06
11227,1,119.56497192382808,36.63,1,0,0.87,0:45:55
11228,1,12.82390880584717,36.63,0,1,0.87,0:48:46
11229,1,182.7666320800781,36.63,1,0,0.87,0:48:54
11230,1,270.910888671875,36.63,0,1,0.87,0:48:42
11231,1,152.9394073486328,36.63,0,1,0.87,0:50:56
11232,1,312.5741882324219,36.63,1,0,0.87,0:50:01
11233,1,14.32654094696045,36.63,0,1,0.87,0:48:28
11234,1,248.8647613525391,36.63,0,1,0.87,0:48:11
11235,1,248.8647613525391,36.63,1,0,0.87,0:48:11
11236,1,138.3571929931641,36.63,0,1,0.87,0:49:54
11237,1,254.7844543457031,36.63,0,1,0.87,0:47:48
11238,1,41.74667739868164,36.63,1,0,0.87,0:50:08
11239,1,49.35443496704102,36.63,0,1,0.87,0:50:19
11240,1,368.7357788085938,36.63,1,0,0.87,0:49:10
11241,1,1855.5650634765616,36.63,1,0,0.87,0:42:16
11242,1,51.87065505981445,36.63,0,1,0.87,0:49:04
11243,1,254.7844543457031,36.63,0,1,0.87,0:49:22
11244,1,61.90258407592773,36.63,1,0,0.87,0:49:52
11245,1,185.2336273193359,36.63,0,1,0.87,0:49:29
11246,1,269.97705078125,36.63,1,0,0.87,0:47:20
11247,1,130.0745849609375,36.63,1,0,0.87,0:49:41
11248,1,16.66305160522461,36.63,0,1,0.87,0:51:20
11249,1,1332.598876953125,36.63,0,1,0.87,0:45:35
11250,1,259.998291015625,36.63,1,0,0.87,0:49:57
11251,1,614.4942016601562,36.63,0,1,0.87,0:50:40
11252,1,134.4911193847656,36.63,1,0,0.87,0:47:47
11253,1,430.595458984375,36.63,1,0,0.87,0:49:17
11254,1,222.7997283935547,36.63,0,1,0.87,0:45:26
11255,1,77.97574615478516,36.63,0,1,0.87,0:49:18
11256,1,138.0612945556641,36.63,1,0,0.87,0:51:01
11257,1,43.62190246582031,36.63,0,1,0.87,0:45:41
11258,1,9.87485122680664,36.63,0,1,0.87,0:49:24
11259,1,9.664861679077148,36.63,0,1,0.87,0:47:32
11260,1,197.583984375,36.63,1,0,0.87,0:50:50
11261,1,16.84739112854004,36.63,1,0,0.87,0:49:11
11262,1,15.55781936645508,36.63,0,1,0.87,0:49:58
11263,1,9.259319305419922,36.63,1,0,0.87,0:50:08
11264,1,657.2290649414062,36.63,1,0,0.87,0:49:10
11265,1,262.58676147460943,36.63,0,1,0.87,0:49:31
11266,1,6.240824699401856,36.63,1,0,0.87,0:49:39
11267,1,7.965522289276122,36.63,0,1,0.87,0:49:38
11268,1,2299.197509765625,36.63,0,1,0.87,0:46:34
11269,1,311.047607421875,36.63,1,0,0.87,0:48:19
11270,1,5.020810604095459,36.63,1,0,0.87,0:37:34
11271,1,9.36025619506836,36.63,0,1,0.87,0:46:15
11272,1,190.1064758300781,36.63,0,1,0.87,0:51:36
11273,1,1623.9774169921882,36.63,0,1,0.87,0:47:21
11274,1,16.83182334899902,36.63,0,1,0.87,0:49:09
11275,1,11.05302143096924,36.63,0,1,0.87,0:51:37
11276,1,10.44776248931885,36.63,1,0,0.87,0:46:47
11277,1,98.12677764892578,36.63,1,0,0.87,0:47:28
11278,1,85.97801971435547,36.63,1,0,0.87,0:50:50
11279,1,1631.184326171875,36.63,0,1,0.87,0:49:12
11280,1,666.8341674804688,36.63,0,1,0.87,0:47:31
11281,1,514.8724365234375,36.63,1,0,0.87,0:49:55
11282,1,229.8021545410156,36.63,0,1,0.87,0:46:05
11283,1,614.4942016601562,36.63,0,1,0.87,0:48:15
11284,1,325.2728271484375,36.63,0,1,0.87,0:51:35
11285,1,206.0679779052734,36.63,1,0,0.87,0:49:28
11286,1,120.9079360961914,36.63,0,1,0.87,0:46:35
11287,1,225.5588531494141,36.63,0,1,0.87,0:47:08
11288,1,16.83182334899902,36.63,0,1,0.87,0:47:38
11289,1,91.7226791381836,36.63,1,0,0.87,0:45:45
11290,1,14.566981315612788,36.63,0,1,0.87,0:49:40
11291,1,614.4942016601562,36.63,0,1,0.87,0:46:09
11292,1,233.36956787109384,36.63,1,0,0.87,0:45:03
11293,1,31.53159141540527,36.63,0,1,0.87,0:49:34
11294,1,197.583984375,36.63,0,1,0.87,0:51:16
11295,1,767.4879150390625,36.63,1,0,0.87,0:48:48
11296,1,202.2101898193359,36.63,1,0,0.87,0:47:03
11297,1,10.44776248931885,36.63,0,1,0.87,0:46:25
11298,1,91.7226791381836,36.63,0,1,0.87,0:47:10
11299,1,180.35089111328116,36.63,0,1,0.87,0:50:51
11300,1,134.9916687011719,36.63,1,0,0.87,0:47:41
11301,1,200.3652648925781,36.63,1,0,0.87,0:50:00
11302,1,10.44183731079102,36.63,1,0,0.87,0:49:54
11303,1,17.80105018615723,36.63,0,1,0.87,0:48:23
11304,1,197.583984375,36.63,0,1,0.87,0:49:29
11305,1,114.3589859008789,36.63,1,0,0.87,0:49:19
11306,1,183.2224578857422,36.63,1,0,0.87,0:48:52
11307,1,2465.108642578125,36.63,0,1,0.87,0:50:04
11308,1,0.5368872284889221,36.63,0,1,0.87,0:48:39
11309,1,46.49349594116211,36.63,1,0,0.87,0:48:46
11310,1,31.17976570129395,36.63,0,1,0.87,0:50:08
11311,1,3.0,36.63,0,1,0.87,0:49:21
11312,1,35.90165328979492,36.63,1,0,0.87,0:49:54
11313,1,108.5486068725586,36.63,0,1,0.87,0:48:34
11314,1,60.59030532836914,36.63,0,1,0.87,0:50:00
11315,1,275.064453125,36.63,1,0,0.87,0:51:14
11316,1,11.05302143096924,36.63,0,1,0.87,0:50:19
11317,1,17.3270263671875,36.63,0,1,0.87,0:50:54
11318,1,56.084815979003906,36.63,0,1,0.87,0:50:37
11319,1,131.0602111816406,36.63,1,0,0.87,0:51:13
11320,1,77.97574615478516,36.63,0,1,0.87,0:49:32
11321,1,343.5472106933594,36.63,0,1,0.87,0:49:30
11322,1,10.44776248931885,36.63,0,1,0.87,0:49:17
11323,1,1581.0887451171882,36.63,0,1,0.87,0:49:27
11324,1,1300.004516601562,36.63,1,0,0.87,0:49:50
11325,1,138.9033355712891,36.63,1,0,0.87,0:48:11
11326,1,16.83182334899902,36.63,0,1,0.87,0:49:20
11327,1,15.55781936645508,36.63,0,1,0.87,0:48:58
11328,1,320.0387878417969,36.63,0,1,0.87,0:49:10
11329,1,320.0387878417969,36.63,0,1,0.87,0:50:34
11330,1,223.55029296875,36.63,1,0,0.87,0:43:24
11331,1,51.94340515136719,36.63,0,1,0.87,0:49:39
11332,1,221.5115814208984,36.63,1,0,0.87,0:46:12
11333,1,13.074999809265142,36.63,0,1,0.87,0:50:12
11334,1,51.61442184448242,36.63,0,1,0.87,0:48:47
11335,1,324.2500610351562,36.63,0,1,0.87,0:48:44
11336,1,55.22239303588867,36.63,0,1,0.87,0:47:00
11337,1,152.9394073486328,36.63,0,1,0.87,0:49:55
11338,1,3.310425281524658,36.63,1,0,0.87,0:49:41
11339,1,19.23562431335449,36.63,0,1,0.87,0:49:36
11340,1,167.9832916259766,36.63,0,1,0.87,0:52:19
11341,1,11.57025718688965,36.63,0,1,0.87,0:49:04
11342,1,10.75895500183105,36.63,0,1,0.87,0:44:46
11343,1,31.17976570129395,36.63,0,1,0.87,0:49:07
11344,1,1596.6729736328118,36.63,1,0,0.87,0:50:23
11345,1,224.5060272216797,36.63,0,1,0.87,0:47:55
11346,1,28.003864288330078,36.63,0,1,0.87,0:50:41
11347,1,193.0290832519531,36.63,0,1,0.87,0:47:36
11348,1,233.7287750244141,36.63,1,0,0.87,0:49:30
11349,1,232.5149993896484,36.63,1,0,0.87,0:46:14
11350,1,12.0,36.63,0,1,0.87,0:51:36
11351,1,237.0304260253906,36.63,0,1,0.87,0:46:41
11352,1,11.57025718688965,36.63,0,1,0.87,0:49:54
11353,1,164.3381500244141,36.63,1,0,0.87,0:46:18
11354,1,6.240824699401856,36.63,0,1,0.87,0:50:06
11355,1,19.42654228210449,36.63,1,0,0.87,0:47:39
11356,1,16.84739112854004,36.63,0,1,0.87,0:48:03
11357,1,320.0387878417969,36.63,0,1,0.87,0:46:59
11358,1,428.7605285644531,36.63,0,1,0.87,0:48:01
11359,1,1140.048706054688,36.63,1,0,0.87,0:48:48
11360,1,326.9779968261719,36.63,0,1,0.87,0:50:59
11361,1,377.5501098632812,36.63,1,0,0.87,0:49:20
11362,1,220.4040222167969,36.63,1,0,0.87,0:50:00
11363,1,140.9563293457031,36.63,0,1,0.87,0:49:44
11364,1,69.01016235351561,36.63,1,0,0.87,0:45:47
11365,1,107.1270523071289,36.63,0,1,0.87,0:51:43
11366,1,131.3172607421875,36.63,1,0,0.87,0:47:14
11367,1,47.9645881652832,36.63,1,0,0.87,0:49:39
11368,1,56.084815979003906,36.63,0,1,0.87,0:47:49
11369,1,484.7640075683594,36.63,0,1,0.87,0:50:56
11370,1,263.1090087890625,36.63,0,1,0.87,0:48:18
11371,1,37.34151840209961,36.63,0,1,0.87,0:50:49
11372,1,140.9563293457031,36.63,1,0,0.87,0:48:53
11373,1,5.020810604095459,36.63,0,1,0.87,0:48:57
11374,1,897.9967651367188,36.63,0,1,0.87,0:49:19
11375,1,220.7496185302734,36.63,1,0,0.87,0:48:41
11376,1,422.0629577636719,36.63,1,0,0.87,0:44:46
11377,1,79.19601440429688,36.63,1,0,0.87,0:46:56
11378,1,421.3871459960938,36.63,1,0,0.87,0:50:47
11379,1,67.05751800537111,36.63,0,1,0.87,0:46:51
11380,1,207.8486175537109,36.63,1,0,0.87,0:48:47
11381,1,16.83182334899902,36.63,0,1,0.87,0:46:09
11382,1,259.998291015625,36.63,1,0,0.87,0:49:44
11383,1,18.05331420898438,36.63,0,1,0.87,0:49:14
11384,1,51.877418518066406,36.63,0,1,0.87,0:50:43
11385,1,45.1541862487793,36.63,0,1,0.87,0:49:02
11386,1,183.2224578857422,36.63,1,0,0.87,0:45:13
11387,1,209.2055511474609,36.63,1,0,0.87,0:50:41
11388,1,31.2812614440918,36.63,1,0,0.87,0:50:24
11389,1,317.6456298828125,36.63,0,1,0.87,0:49:13
11390,1,189.2158508300781,36.63,1,0,0.87,0:45:50
11391,1,62.91466903686523,36.63,1,0,0.87,0:49:10
11392,1,22.78268432617188,36.63,1,0,0.87,0:50:35
11393,1,38.78234481811523,36.63,1,0,0.87,0:49:28
11394,1,214.0022888183594,36.63,1,0,0.87,0:49:46
11395,1,56.084815979003906,36.63,1,0,0.87,0:47:54
11396,1,10.44183731079102,36.63,0,1,0.87,0:48:12
11397,1,244.7841796875,36.63,1,0,0.87,0:46:12
11398,1,1663.6351318359382,36.63,0,1,0.87,0:48:40
11399,1,38.78234481811523,36.63,1,0,0.87,0:49:28
11400,1,233.7287750244141,36.63,0,1,0.87,0:46:12
11401,1,1357.120361328125,36.63,0,1,0.87,0:47:58
11402,1,13.027480125427251,36.63,0,1,0.87,0:46:50
11403,1,632.0,36.63,0,1,0.87,0:51:19
11404,1,249.9987335205078,36.63,1,0,0.87,0:50:23
11405,1,1046.732788085938,36.63,0,1,0.87,0:49:25
11406,1,657.2290649414062,36.63,0,1,0.87,0:49:03
11407,1,11.278846740722662,36.63,0,1,0.87,0:50:16
11408,1,116.9078826904297,36.63,0,1,0.87,0:50:25
11409,1,197.41845703125,36.63,1,0,0.87,0:49:24
11410,1,3.2000000476837163,36.63,0,1,0.87,0:47:02
11411,1,126.8827362060547,36.63,0,1,0.87,0:49:24
11412,1,322.8655395507812,36.63,0,1,0.87,0:49:33
11413,1,36.75872421264648,36.63,0,1,0.87,0:47:19
11414,1,218.5335693359375,36.63,0,1,0.87,0:49:47
11415,1,264.21194458007807,36.63,0,1,0.87,0:50:05
11416,2,1525.08740234375,36.63,0,1,0.87,0:48:56
11417,1,37.14537048339844,36.63,0,1,0.87,0:49:12
11418,1,140.9563293457031,36.63,0,1,0.87,0:49:04
11419,1,55.65824508666992,36.63,0,1,0.87,0:48:36
11420,1,73.17938995361328,36.63,0,1,0.87,0:48:25
11421,1,15.224977493286133,36.63,0,1,0.87,0:50:17
11422,1,1.720813989639282,36.63,1,0,0.87,0:50:22
11423,1,13.074999809265142,36.63,0,1,0.87,0:50:03
11424,1,319.9195251464844,36.63,0,1,0.87,0:48:03
11425,1,102.18041229248051,36.63,1,0,0.87,0:47:18
11426,1,9.36025619506836,36.63,1,0,0.87,0:48:48
11427,1,1976.76318359375,36.63,0,1,0.87,0:47:41
11428,1,486.5151062011719,36.63,0,1,0.87,0:50:17
11429,1,65.30429840087889,36.63,1,0,0.87,0:51:29
11430,1,104.1357421875,36.63,0,1,0.87,0:46:07
11431,1,181.5143737792969,36.63,0,1,0.87,0:49:50
11432,1,41.4415168762207,36.63,0,1,0.87,0:49:25
11433,1,486.5151062011719,36.63,0,1,0.87,0:50:17
11434,1,18.43984794616699,36.63,1,0,0.87,0:46:34
11435,1,27.23297309875488,36.63,0,1,0.87,0:48:37
11436,1,398.2716369628906,36.63,1,0,0.87,0:50:18
11437,1,28.003864288330078,36.63,1,0,0.87,0:48:00
11438,1,77.97574615478516,36.63,0,1,0.87,0:47:26
11439,1,108.46487426757808,36.63,0,1,0.87,0:48:23
11440,1,119.56497192382808,36.63,1,0,0.87,0:48:50
11441,1,4.721741199493408,36.63,0,1,0.87,0:49:20
11442,1,200.7367095947266,36.63,0,1,0.87,0:50:04
11443,1,21.48232460021973,36.63,1,0,0.87,0:48:32
11444,1,220.8075714111328,36.63,1,0,0.87,0:49:10
11445,1,614.4942016601562,36.63,0,1,0.87,0:48:29
11446,1,77.97574615478516,36.63,0,1,0.87,0:48:07
11447,1,167.9832916259766,36.63,0,1,0.87,0:50:53
11448,1,1105.029907226562,36.63,1,0,0.87,0:48:35
11449,1,284.3707580566406,36.63,1,0,0.87,0:49:02
11450,1,190.1930236816406,36.63,1,0,0.87,0:53:16
11451,1,233.2363739013672,36.63,0,1,0.87,0:49:14
11452,1,315.9778747558594,36.63,0,1,0.87,0:49:48
11453,1,149.1394653320312,36.63,0,1,0.87,0:48:34
11454,1,611.3375244140625,36.63,0,1,0.87,0:47:51
11455,1,122.5372314453125,36.63,0,1,0.87,0:50:38
11456,1,14.32654094696045,36.63,1,0,0.87,0:48:47
11457,1,149.1394653320312,36.63,0,1,0.87,0:49:56
11458,1,86.84709167480469,36.63,0,1,0.87,0:49:25
11459,1,11.57025718688965,36.63,0,1,0.87,0:48:30
11460,1,232.5149993896484,36.63,1,0,0.87,0:47:00
11461,1,614.4942016601562,36.63,0,1,0.87,0:48:59
11462,1,35.90165328979492,36.63,0,1,0.87,0:49:56
11463,1,55.27118682861328,36.63,0,1,0.87,0:49:57
11464,1,1643.08056640625,36.63,0,1,0.87,0:50:53
11465,1,1841.2342529296882,36.63,1,0,0.87,0:47:41
11466,1,14.566981315612788,36.63,1,0,0.87,0:45:46
11467,1,2.022631406784058,36.63,1,0,0.87,0:41:11
11468,1,16.83182334899902,36.63,0,1,0.87,0:49:08
11469,1,14.566981315612788,36.63,0,1,0.87,0:45:47
11470,1,257.3255004882812,36.63,1,0,0.87,0:45:37
11471,1,7.058139324188232,36.63,0,1,0.87,0:52:41
11472,1,167.9832916259766,36.63,0,1,0.87,0:48:00
11473,1,102.18771362304692,36.63,0,1,0.87,0:51:08
11474,1,397.3585205078125,36.63,0,1,0.87,0:50:28
11475,1,69.51416778564453,36.63,1,0,0.87,0:48:28
11476,1,31.15179443359375,36.63,0,1,0.87,0:50:00
11477,1,424.5280151367188,36.63,0,1,0.87,0:50:13
11478,1,413.7853393554688,36.63,0,1,0.87,0:49:29
11479,1,10.44776248931885,36.63,0,1,0.87,0:46:59
11480,1,31.52193450927734,36.63,0,1,0.87,0:49:19
11481,1,237.6291656494141,36.63,0,1,0.87,0:47:47
11482,1,39.12737655639648,36.63,0,1,0.87,0:50:28
11483,1,380.0,36.63,0,1,0.87,0:50:15
11484,1,237.0304260253906,36.63,0,1,0.87,0:49:49
11485,1,31.97005462646484,36.63,0,1,0.87,0:54:19
11486,1,233.2363739013672,36.63,0,1,0.87,0:51:54
11487,1,6.807552337646484,36.63,1,0,0.87,0:48:54
11488,1,140.58866882324222,36.63,1,0,0.87,0:47:42
11489,1,211.7729034423828,36.63,1,0,0.87,0:49:08
11490,1,251.80560302734384,36.63,0,1,0.87,0:48:30
11491,1,181.5143737792969,36.63,0,1,0.87,0:49:21
11492,1,12.58986759185791,36.63,1,0,0.87,0:48:29
11493,1,528.5328979492189,36.63,1,0,0.87,0:50:16
11494,1,86.84709167480469,36.63,1,0,0.87,0:48:12
11495,1,67.96146392822266,36.63,0,1,0.87,0:47:26
11496,1,614.4942016601562,36.63,0,1,0.87,0:51:51
11497,1,14.82353019714355,36.63,0,1,0.87,0:50:59
11498,1,4.954220771789551,36.63,1,0,0.87,0:43:10
11499,1,15.55781936645508,36.63,0,1,0.87,0:48:29
11500,1,285.3211059570312,36.63,1,0,0.87,0:43:55
11501,1,42.37669372558594,36.63,1,0,0.87,0:48:20
11502,1,1509.999267578125,36.63,0,1,0.87,0:48:24
11503,1,10.44776248931885,36.63,0,1,0.87,0:50:44
11504,1,2681.665771484375,36.63,1,0,0.87,0:49:16
11505,1,51.94340515136719,36.63,0,1,0.87,0:52:09
11506,1,91.7226791381836,36.63,1,0,0.87,0:48:36
11507,1,37.5223388671875,36.63,1,0,0.87,0:49:26
11508,1,544.2213134765625,36.63,1,0,0.87,0:45:31
11509,1,241.1495513916016,36.63,0,1,0.87,0:49:15
11510,1,35.90165328979492,36.63,1,0,0.87,0:48:22
11511,1,11.84257507324219,36.63,0,1,0.87,0:46:52
11512,1,15.55781936645508,36.63,0,1,0.87,0:50:12
11513,1,14.566981315612788,36.63,1,0,0.87,0:49:26
11514,1,72.50554656982422,36.63,1,0,0.87,0:47:14
11515,1,253.3382415771484,36.63,0,1,0.87,0:51:22
11516,1,484.7640075683594,36.63,1,0,0.87,0:46:58
11517,1,11.868617057800288,36.63,0,1,0.87,0:48:54
11518,1,2.411711931228638,36.63,0,1,0.87,0:51:23
11519,1,120.8983688354492,36.63,0,1,0.87,0:48:59
11520,1,15.55781936645508,36.63,0,1,0.87,0:49:45
11521,1,41.13945007324219,36.63,0,1,0.87,0:50:27
11522,1,253.1743621826172,36.63,1,0,0.87,0:55:25
11523,1,259.998291015625,36.63,0,1,0.87,0:51:05
11524,1,1210.288818359375,36.63,1,0,0.87,0:46:15
11525,1,12.58986759185791,36.63,1,0,0.87,0:48:42
11526,1,11.34140872955322,36.63,0,1,0.87,0:48:46
11527,1,149.1394653320312,36.63,0,1,0.87,0:50:09
11528,1,213.8687438964844,36.63,0,1,0.87,0:50:49
11529,1,5.784574031829834,36.63,1,0,0.87,0:46:36
11530,1,292.6947631835938,36.63,0,1,0.87,0:49:16
11531,1,9.22296905517578,36.63,0,1,0.87,0:50:49
11532,1,211.506591796875,36.63,1,0,0.87,0:49:20
11533,1,260.84353637695307,36.63,0,1,0.87,0:49:25
11534,1,32.20459365844727,36.63,1,0,0.87,0:47:46
11535,1,710.0,36.63,0,1,0.87,0:45:31
11536,1,614.4942016601562,36.63,0,1,0.87,0:48:17
11537,1,12.88004207611084,36.63,1,0,0.87,0:46:55
11538,1,637.1096801757812,36.63,1,0,0.87,0:47:45
11539,1,3.297203540802002,36.63,1,0,0.87,0:46:44
11540,1,71.8073501586914,36.63,0,1,0.87,0:47:46
11541,1,259.998291015625,36.63,0,1,0.87,0:47:45
11542,1,259.998291015625,36.63,0,1,0.87,0:49:57
11543,1,8.194785118103027,36.63,0,1,0.87,0:50:21
11544,1,516.3578491210939,36.63,0,1,0.87,0:50:15
11545,1,22.17125129699707,36.63,0,1,0.87,0:48:46
11546,1,320.0387878417969,36.63,0,1,0.87,0:47:55
11547,1,4.641374111175537,36.63,0,1,0.87,0:48:18
11548,1,181.5143737792969,36.63,0,1,0.87,0:48:49
11549,1,38.22609329223633,36.63,0,1,0.87,0:49:22
11550,1,1628.9993896484382,36.63,1,0,0.87,0:48:14
11551,1,1374.862060546875,36.63,0,1,0.87,0:47:11
11552,1,77.97574615478516,36.63,0,1,0.87,0:53:12
11553,1,318.9283142089844,36.63,1,0,0.87,0:49:57
11554,1,31.90295219421387,36.63,1,0,0.87,0:52:26
11555,1,35.90165328979492,36.63,1,0,0.87,0:46:53
11556,1,171.3365936279297,36.63,0,1,0.87,0:50:20
11557,1,242.7269287109375,36.63,1,0,0.87,0:50:42
11558,1,22.17125129699707,36.63,1,0,0.87,0:51:48
11559,1,6.489360332489014,36.63,1,0,0.87,0:48:03
11560,1,111.1841888427734,36.63,1,0,0.87,0:49:23
11561,1,225.9079742431641,36.63,1,0,0.87,0:48:20
11562,1,300.2681274414062,36.63,0,1,0.87,0:50:44
11563,1,29.61646842956543,36.63,0,1,0.87,0:48:47
11564,1,516.3578491210939,36.63,0,1,0.87,0:49:00
11565,1,77.97574615478516,36.63,0,1,0.87,0:47:33
11566,1,1413.3297119140618,36.63,1,0,0.87,0:44:29
11567,1,647.6728515625,36.63,1,0,0.87,0:46:46
11568,1,320.0387878417969,36.63,0,1,0.87,0:50:57
11569,1,2.7546546459198,36.63,0,1,0.87,0:48:06
11570,1,4.242449760437012,36.63,1,0,0.87,0:51:59
11571,1,25.37751960754395,36.63,1,0,0.87,0:51:24
11572,1,25.37751960754395,36.63,0,1,0.87,0:51:30
11573,1,378.2447204589844,36.63,1,0,0.87,0:48:01
11574,1,152.3335723876953,36.63,0,1,0.87,0:49:33
11575,1,22.64608001708984,36.63,1,0,0.87,0:45:18
11576,1,226.7956085205078,36.63,0,1,0.87,0:48:38
11577,1,184.2229766845703,36.63,0,1,0.87,0:49:24
11578,1,60.15327453613281,36.63,1,0,0.87,0:50:38
11579,1,11.085031509399409,36.63,1,0,0.87,0:49:17
11580,1,324.2500610351562,36.63,0,1,0.87,0:51:00
11581,1,220.8075714111328,36.63,0,1,0.87,0:49:39
11582,1,17.31131172180176,36.63,1,0,0.87,0:51:40
11583,1,20.15006828308105,36.63,0,1,0.87,0:47:18
11584,1,1623.9774169921882,36.63,0,1,0.87,0:51:29
11585,1,21.0,36.63,1,0,0.87,0:42:54
11586,1,194.29931640625,36.63,0,1,0.87,0:49:41
11587,1,138.3571929931641,36.63,1,0,0.87,0:48:18
11588,1,266.2826538085938,36.63,1,0,0.87,0:46:53
11589,1,181.5143737792969,36.63,0,1,0.87,0:49:04
11590,1,119.14315795898442,36.63,1,0,0.87,0:46:10
11591,1,398.2716369628906,36.63,0,1,0.87,0:47:48
11592,1,28.003864288330078,36.63,1,0,0.87,0:48:40
11593,1,2375.322509765625,36.63,0,1,0.87,0:49:52
11594,1,108.59677124023442,36.63,1,0,0.87,0:45:10
11595,1,11.085031509399409,36.63,0,1,0.87,0:47:09
11596,1,67.15016174316406,36.63,0,1,0.87,0:48:39
11597,1,149.1394653320312,36.63,0,1,0.87,0:51:05
11598,1,259.998291015625,36.63,1,0,0.87,0:48:53
11599,1,207.0957794189453,36.63,1,0,0.87,0:46:46
11600,1,138.3571929931641,36.63,0,1,0.87,0:46:38
11601,1,232.07177734375,36.63,1,0,0.87,0:47:59
11602,1,176.3090667724609,36.63,0,1,0.87,0:48:43
11603,1,222.7997283935547,36.63,0,1,0.87,0:50:09
11604,1,285.3211059570312,36.63,1,0,0.87,0:53:53
11605,1,1046.732788085938,36.63,1,0,0.87,0:49:40
11606,1,13.315147399902338,36.63,1,0,0.87,0:42:20
11607,1,14.566981315612788,36.63,1,0,0.87,0:48:44
11608,1,274.2550659179688,36.63,1,0,0.87,0:49:32
11609,1,225.5588531494141,36.63,1,0,0.87,0:46:39
11610,1,156.1229248046875,36.63,0,1,0.87,0:50:00
11611,1,85.66121673583984,36.63,0,1,0.87,0:48:39
11612,1,125.3771438598633,36.63,1,0,0.87,0:49:19
11613,1,296.8314819335938,36.63,1,0,0.87,0:46:59
11614,1,263.1090087890625,36.63,1,0,0.87,0:50:24
11615,1,40.50381088256836,36.63,1,0,0.87,0:47:45
11616,2,259.998291015625,36.63,1,0,0.87,0:44:20
11617,1,10.44183731079102,36.63,1,0,0.87,0:48:14
11618,1,25.5869197845459,36.63,0,1,0.87,0:52:01
11619,1,7.1861228942871085,36.63,1,0,0.87,0:47:11
11620,1,16.17848587036133,36.63,0,1,0.87,0:50:25
11621,1,31.2812614440918,36.63,0,1,0.87,0:49:46
11622,1,320.0387878417969,36.63,0,1,0.87,0:49:28
11623,1,606.4359741210938,36.63,0,1,0.87,0:47:44
11624,1,284.4856872558594,36.63,1,0,0.87,0:49:55
11625,1,10.44183731079102,36.63,1,0,0.87,0:46:32
11626,1,242.7269287109375,36.63,1,0,0.87,0:50:01
11627,1,3.920108318328857,36.63,0,1,0.87,0:48:36
11628,1,167.9832916259766,36.63,0,1,0.87,0:48:04
11629,1,10.96754741668701,36.63,1,0,0.87,0:46:35
11630,1,943.02783203125,36.63,1,0,0.87,0:48:58
11631,1,14.566981315612788,36.63,0,1,0.87,0:49:59
11632,1,8.212539672851562,36.63,0,1,0.87,0:49:59
11633,1,1.0137612819671629,36.63,1,0,0.87,0:47:12
11634,1,724.8308715820312,36.63,0,1,0.87,0:50:04
11635,1,254.7844543457031,36.63,0,1,0.87,0:49:18
11636,1,287.5038757324219,36.63,0,1,0.87,0:47:30
11637,1,39.94172286987305,36.63,1,0,0.87,0:49:55
11638,1,273.54550170898443,36.63,0,1,0.87,0:49:12
11639,1,9.017118453979492,36.63,0,1,0.87,0:50:43
11640,1,209.1282806396484,36.63,1,0,0.87,0:46:34
11641,1,14.566981315612788,36.63,0,1,0.87,0:49:48
11642,1,333.7080078125,36.63,0,1,0.87,0:49:08
11643,1,7.043720722198486,36.63,1,0,0.87,0:48:46
11644,1,13.52747440338135,36.63,0,1,0.87,0:50:49
11645,1,31.97005462646484,36.63,0,1,0.87,0:50:03
11646,1,176.0,36.63,1,0,0.87,0:48:46
11647,1,56.084815979003906,36.63,0,1,0.87,0:48:56
11648,1,1473.49462890625,36.63,0,1,0.87,0:49:33
11649,1,377.9364624023438,36.63,1,0,0.87,0:48:24
11650,1,413.7853393554688,36.63,1,0,0.87,0:44:51
11651,1,119.56497192382808,36.63,0,1,0.87,0:45:51
11652,1,325.8245544433594,36.63,0,1,0.87,0:48:31
11653,1,225.7191925048828,36.63,1,0,0.87,0:45:05
11654,1,263.1090087890625,36.63,0,1,0.87,0:50:02
11655,1,215.7280731201172,36.63,1,0,0.87,0:46:02
11656,1,137.57452392578122,36.63,0,1,0.87,0:50:52
11657,1,36.52098846435547,36.63,0,1,0.87,0:47:40
11658,1,233.1082305908203,36.63,0,1,0.87,0:50:34
11659,1,91.7226791381836,36.63,0,1,0.87,0:48:46
11660,1,259.998291015625,36.63,1,0,0.87,0:50:20
11661,1,167.9832916259766,36.63,1,0,0.87,0:48:21
11662,1,157.4949645996094,36.63,0,1,0.87,0:46:40
11663,1,123.2312469482422,36.63,1,0,0.87,0:46:55
11664,1,186.5994720458984,36.63,1,0,0.87,0:48:29
11665,1,69.01016235351561,36.63,0,1,0.87,0:51:25
11666,1,31.2812614440918,36.63,1,0,0.87,0:49:38
11667,1,5.675545692443848,36.63,0,1,0.87,0:50:34
11668,1,1976.76318359375,36.63,1,0,0.87,0:47:17
11669,1,247.98284912109384,36.63,0,1,0.87,0:49:57
11670,1,260.0,36.63,1,0,0.87,0:50:59
11671,1,734.3740234375,36.63,1,0,0.87,0:48:50
11672,1,200.8847808837891,36.63,0,1,0.87,0:50:18
11673,1,2229.72216796875,36.63,1,0,0.87,0:48:16
11674,1,647.6728515625,36.63,1,0,0.87,0:48:07
11675,1,91.7226791381836,36.63,1,0,0.87,0:46:29
11676,1,10.44776248931885,36.63,1,0,0.87,0:46:53
11677,1,45.1541862487793,36.63,0,1,0.87,0:48:50
11678,1,351.7147521972656,36.63,0,1,0.87,0:48:33
11679,1,259.998291015625,36.63,1,0,0.87,0:46:59
11680,1,62.27024841308594,36.63,0,1,0.87,0:50:20
11681,1,17.31131172180176,36.63,1,0,0.87,0:48:25
11682,1,287.84716796875,36.63,1,0,0.87,0:50:26
11683,1,1046.732788085938,36.63,0,1,0.87,0:49:32
11684,1,141.33447265625,36.63,0,1,0.87,0:50:37
11685,1,237.6291656494141,36.63,1,0,0.87,0:49:54
11686,1,6.027743339538574,36.63,1,0,0.87,0:49:59
11687,1,1596.6729736328118,36.63,0,1,0.87,0:48:52
11688,1,287.1083679199219,36.63,0,1,0.87,0:49:41
11689,1,323.107666015625,36.63,0,1,0.87,0:48:37
11690,1,55.70695114135742,36.63,1,0,0.87,0:48:45
11691,1,95.78414916992188,36.63,0,1,0.87,0:49:59
11692,1,1415.200439453125,36.63,0,1,0.87,0:48:02
11693,1,171.1222991943359,36.63,0,1,0.87,0:49:55
11694,1,328.505859375,36.63,1,0,0.87,0:47:39
11695,1,41.13945007324219,36.63,0,1,0.87,0:46:10
11696,2,3.814452648162842,36.63,1,0,0.87,0:44:54
11697,1,317.7398071289062,36.63,1,0,0.87,0:47:08
11698,1,16.83182334899902,36.63,0,1,0.87,0:50:50
11699,1,112.8550796508789,36.63,1,0,0.87,0:47:58
11700,1,315.6446228027344,36.63,0,1,0.87,0:47:55
11701,1,36.19046020507812,36.63,0,1,0.87,0:49:40
11702,1,183.4629821777344,36.63,0,1,0.87,0:47:40
11703,1,10.44776248931885,36.63,0,1,0.87,0:45:56
11704,1,71.8073501586914,36.63,1,0,0.87,0:47:33
11705,1,331.5245056152344,36.63,0,1,0.87,0:46:48
11706,1,259.998291015625,36.63,0,1,0.87,0:49:48
11707,1,715.3316040039062,36.63,0,1,0.87,0:49:17
11708,1,715.3316040039062,36.63,0,1,0.87,0:49:17
11709,1,124.1065521240234,36.63,0,1,0.87,0:49:26
11710,1,8.286608695983888,36.63,1,0,0.87,0:48:00
11711,1,21.74090766906738,36.63,1,0,0.87,0:50:08
11712,1,61.279258728027344,36.63,0,1,0.87,0:46:50
11713,1,10.44776248931885,36.63,1,0,0.87,0:45:35
11714,1,1623.9774169921882,36.63,0,1,0.87,0:49:44
11715,1,318.1236877441406,36.63,1,0,0.87,0:48:45
11716,1,89.6968994140625,36.63,1,0,0.87,0:46:58
11717,1,767.4879150390625,36.63,1,0,0.87,0:47:29
11718,1,2.377232074737549,36.63,0,1,0.87,0:49:39
11719,1,119.14315795898442,36.63,0,1,0.87,0:49:32
11720,1,197.583984375,36.63,1,0,0.87,0:49:11
11721,1,90.3765869140625,36.63,1,0,0.87,0:46:44
11722,2,213.8687438964844,36.63,0,1,0.87,0:48:34
11723,1,16.83182334899902,36.63,0,1,0.87,0:50:29
11724,1,199.8629608154297,36.63,0,1,0.87,0:50:05
11725,1,14.566981315612788,36.63,1,0,0.87,0:48:45
11726,1,13.315147399902338,36.63,1,0,0.87,0:48:22
11727,1,47.60859680175781,36.63,1,0,0.87,0:48:10
11728,1,248.39337158203116,36.63,0,1,0.87,0:48:27
11729,1,31.2812614440918,36.63,0,1,0.87,0:50:47
11730,1,904.0,36.63,0,1,0.87,0:50:39
11731,1,194.29931640625,36.63,0,1,0.87,0:50:38
11732,1,259.998291015625,36.63,1,0,0.87,0:48:45
11733,1,4.143080711364746,36.63,1,0,0.87,0:49:22
11734,1,287.5038757324219,36.63,0,1,0.87,0:46:53
11735,1,312.6942443847656,36.63,0,1,0.87,0:49:54
11736,1,277.516845703125,36.63,1,0,0.87,0:48:48
11737,1,8.194785118103027,36.63,1,0,0.87,0:48:18
11738,1,15.224977493286133,36.63,0,1,0.87,0:49:10
11739,1,146.0377807617188,36.63,1,0,0.87,0:48:53
11740,1,12.35730648040771,36.63,1,0,0.87,0:51:29
11741,1,14.070459365844732,36.63,0,1,0.87,0:48:42
11742,1,16.84739112854004,36.63,0,1,0.87,0:49:19
11743,1,16.83182334899902,36.63,0,1,0.87,0:46:07
11744,1,10.44776248931885,36.63,0,1,0.87,0:48:59
11745,1,223.0571441650391,36.63,0,1,0.87,0:50:52
11746,1,222.6948394775391,36.63,0,1,0.87,0:50:30
11747,1,245.6878814697266,36.63,0,1,0.87,0:48:43
11748,1,224.5060272216797,36.63,0,1,0.87,0:49:26
11749,1,221.179931640625,36.63,0,1,0.87,0:49:58
11750,1,45.23057174682617,36.63,1,0,0.87,0:50:03
11751,1,16.84739112854004,36.63,0,1,0.87,0:51:12
11752,1,1300.004516601562,36.63,0,1,0.87,0:47:30
11753,1,10.44776248931885,36.63,0,1,0.87,0:46:17
11754,1,336.5374145507812,36.63,1,0,0.87,0:51:45
11755,1,228.1482849121094,36.63,0,1,0.87,0:48:57
11756,1,254.7844543457031,36.63,0,1,0.87,0:47:36
11757,1,192.2165679931641,36.63,1,0,0.87,0:49:34
11758,1,799.8717651367188,36.63,1,0,0.87,0:46:03
11759,1,71.8073501586914,36.63,1,0,0.87,0:48:06
11760,1,176.5647430419922,36.63,1,0,0.87,0:49:00
11761,1,369.4137268066406,36.63,1,0,0.87,0:49:07
11762,1,194.4599151611328,36.63,1,0,0.87,0:48:41
11763,1,10.44776248931885,36.63,1,0,0.87,0:50:12
11764,1,246.7092742919922,36.63,1,0,0.87,0:46:13
11765,1,15.224977493286133,36.63,1,0,0.87,0:51:24
11766,1,18.05331420898438,36.63,0,1,0.87,0:50:49
11767,1,576.0,36.63,0,1,0.87,0:48:21
11768,1,18.26416397094727,36.63,1,0,0.87,0:50:39
11769,1,251.0666656494141,36.63,0,1,0.87,0:49:15
11770,1,272.28091430664057,36.63,0,1,0.87,0:49:13
11771,1,188.2588348388672,36.63,0,1,0.87,0:47:53
11772,1,57.82163619995117,36.63,1,0,0.87,0:47:31
11773,1,666.8341674804688,36.63,0,1,0.87,0:45:10
11774,1,41.80335235595703,36.63,0,1,0.87,0:46:13
11775,1,147.2976989746094,36.63,1,0,0.87,0:47:42
11776,1,35.90165328979492,36.63,0,1,0.87,0:50:49
11777,1,24.55533409118652,36.63,0,1,0.87,0:50:25
11778,1,19.07254981994629,36.63,0,1,0.87,0:49:10
11779,1,20.28244400024414,36.63,1,0,0.87,0:46:35
11780,1,8.85274600982666,36.63,1,0,0.87,0:48:25
11781,1,199.3781280517578,36.63,1,0,0.87,0:47:42
11782,1,544.2213134765625,36.63,1,0,0.87,0:45:16
11783,1,167.9832916259766,36.63,0,1,0.87,0:48:03
11784,1,23.42546081542969,36.63,0,1,0.87,0:51:41
11785,1,149.1394653320312,36.63,0,1,0.87,0:52:37
11786,1,378.2447204589844,36.63,1,0,0.87,0:48:41
11787,1,278.0640869140625,36.63,0,1,0.87,0:48:44
11788,1,544.2213134765625,36.63,1,0,0.87,0:49:46
11789,1,321.1102600097656,36.63,1,0,0.87,0:46:59
11790,1,128.45576477050778,36.63,1,0,0.87,0:45:17
11791,1,1976.76318359375,36.63,1,0,0.87,0:41:46
11792,1,1623.9774169921882,36.63,0,1,0.87,0:47:12
11793,1,149.1394653320312,36.63,1,0,0.87,0:49:02
11794,1,24.17752647399902,36.63,1,0,0.87,0:49:49
11795,1,9.185050010681152,36.63,0,1,0.87,0:49:49
11796,1,103.4696578979492,36.63,1,0,0.87,0:49:15
11797,1,144.0296936035156,36.63,0,1,0.87,0:49:24
11798,1,10.96754741668701,36.63,0,1,0.87,0:49:19
11799,1,249.9987335205078,36.63,0,1,0.87,0:47:38
11800,1,12.69220733642578,36.63,1,0,0.87,0:49:41
11801,1,2147.357421875,36.63,0,1,0.87,0:46:39
11802,1,10.44776248931885,36.63,0,1,0.87,0:53:25
11803,1,7.965522289276122,36.63,0,1,0.87,0:49:18
11804,1,35.90165328979492,36.63,1,0,0.87,0:46:25
11805,1,91.85733795166016,36.63,1,0,0.87,0:48:51
11806,1,1623.9774169921882,36.63,1,0,0.87,0:46:56
11807,1,873.9188842773438,36.63,1,0,0.87,0:45:37
11808,1,822.3980712890625,36.63,1,0,0.87,0:51:28
11809,1,91.85733795166016,36.63,0,1,0.87,0:50:26
11810,1,137.57452392578122,36.63,0,1,0.87,0:49:48
11811,1,1596.6729736328118,36.63,0,1,0.87,0:47:21
11812,1,57.82163619995117,36.63,1,0,0.87,0:49:43
11813,1,259.998291015625,36.63,0,1,0.87,0:48:04
11814,1,244.5631256103516,36.63,1,0,0.87,0:46:47
11815,1,301.0745849609375,36.63,1,0,0.87,0:48:41
11816,1,281.35067749023443,36.63,1,0,0.87,0:46:48
11817,1,395.4680480957031,36.63,1,0,0.87,0:48:56
11818,1,289.4905090332031,36.63,0,1,0.87,0:48:58
11819,1,323.7069091796875,36.63,1,0,0.87,0:46:46
11820,1,32.81198120117188,36.63,1,0,0.87,0:47:54
11821,1,16.83182334899902,36.63,1,0,0.87,0:42:29
11822,1,1729.5029296875,36.63,1,0,0.87,0:49:20
11823,1,24.17752647399902,36.63,0,1,0.87,0:48:21
11824,1,1322.761108398438,36.63,1,0,0.87,0:50:22
11825,1,187.0788269042969,36.63,0,1,0.87,0:50:58
11826,1,14.566981315612788,36.63,0,1,0.87,0:49:55
11827,1,69.55359649658203,36.63,1,0,0.87,0:51:06
11828,1,56.084815979003906,36.63,0,1,0.87,0:48:20
11829,1,92.65635681152344,36.63,0,1,0.87,0:49:27
11830,1,277.09481811523443,36.63,0,1,0.87,0:49:51
11831,1,259.998291015625,36.63,1,0,0.87,0:49:38
11832,1,1989.0953369140616,36.63,1,0,0.87,0:48:39
11833,1,269.0397338867188,36.63,1,0,0.87,0:44:45
11834,1,220.8075714111328,36.63,1,0,0.87,0:50:12
11835,1,103.4696578979492,36.63,1,0,0.87,0:49:57
11836,1,290.6199951171875,36.63,0,1,0.87,0:50:19
11837,1,151.7860565185547,36.63,0,1,0.87,0:50:58
11838,1,16.00102424621582,36.63,0,1,0.87,0:48:50
11839,1,112.2690887451172,36.63,0,1,0.87,0:49:36
11840,1,4.209059238433838,36.63,0,1,0.87,0:49:28
11841,1,3.6919877529144287,36.63,1,0,0.87,0:49:42
11842,1,297.1596374511719,36.63,1,0,0.87,0:48:20
11843,1,822.3980712890625,36.63,0,1,0.87,0:49:05
11844,1,31.97005462646484,36.63,0,1,0.87,0:47:29
11845,1,15.55781936645508,36.63,1,0,0.87,0:49:01
11846,1,10.44776248931885,36.63,0,1,0.87,0:50:53
11847,1,7.965522289276122,36.63,0,1,0.87,0:48:51
11848,1,16.84739112854004,36.63,0,1,0.87,0:48:35
11849,1,213.8687438964844,36.63,1,0,0.87,0:48:46
11850,1,71.8073501586914,36.63,1,0,0.87,0:45:24
11851,1,1596.6729736328118,36.63,0,1,0.87,0:48:46
11852,1,0.6114726066589355,36.63,1,0,0.87,0:49:39
11853,1,342.0586853027344,36.63,0,1,0.87,0:47:59
11854,1,152.9394073486328,36.63,0,1,0.87,0:51:16
11855,1,614.4942016601562,36.63,0,1,0.87,0:49:14
11856,1,9.87485122680664,36.63,1,0,0.87,0:47:12
11857,1,7.150104522705077,36.63,0,1,0.87,0:49:08
11858,1,621.1161499023438,36.63,1,0,0.87,0:48:24
11859,1,724.8308715820312,36.63,0,1,0.87,0:48:26
11860,1,167.3117828369141,36.63,0,1,0.87,0:46:46
11861,1,332.8359069824219,36.63,1,0,0.87,0:46:43
11862,1,93.54290771484376,36.63,0,1,0.87,0:49:20
11863,1,281.23291015625,36.63,0,1,0.87,0:49:53
11864,1,222.7997283935547,36.63,0,1,0.87,0:50:57
11865,1,356.2755432128906,36.63,0,1,0.87,0:50:33
11866,1,306.636474609375,36.63,0,1,0.87,0:49:43
11867,1,189.2773132324219,36.63,0,1,0.87,0:46:10
11868,1,698.7346801757812,36.63,0,1,0.87,0:51:14
11869,1,259.998291015625,36.63,0,1,0.87,0:51:30
11870,1,231.2128601074219,36.63,0,1,0.87,0:46:29
11871,1,22.78268432617188,36.63,0,1,0.87,0:50:00
11872,1,16.83182334899902,36.63,0,1,0.87,0:49:46
11873,1,10.44183731079102,36.63,0,1,0.87,0:48:49
11874,1,201.5828704833984,36.63,1,0,0.87,0:49:35
11875,1,565.7193603515625,36.63,0,1,0.87,0:49:18
11876,1,273.093505859375,36.63,0,1,0.87,0:48:10
11877,1,51.94340515136719,36.63,1,0,0.87,0:48:28
11878,1,16.83182334899902,36.63,0,1,0.87,0:46:57
11879,1,220.4040222167969,36.63,0,1,0.87,0:48:18
11880,1,666.8341674804688,36.63,1,0,0.87,0:48:20
11881,1,9.70685577392578,36.63,1,0,0.87,0:50:10
11882,1,152.0813446044922,36.63,0,1,0.87,0:47:49
11883,1,221.7977752685547,36.63,1,0,0.87,0:45:55
11884,1,104.5440673828125,36.63,0,1,0.87,0:50:10
11885,1,1024.569091796875,36.63,0,1,0.87,0:49:42
11886,1,8.194785118103027,36.63,1,0,0.87,0:51:37
11887,1,72.69342041015625,36.63,0,1,0.87,0:49:40
11888,1,298.3047180175781,36.63,0,1,0.87,0:47:03
11889,1,229.8021545410156,36.63,0,1,0.87,0:49:01
11890,1,43.73020553588867,36.63,0,1,0.87,0:46:55
11891,1,3.4519014358520512,36.63,0,1,0.87,0:48:20
11892,1,236.900634765625,36.63,1,0,0.87,0:48:58
11893,1,16.66305160522461,36.63,1,0,0.87,0:48:15
11894,1,19.07254981994629,36.63,1,0,0.87,0:50:07
11895,1,39.21760559082031,36.63,0,1,0.87,0:46:23
11896,1,283.3778686523438,36.63,1,0,0.87,0:48:16
11897,1,246.7092742919922,36.63,0,1,0.87,0:48:46
11898,1,36.38817596435547,36.63,1,0,0.87,0:47:21
11899,1,17.80105018615723,36.63,1,0,0.87,0:48:23
11900,1,228.0850677490234,36.63,0,1,0.87,0:49:14
11901,1,20.15006828308105,36.63,1,0,0.87,0:49:32
11902,1,189.8132629394531,36.63,1,0,0.87,0:49:30
11903,1,6.916175365447997,36.63,0,1,0.87,0:51:11
11904,1,86.84709167480469,36.63,0,1,0.87,0:50:17
11905,1,641.8574829101562,36.63,0,1,0.87,0:50:27
11906,1,201.4784851074219,36.63,0,1,0.87,0:51:12
11907,1,85.97801971435547,36.63,0,1,0.87,0:51:49
11908,1,10.44776248931885,36.63,1,0,0.87,0:52:06
11909,1,24.92002296447754,36.63,0,1,0.87,0:44:41
11910,1,311.3153991699219,36.63,0,1,0.87,0:50:05
11911,1,72.69342041015625,36.63,0,1,0.87,0:50:36
11912,1,16.08863258361816,36.63,0,1,0.87,0:47:47
11913,1,181.5143737792969,36.63,0,1,0.87,0:47:02
11914,1,1046.732788085938,36.63,0,1,0.87,0:50:11
11915,1,237.6291656494141,36.63,1,0,0.87,0:44:41
11916,1,108.9886856079102,36.63,0,1,0.87,0:51:29
11917,1,14.447757720947273,36.63,0,1,0.87,0:50:28
11918,1,496.8399047851562,36.63,1,0,0.87,0:48:42
11919,1,226.05609130859384,36.63,0,1,0.87,0:50:26
11920,1,9.185050010681152,36.63,0,1,0.87,0:49:39
11921,1,7.214848518371582,36.63,0,1,0.87,0:47:50
11922,1,259.998291015625,36.63,0,1,0.87,0:48:57
11923,1,91.82389068603516,36.63,0,1,0.87,0:50:10
11924,1,284.8039245605469,36.63,0,1,0.87,0:51:10
11925,1,171.1936950683594,36.63,1,0,0.87,0:46:24
11926,1,187.5267486572266,36.63,0,1,0.87,0:52:34
11927,1,325.8609008789062,36.63,0,1,0.87,0:49:57
11928,1,640.0,36.63,0,1,0.87,0:52:16
11929,1,33.1964111328125,36.63,0,1,0.87,0:46:49
11930,1,160.6837005615234,36.63,1,0,0.87,0:47:46
11931,1,355.7060852050781,36.63,1,0,0.87,0:48:52
11932,1,8.241552352905272,36.63,0,1,0.87,0:51:43
11933,1,10.44183731079102,36.63,0,1,0.87,0:50:59
11934,1,95.99735260009766,36.63,0,1,0.87,0:51:44
11935,1,10.23431015014648,36.63,0,1,0.87,0:49:11
11936,1,18.05331420898438,36.63,0,1,0.87,0:49:39
11937,1,100.6273956298828,36.63,0,1,0.87,0:47:28
11938,1,20.03082084655762,36.63,1,0,0.87,0:46:29
11939,1,43.62190246582031,36.63,0,1,0.87,0:49:42
11940,1,279.9224853515625,36.63,1,0,0.87,0:45:24
11941,1,46.06622695922852,36.63,1,0,0.87,0:53:56
11942,1,118.3513641357422,36.63,1,0,0.87,0:51:24
11943,1,19.24552345275879,36.63,0,1,0.87,0:49:54
11944,1,11.603414535522461,36.63,0,1,0.87,0:50:56
11945,1,12.63682746887207,36.63,0,1,0.87,0:50:26
11946,1,49.35443496704102,36.63,0,1,0.87,0:51:10
11947,1,196.0460205078125,36.63,1,0,0.87,0:46:51
11948,1,52.71562576293945,36.63,0,1,0.87,0:50:47
11949,1,159.9830627441406,36.63,0,1,0.87,0:49:54
11950,1,760.8563842773438,36.63,1,0,0.87,0:51:18
11951,1,606.4376831054688,36.63,1,0,0.87,0:48:51
11952,1,0.5217891335487366,36.63,0,1,0.87,0:49:04
11953,1,199.5542297363281,36.63,1,0,0.87,0:51:14
11954,1,16.83182334899902,36.63,0,1,0.87,0:49:17
11955,1,444.9412841796875,36.63,1,0,0.87,0:47:40
11956,1,380.0,36.63,1,0,0.87,0:49:21
11957,1,224.0303497314453,36.63,0,1,0.87,0:48:47
11958,1,61.52347183227539,36.63,1,0,0.87,0:47:34
11959,1,159.2595977783203,36.63,1,0,0.87,0:45:18
11960,1,134.5782775878906,36.63,0,1,0.87,0:49:48
11961,1,213.9249420166016,36.63,1,0,0.87,0:44:07
11962,1,232.5149993896484,36.63,0,1,0.87,0:47:28
11963,1,54.61426162719727,36.63,0,1,0.87,0:50:17
11964,1,159.2595977783203,36.63,0,1,0.87,0:48:43
11965,1,228.0850677490234,36.63,0,1,0.87,0:47:04
11966,1,47.49551391601562,36.63,1,0,0.87,0:47:49
11967,1,10.44183731079102,36.63,1,0,0.87,0:49:13
11968,1,97.4720458984375,36.63,0,1,0.87,0:49:31
11969,1,89.75890350341797,36.63,0,1,0.87,0:50:57
11970,1,101.68871307373051,36.63,1,0,0.87,0:44:43
11971,1,7.965522289276122,36.63,1,0,0.87,0:49:29
11972,1,149.1394653320312,36.63,0,1,0.87,0:49:28
11973,1,217.7437591552734,36.63,1,0,0.87,0:48:59
11974,1,249.9365234375,36.63,0,1,0.87,0:51:28
11975,1,177.292724609375,36.63,1,0,0.87,0:49:10
11976,1,93.97381591796876,36.63,1,0,0.87,0:48:50
11977,1,199.5174255371094,36.63,1,0,0.87,0:45:36
11978,1,58.93083190917969,36.63,1,0,0.87,0:52:03
11979,1,104.0583648681641,36.63,1,0,0.87,0:51:40
11980,1,277.09481811523443,36.63,0,1,0.87,0:49:35
11981,1,205.9886016845703,36.63,1,0,0.87,0:48:13
11982,1,47.37278366088867,36.63,0,1,0.87,0:45:39
11983,1,215.0374908447266,36.63,0,1,0.87,0:47:46
11984,1,123.3999710083008,36.63,0,1,0.87,0:50:26
11985,1,179.9742889404297,36.63,1,0,0.87,0:51:13
11986,1,251.91278076171884,36.63,1,0,0.87,0:47:18
11987,1,7.058139324188232,36.63,1,0,0.87,0:48:52
11988,1,233.2363739013672,36.63,0,1,0.87,0:50:05
11989,1,17.3270263671875,36.63,0,1,0.87,0:49:17
11990,1,149.1394653320312,36.63,0,1,0.87,0:48:37
11991,1,91.7226791381836,36.63,0,1,0.87,0:50:34
11992,1,219.4850006103516,36.63,1,0,0.87,0:53:35
11993,1,799.8717651367188,36.63,0,1,0.87,0:45:06
11994,1,1413.9658203125,36.63,1,0,0.87,0:45:25
11995,1,14.566981315612788,36.63,0,1,0.87,0:49:55
11996,1,194.29931640625,36.63,1,0,0.87,0:42:21
11997,1,31.71040916442871,36.63,0,1,0.87,0:49:23
11998,1,141.1389312744141,36.63,0,1,0.87,0:50:14
11999,1,272.28091430664057,36.63,0,1,0.87,0:51:43
12000,1,9.294014930725098,36.63,1,0,0.87,0:51:43
12001,1,4.784560680389403,36.63,0,1,0.87,0:51:15
12002,1,176.01483154296884,36.63,0,1,0.87,0:49:39
12003,1,17.5898609161377,36.63,1,0,0.87,0:48:03
12004,1,239.9998931884766,36.63,0,1,0.87,0:52:10
12005,1,14.32654094696045,36.63,0,1,0.87,0:48:00
12006,1,209.8311004638672,36.63,0,1,0.87,0:50:26
12007,1,17.31131172180176,36.63,1,0,0.87,0:48:55
12008,1,159.569091796875,36.63,0,1,0.87,0:48:50
12009,1,657.2290649414062,36.63,0,1,0.87,0:50:50
12010,1,56.084815979003906,36.63,0,1,0.87,0:53:12
12011,1,68.94581604003906,36.63,0,1,0.87,0:48:55
12012,1,151.6166839599609,36.63,0,1,0.87,0:50:58
12013,1,239.9998931884766,36.63,0,1,0.87,0:52:26
12014,1,77.97574615478516,36.63,0,1,0.87,0:51:18
12015,1,278.0640869140625,36.63,0,1,0.87,0:50:50
12016,1,31.97005462646484,36.63,0,1,0.87,0:51:38
12017,1,15.55781936645508,36.63,0,1,0.87,0:49:29
12018,1,3.297203540802002,36.63,1,0,0.87,0:46:49
12019,1,350.7449645996094,36.63,0,1,0.87,0:49:15
12020,1,25.20478248596191,36.63,0,1,0.87,0:45:43
12021,1,56.440467834472656,36.63,0,1,0.87,0:48:01
12022,1,51.61442184448242,36.63,1,0,0.87,0:49:12
12023,1,302.0244140625,36.63,1,0,0.87,0:50:05
12024,1,263.76736450195307,36.63,0,1,0.87,0:48:18
12025,1,259.998291015625,36.63,0,1,0.87,0:48:20
12026,1,275.03494262695307,36.63,1,0,0.87,0:51:41
12027,1,7.965522289276122,36.63,0,1,0.87,0:51:22
12028,1,209.2055511474609,36.63,0,1,0.87,0:52:48
12029,1,117.2266387939453,36.63,0,1,0.87,0:48:32
12030,1,11.05302143096924,36.63,1,0,0.87,0:48:03
12031,1,158.7407836914062,36.63,0,1,0.87,0:47:43
12032,1,9.36793613433838,36.63,0,1,0.87,0:47:37
12033,1,164.2649383544922,36.63,0,1,0.87,0:50:03
12034,1,2554.609619140625,36.63,0,1,0.87,0:49:47
12035,1,209.1282806396484,36.63,0,1,0.87,0:48:54
12036,1,274.657470703125,36.63,1,0,0.87,0:49:10
12037,1,10.44183731079102,36.63,1,0,0.87,0:47:13
12038,1,14.070459365844732,36.63,0,1,0.87,0:50:04
12039,1,35.90165328979492,36.63,0,1,0.87,0:49:03
12040,1,81.51506042480469,36.63,1,0,0.87,0:49:06
12041,1,275.51992797851557,36.63,0,1,0.87,0:48:33
12042,1,16.84739112854004,36.63,0,1,0.87,0:51:52
12043,1,100.44088745117192,36.63,0,1,0.87,0:47:44
12044,1,1428.2430419921882,36.63,1,0,0.87,0:44:06
12045,1,23.1700439453125,36.63,0,1,0.87,0:49:01
12046,1,315.6446228027344,36.63,1,0,0.87,0:45:37
12047,1,56.084815979003906,36.63,0,1,0.87,0:49:37
12048,1,275.6912841796875,36.63,1,0,0.87,0:48:38
12049,1,273.54550170898443,36.63,1,0,0.87,0:42:43
12050,1,5.453762054443359,36.63,0,1,0.87,0:53:59
12051,1,2229.72216796875,36.63,0,1,0.87,0:49:27
12052,1,18.31573867797852,36.63,1,0,0.87,0:47:59
12053,1,17.80105018615723,36.63,1,0,0.87,0:46:47
12054,1,95.13848876953124,36.63,0,1,0.87,0:49:04
12055,1,291.1369323730469,36.63,1,0,0.87,0:49:51
12056,1,213.4856414794922,36.63,1,0,0.87,0:48:44
12057,1,183.0,36.63,1,0,0.87,0:48:04
12058,1,21.91367149353027,36.63,1,0,0.87,0:46:30
12059,1,51.94340515136719,36.63,0,1,0.87,0:47:13
12060,1,232.5149993896484,36.63,1,0,0.87,0:45:06
12061,1,54.23469924926758,36.63,1,0,0.87,0:53:04
12062,1,11.603414535522461,36.63,0,1,0.87,0:49:26
12063,1,392.987548828125,36.63,1,0,0.87,0:48:39
12064,1,155.9544219970703,36.63,0,1,0.87,0:44:45
12065,1,37.14537048339844,36.63,0,1,0.87,0:49:52
12066,1,275.6912841796875,36.63,1,0,0.87,0:48:22
12067,1,259.998291015625,36.63,0,1,0.87,0:50:05
12068,1,91.7226791381836,36.63,0,1,0.87,0:49:24
12069,1,6.240824699401856,36.63,1,0,0.87,0:49:39
12070,1,0.6114726066589355,36.63,0,1,0.87,0:49:39
12071,1,5.020810604095459,36.63,0,1,0.87,0:47:22
12072,1,156.1331787109375,36.63,0,1,0.87,0:51:04
12073,1,50.82839584350586,36.63,0,1,0.87,0:52:59
12074,1,17.05924987792969,36.63,0,1,0.87,0:51:23
12075,1,266.2826538085938,36.63,0,1,0.87,0:49:16
12076,1,398.4456176757812,36.63,0,1,0.87,0:46:43
12077,1,18.80724906921387,36.63,1,0,0.87,0:49:53
12078,1,89.30374908447266,36.63,1,0,0.87,0:45:15
12079,1,213.9208221435547,36.63,0,1,0.87,0:49:35
12080,1,185.7409973144531,36.63,0,1,0.87,0:51:50
12081,1,205.9886016845703,36.63,0,1,0.87,0:50:18
12082,1,55.70695114135742,36.63,0,1,0.87,0:48:26
12083,1,306.8977661132812,36.63,1,0,0.87,0:46:20
12084,1,226.9747467041016,36.63,1,0,0.87,0:47:00
12085,1,102.18041229248051,36.63,0,1,0.87,0:48:49
12086,1,233.2363739013672,36.63,0,1,0.87,0:50:05
12087,1,37.296836853027344,36.63,0,1,0.87,0:46:48
12088,1,309.4542541503906,36.63,0,1,0.87,0:51:46
12089,1,41.98091506958008,36.63,1,0,0.87,0:44:15
12090,1,50.26950454711914,36.63,0,1,0.87,0:51:05
12091,1,276.39730834960943,36.63,1,0,0.87,0:51:27
12092,1,22.78268432617188,36.63,1,0,0.87,0:50:19
12093,1,287.4725952148438,36.63,1,0,0.87,0:48:34
12094,1,544.2213134765625,36.63,1,0,0.87,0:45:25
12095,1,7.209084987640381,36.63,1,0,0.87,0:48:31
12096,1,20.350078582763672,36.63,0,1,0.87,0:51:30
12097,1,284.3707580566406,36.63,0,1,0.87,0:50:30
12098,1,196.8108978271484,36.63,1,0,0.87,0:48:15
12099,1,297.2489318847656,36.63,0,1,0.87,0:50:28
12100,1,3.5942003726959237,36.63,1,0,0.87,0:51:33
12101,1,297.2489318847656,36.63,0,1,0.87,0:50:29
12102,1,132.909912109375,36.63,0,1,0.87,0:49:41
12103,1,181.5143737792969,36.63,0,1,0.87,0:50:35
12104,1,21.21549415588379,36.63,0,1,0.87,0:47:02
12105,1,11.05302143096924,36.63,0,1,0.87,0:47:02
12106,1,149.1394653320312,36.63,0,1,0.87,0:49:49
12107,1,279.33261108398443,36.63,0,1,0.87,0:46:37
12108,1,72.58812713623047,36.63,0,1,0.87,0:48:31
12109,1,45.61833572387695,36.63,0,1,0.87,0:48:47
12110,1,380.0,36.63,0,1,0.87,0:49:50
12111,1,158.0705718994141,36.63,1,0,0.87,0:49:44
12112,1,366.0434265136719,36.63,1,0,0.87,0:50:37
12113,1,368.4687805175781,36.63,1,0,0.87,0:47:43
12114,1,331.5245056152344,36.63,1,0,0.87,0:49:04
12115,1,24.0,36.63,0,1,0.87,0:49:01
12116,1,1361.620971679688,36.63,0,1,0.87,0:48:05
12117,1,17.5898609161377,36.63,0,1,0.87,0:48:35
12118,1,249.107666015625,36.63,1,0,0.87,0:52:45
12119,1,1105.029907226562,36.63,0,1,0.87,0:48:54
12120,1,267.1992797851562,36.63,0,1,0.87,0:52:05
12121,1,1361.620971679688,36.63,0,1,0.87,0:48:05
12122,1,149.1394653320312,36.63,0,1,0.87,0:49:44
12123,1,59.33108520507812,36.63,0,1,0.87,0:49:36
12124,1,109.1946792602539,36.63,1,0,0.87,0:50:59
12125,1,10.44183731079102,36.63,1,0,0.87,0:48:28
12126,1,120.8983688354492,36.63,0,1,0.87,0:50:34
12127,1,6.110790252685548,36.63,0,1,0.87,0:51:38
12128,1,150.3178405761719,36.63,1,0,0.87,0:49:27
12129,1,359.4574279785156,36.63,1,0,0.87,0:49:21
12130,1,313.3936462402344,36.63,1,0,0.87,0:46:53
12131,1,209.4566192626953,36.63,1,0,0.87,0:49:26
12132,1,1361.07470703125,36.63,1,0,0.87,0:46:30
12133,1,291.1369323730469,36.63,1,0,0.87,0:49:44
12134,1,10.44776248931885,36.63,1,0,0.87,0:49:32
12135,1,182.7339782714844,36.63,1,0,0.87,0:45:46
12136,1,205.3109893798828,36.63,0,1,0.87,0:51:43
12137,1,244.5707244873047,36.63,1,0,0.87,0:48:47
12138,1,242.2535705566406,36.63,1,0,0.87,0:49:21
12139,1,152.9394073486328,36.63,1,0,0.87,0:52:18
12140,1,69.10917663574219,36.63,0,1,0.87,0:49:51
12141,1,6.207621574401856,36.63,1,0,0.87,0:49:46
12142,1,285.5951843261719,36.63,0,1,0.87,0:48:25
12143,1,421.3871459960938,36.63,0,1,0.87,0:52:36
12144,1,259.998291015625,36.63,0,1,0.87,0:51:36
12145,1,183.6381683349609,36.63,1,0,0.87,0:49:43
12146,1,2.437505006790161,36.63,1,0,0.87,0:50:27
12147,1,117.2919158935547,36.63,1,0,0.87,0:49:16
12148,1,179.0225677490234,36.63,0,1,0.87,0:50:18
12149,1,7.776358127593994,36.63,0,1,0.87,0:49:04
12150,1,91.75029754638672,36.63,1,0,0.87,0:47:10
12151,1,259.998291015625,36.63,1,0,0.87,0:47:27
12152,1,6.0,36.63,0,1,0.87,0:45:45
12153,1,137.57452392578122,36.63,0,1,0.87,0:49:52
12154,1,12.58986759185791,36.63,0,1,0.87,0:49:06
12155,1,222.7997283935547,36.63,0,1,0.87,0:48:49
12156,1,86.18778228759766,36.63,1,0,0.87,0:48:59
12157,1,322.6423645019531,36.63,0,1,0.87,0:48:36
12158,1,149.1394653320312,36.63,1,0,0.87,0:49:11
12159,1,343.5472106933594,36.63,1,0,0.87,0:47:50
12160,1,73.98070526123047,36.63,0,1,0.87,0:46:14
12161,1,8.949239730834961,36.63,1,0,0.87,0:46:01
12162,1,215.4762725830078,36.63,0,1,0.87,0:50:24
12163,1,314.8971557617188,36.63,0,1,0.87,0:46:36
12164,1,6.1690216064453125,36.63,0,1,0.87,0:49:13
12165,1,267.76547241210943,36.63,1,0,0.87,0:48:09
12166,1,1046.732788085938,36.63,0,1,0.87,0:51:52
12167,1,163.8964691162109,36.63,1,0,0.87,0:49:02
12168,1,38.65314865112305,36.63,1,0,0.87,0:50:49
12169,1,277.4137573242188,36.63,0,1,0.87,0:48:54
12170,1,254.7844543457031,36.63,0,1,0.87,0:51:17
12171,1,376.4162902832031,36.63,1,0,0.87,0:51:29
12172,1,221.7977752685547,36.63,0,1,0.87,0:48:15
12173,1,259.998291015625,36.63,0,1,0.87,0:49:28
12174,1,180.7179412841797,36.63,1,0,0.87,0:50:08
12175,1,241.4561614990234,36.63,0,1,0.87,0:48:17
12176,1,102.3159408569336,36.63,1,0,0.87,0:48:46
12177,1,259.998291015625,36.63,0,1,0.87,0:49:27
12178,1,209.1282806396484,36.63,1,0,0.87,0:50:00
12179,1,95.13848876953124,36.63,0,1,0.87,0:49:04
12180,1,14.32654094696045,36.63,0,1,0.87,0:50:42
12181,1,86.84709167480469,36.63,0,1,0.87,0:50:39
12182,1,14.32654094696045,36.63,0,1,0.87,0:48:30
12183,1,209.3725280761719,36.63,1,0,0.87,0:46:48
12184,1,5.047508716583252,36.63,1,0,0.87,0:51:19
12185,1,227.8246612548828,36.63,0,1,0.87,0:49:06
12186,1,1976.76318359375,36.63,1,0,0.87,0:49:25
12187,1,425.3714904785156,36.63,0,1,0.87,0:51:01
12188,1,355.8453369140625,36.63,0,1,0.87,0:49:22
12189,1,4.641374111175537,36.63,0,1,0.87,0:49:14
12190,1,777.4723510742188,36.63,1,0,0.87,0:47:02
12191,1,387.1519165039062,36.63,1,0,0.87,0:47:54
12192,1,282.5982666015625,36.63,1,0,0.87,0:48:54
12193,1,69.2257080078125,36.63,0,1,0.87,0:49:10
12194,1,17.08699035644531,36.63,0,1,0.87,0:48:27
12195,1,159.9830627441406,36.63,1,0,0.87,0:49:45
12196,1,368.2947082519531,36.63,0,1,0.87,0:50:49
12197,1,1412.0616455078118,36.63,1,0,0.87,0:45:06
12198,1,91.7226791381836,36.63,0,1,0.87,0:48:54
12199,1,13.027480125427251,36.63,0,1,0.87,0:49:14
12200,1,1415.200439453125,36.63,1,0,0.87,0:49:58
12201,1,224.6950531005859,36.63,0,1,0.87,0:51:27
12202,1,73.40917205810547,36.63,0,1,0.87,0:47:59
12203,1,262.40097045898443,36.63,1,0,0.87,0:47:52
12204,1,232.2133483886719,36.63,1,0,0.87,0:47:13
12205,1,55.27118682861328,36.63,0,1,0.87,0:50:26
12206,1,873.9188842773438,36.63,0,1,0.87,0:49:48
12207,1,275.36392211914057,36.63,0,1,0.87,0:49:22
12208,1,4.143080711364746,36.63,1,0,0.87,0:51:06
12209,1,18.05331420898438,36.63,0,1,0.87,0:51:20
12210,1,15.859853744506841,36.63,1,0,0.87,0:46:44
12211,1,7.058139324188232,36.63,1,0,0.87,0:49:46
12212,1,196.65692138671884,36.63,1,0,0.87,0:47:33
12213,1,77.97574615478516,36.63,1,0,0.87,0:48:59
12214,1,354.4431762695312,36.63,1,0,0.87,0:50:47
12215,1,135.6158752441406,36.63,1,0,0.87,0:44:24
12216,1,38.378089904785156,36.63,0,1,0.87,0:50:39
12217,1,16.83182334899902,36.63,1,0,0.87,0:50:00
12218,1,137.57452392578122,36.63,0,1,0.87,0:49:24
12219,1,403.1315612792969,36.63,1,0,0.87,0:47:40
12220,1,29.93650054931641,36.63,1,0,0.87,0:46:39
12221,1,77.97574615478516,36.63,0,1,0.87,0:48:08
12222,1,77.97574615478516,36.63,1,0,0.87,0:50:08
12223,1,43.750282287597656,36.63,0,1,0.87,0:51:06
12224,1,195.8657989501953,36.63,0,1,0.87,0:48:27
12225,1,267.22024536132807,36.63,1,0,0.87,0:49:51
12226,1,7.965522289276122,36.63,1,0,0.87,0:49:30
12227,1,108.2701416015625,36.63,0,1,0.87,0:48:45
12228,1,14.32654094696045,36.63,1,0,0.87,0:44:03
12229,1,254.7844543457031,36.63,0,1,0.87,0:51:06
12230,1,290.8581237792969,36.63,0,1,0.87,0:50:16
12231,1,614.4942016601562,36.63,1,0,0.87,0:50:44
12232,1,82.16121673583984,36.63,1,0,0.87,0:47:40
12233,1,275.03494262695307,36.63,1,0,0.87,0:49:33
12234,1,197.583984375,36.63,0,1,0.87,0:50:26
12235,1,2547.5634765625,36.63,1,0,0.87,0:48:54
12236,1,101.0947265625,36.63,0,1,0.87,0:48:50
12237,1,288.0,36.63,1,0,0.87,0:51:23
12238,1,8.919455528259277,36.63,1,0,0.87,0:49:50
12239,1,292.6947631835938,36.63,0,1,0.87,0:50:02
12240,1,24.17752647399902,36.63,0,1,0.87,0:47:21
12241,1,51.87637710571289,36.63,0,1,0.87,0:48:10
12242,1,231.64434814453116,36.63,0,1,0.87,0:50:28
12243,1,7.965522289276122,36.63,0,1,0.87,0:48:59
12244,1,6.136213302612305,36.63,0,1,0.87,0:50:11
12245,1,246.8048858642578,36.63,0,1,0.87,0:49:53
12246,1,15.55781936645508,36.63,0,1,0.87,0:50:39
12247,1,369.6962890625,36.63,0,1,0.87,0:49:30
12248,1,149.1394653320312,36.63,0,1,0.87,0:52:48
12249,1,335.9830932617188,36.63,1,0,0.87,0:51:04
12250,1,197.41845703125,36.63,0,1,0.87,0:49:49
12251,1,8.94913387298584,36.63,0,1,0.87,0:49:19
12252,1,233.2363739013672,36.63,0,1,0.87,0:49:52
12253,1,186.5775146484375,36.63,0,1,0.87,0:48:16
12254,1,259.998291015625,36.63,0,1,0.87,0:49:54
12255,1,15.55781936645508,36.63,0,1,0.87,0:51:26
12256,1,75.07860565185547,36.63,0,1,0.87,0:50:41
12257,1,1300.004516601562,36.63,1,0,0.87,0:42:29
12258,1,380.0,36.63,0,1,0.87,0:51:01
12259,1,205.3109893798828,36.63,0,1,0.87,0:48:11
12260,1,799.8717651367188,36.63,0,1,0.87,0:46:35
12261,1,225.9079742431641,36.63,0,1,0.87,0:50:09
12262,1,10.44183731079102,36.63,1,0,0.87,0:47:55
12263,1,9.362274169921877,36.63,1,0,0.87,0:45:43
12264,1,1525.08740234375,36.63,0,1,0.87,0:49:56
12265,1,144.104248046875,36.63,0,1,0.87,0:51:55
12266,1,278.0640869140625,36.63,1,0,0.87,0:52:01
12267,1,1360.286376953125,36.63,0,1,0.87,0:51:04
12268,1,10.44183731079102,36.63,1,0,0.87,0:44:53
12269,1,447.4283447265625,36.63,0,1,0.87,0:50:11
12270,1,149.1394653320312,36.63,0,1,0.87,0:52:18
12271,1,181.5143737792969,36.63,0,1,0.87,0:49:47
12272,1,286.8392639160156,36.63,0,1,0.87,0:50:57
12273,1,21.21549415588379,36.63,0,1,0.87,0:49:27
12274,1,4.027255058288573,36.63,1,0,0.87,0:46:29
12275,1,37.9741325378418,36.63,1,0,0.87,0:48:56
12276,1,71.8073501586914,36.63,0,1,0.87,0:49:08
12277,1,263.49282836914057,36.63,1,0,0.87,0:47:16
12278,1,124.17684936523442,36.63,1,0,0.87,0:49:55
12279,1,15.224977493286133,36.63,1,0,0.87,0:44:21
12280,1,47.37548446655273,36.63,0,1,0.87,0:51:32
12281,1,101.0586090087891,36.63,1,0,0.87,0:46:53
12282,1,47.37548446655273,36.63,0,1,0.87,0:49:35
12283,1,184.38775634765616,36.63,0,1,0.87,0:50:29
12284,1,883.9678344726562,36.63,0,1,0.87,0:49:17
12285,1,18.75839233398438,36.63,0,1,0.87,0:48:38
12286,1,1630.3333740234382,36.63,0,1,0.87,0:49:22
12287,1,181.5143737792969,36.63,1,0,0.87,0:49:29
12288,1,320.0387878417969,36.63,0,1,0.87,0:47:20
12289,1,8.611559867858888,36.63,1,0,0.87,0:46:28
12290,1,146.6958312988281,36.63,0,1,0.87,0:51:52
12291,1,236.900634765625,36.63,1,0,0.87,0:49:56
12292,1,179.2096710205078,36.63,1,0,0.87,0:51:20
12293,1,194.29931640625,36.63,0,1,0.87,0:48:55
12294,1,52.69355010986328,36.63,0,1,0.87,0:50:22
12295,1,31.17976570129395,36.63,0,1,0.87,0:48:52
12296,1,88.57984924316406,36.63,1,0,0.87,0:48:34
12297,1,366.0434265136719,36.63,1,0,0.87,0:46:06
12298,1,226.5792541503906,36.63,1,0,0.87,0:49:39
12299,1,27.9340763092041,36.63,1,0,0.87,0:48:15
12300,1,263.1090087890625,36.63,1,0,0.87,0:46:32
12301,1,425.3714904785156,36.63,1,0,0.87,0:50:05
12302,1,159.2595977783203,36.63,0,1,0.87,0:51:19
12303,1,231.64434814453116,36.63,0,1,0.87,0:47:49
12304,1,91.7226791381836,36.63,0,1,0.87,0:50:19
12305,1,180.7409820556641,36.63,1,0,0.87,0:45:41
12306,1,148.55224609375,36.63,0,1,0.87,0:52:25
12307,1,231.64434814453116,36.63,1,0,0.87,0:50:17
12308,1,614.4942016601562,36.63,0,1,0.87,0:49:43
12309,1,2133.544677734375,36.63,1,0,0.87,0:50:36
12310,1,3.297203540802002,36.63,0,1,0.87,0:51:34
12311,1,1049.87939453125,36.63,0,1,0.87,0:50:24
12312,1,10.44776248931885,36.63,0,1,0.87,0:49:43
12313,1,259.998291015625,36.63,0,1,0.87,0:51:54
12314,1,137.57452392578122,36.63,0,1,0.87,0:50:38
12315,1,51.877418518066406,36.63,1,0,0.87,0:46:05
12316,1,22.12597465515137,36.63,0,1,0.87,0:48:50
12317,1,75.89776611328125,36.63,0,1,0.87,0:49:08
12318,1,18.31573867797852,36.63,0,1,0.87,0:50:54
12319,1,126.1217880249023,36.63,0,1,0.87,0:45:12
12320,1,222.81597900390616,36.63,1,0,0.87,0:51:14
12321,1,647.6728515625,36.63,1,0,0.87,0:48:39
12322,1,276.05001831054693,36.63,0,1,0.87,0:51:22
12323,1,143.3762512207031,36.63,0,1,0.87,0:50:30
12324,1,18.26416397094727,36.63,1,0,0.87,0:49:09
12325,1,309.1738891601562,36.63,0,1,0.87,0:50:39
12326,1,400.4388732910156,36.63,0,1,0.87,0:50:59
12327,1,395.6289672851562,36.63,0,1,0.87,0:50:25
12328,1,148.55224609375,36.63,1,0,0.87,0:48:54
12329,1,56.084815979003906,36.63,0,1,0.87,0:51:41
12330,1,9.87485122680664,36.63,1,0,0.87,0:51:17
12331,1,1629.7652587890618,36.63,0,1,0.87,0:50:24
12332,1,249.0633392333984,36.63,0,1,0.87,0:51:37
12333,1,151.7768249511719,36.63,1,0,0.87,0:48:51
12334,1,154.5012359619141,36.63,1,0,0.87,0:47:24
12335,1,57.82163619995117,36.63,1,0,0.87,0:46:36
12336,1,437.7841186523438,36.63,0,1,0.87,0:49:26
12337,1,50.0,36.63,1,0,0.87,0:50:27
12338,1,26.88188362121582,36.63,0,1,0.87,0:48:56
12339,1,12.58986759185791,36.63,0,1,0.87,0:51:39
12340,1,611.3375244140625,36.63,0,1,0.87,0:46:55
12341,1,41.98091506958008,36.63,1,0,0.87,0:50:17
12342,1,198.6544494628906,36.63,0,1,0.87,0:50:43
12343,1,137.57452392578122,36.63,0,1,0.87,0:47:31
12344,1,6.206067562103272,36.63,1,0,0.87,0:51:13
12345,1,235.9955139160156,36.63,0,1,0.87,0:46:00
12346,1,571.0994873046875,36.63,0,1,0.87,0:49:34
12347,1,10.44183731079102,36.63,1,0,0.87,0:48:19
12348,1,149.1394653320312,36.63,0,1,0.87,0:51:12
12349,1,43.56428909301758,36.63,1,0,0.87,0:46:54
12350,1,259.998291015625,36.63,1,0,0.87,0:47:57
12351,1,17.20283889770508,36.63,1,0,0.87,0:49:07
12352,1,146.087158203125,36.63,1,0,0.87,0:47:42
12353,1,3.857389688491821,36.63,0,1,0.87,0:48:57
12354,1,258.83737182617193,36.63,0,1,0.87,0:51:54
12355,1,1046.732788085938,36.63,0,1,0.87,0:50:21
12356,1,1332.598876953125,36.63,0,1,0.87,0:47:53
12357,1,345.8526306152344,36.63,1,0,0.87,0:50:23
12358,1,167.1740875244141,36.63,0,1,0.87,0:51:03
12359,1,18.05331420898438,36.63,0,1,0.87,0:50:03
12360,1,73.2974853515625,36.63,1,0,0.87,0:49:12
12361,1,5.111319541931152,36.63,0,1,0.87,0:50:07
12362,1,55.22239303588867,36.63,0,1,0.87,0:46:36
12363,1,93.24968719482422,36.63,1,0,0.87,0:51:00
12364,1,50.95003509521485,36.63,0,1,0.87,0:50:20
12365,1,186.8325653076172,36.63,1,0,0.87,0:47:02
12366,1,26.97613716125488,36.63,1,0,0.87,0:50:25
12367,1,9.87485122680664,36.63,1,0,0.87,0:47:09
12368,1,226.9747467041016,36.63,0,1,0.87,0:45:57
12369,1,16.20237159729004,36.63,0,1,0.87,0:51:16
12370,1,5.445359230041504,36.63,0,1,0.87,0:51:04
12371,1,614.4942016601562,36.63,1,0,0.87,0:48:00
12372,1,31.97005462646484,36.63,0,1,0.87,0:56:27
12373,1,33.91964721679688,36.63,0,1,0.87,0:50:37
12374,1,10.44183731079102,36.63,0,1,0.87,0:49:30
12375,1,1.979974031448364,36.63,0,1,0.87,0:49:17
12376,1,1.5720475912094118,36.63,0,1,0.87,0:50:25
12377,1,205.08428955078116,36.63,0,1,0.87,0:49:39
12378,1,1141.86279296875,36.63,0,1,0.87,0:46:25
12379,1,10.44776248931885,36.63,0,1,0.87,0:50:43
12380,1,1887.3319091796882,36.63,1,0,0.87,0:48:53
12381,1,1544.9874267578118,36.63,0,1,0.87,0:49:35
12382,1,91.7226791381836,36.63,1,0,0.87,0:46:23
12383,1,249.9987335205078,36.63,1,0,0.87,0:49:07
12384,1,8.194785118103027,36.63,0,1,0.87,0:50:21
12385,1,1596.6729736328118,36.63,0,1,0.87,0:46:36
12386,1,450.7833251953125,36.63,0,1,0.87,0:45:03
12387,1,485.2083740234375,36.63,1,0,0.87,0:45:04
12388,1,259.998291015625,36.63,0,1,0.87,0:48:46
12389,1,92.49187469482422,36.63,1,0,0.87,0:49:26
12390,1,24.55533409118652,36.63,1,0,0.87,0:48:55
12391,1,259.998291015625,36.63,1,0,0.87,0:49:52
12392,1,4.641374111175537,36.63,0,1,0.87,0:49:03
12393,1,39.36035919189453,36.63,0,1,0.87,0:50:30
12394,1,259.998291015625,36.63,0,1,0.87,0:48:49
12395,1,20.052143096923828,36.63,0,1,0.87,0:50:30
12396,1,26.24765014648438,36.63,0,1,0.87,0:49:05
12397,1,252.9573211669922,36.63,1,0,0.87,0:49:57
12398,1,9.807595252990724,36.63,1,0,0.87,0:49:40
12399,1,428.7605285644531,36.63,0,1,0.87,0:49:57
12400,1,74.23316192626953,36.63,0,1,0.87,0:49:51
12401,1,2188.454833984375,36.63,0,1,0.87,0:47:49
12402,1,5.22021484375,36.63,1,0,0.87,0:48:58
12403,1,119.56497192382808,36.63,0,1,0.87,0:51:22
12404,1,315.6446228027344,36.63,0,1,0.87,0:49:41
12405,1,192.2165679931641,36.63,0,1,0.87,0:50:08
12406,1,23.51996421813965,36.63,0,1,0.87,0:49:40
12407,1,1046.732788085938,36.63,1,0,0.87,0:47:56
12408,1,248.2796173095703,36.63,0,1,0.87,0:50:00
12409,1,137.57452392578122,36.63,0,1,0.87,0:49:58
12410,1,2615.98095703125,36.63,0,1,0.87,0:49:28
12411,1,221.5890655517578,36.63,1,0,0.87,0:46:03
12412,1,115.2531356811523,36.63,1,0,0.87,0:50:45
12413,1,233.7287750244141,36.63,0,1,0.87,0:51:17
12414,1,263.49282836914057,36.63,0,1,0.87,0:46:21
12415,1,38.78234481811523,36.63,1,0,0.87,0:54:03
12416,1,181.5143737792969,36.63,1,0,0.87,0:46:21
12417,1,193.28656005859384,36.63,1,0,0.87,0:48:45
12418,1,2493.9921875,36.63,0,1,0.87,0:49:59
12419,1,77.97574615478516,36.63,1,0,0.87,0:47:22
12420,1,18.05331420898438,36.63,0,1,0.87,0:48:00
12421,1,1046.732788085938,36.63,0,1,0.87,0:50:38
12422,1,10.58681583404541,36.63,1,0,0.87,0:50:24
12423,1,345.7331848144531,36.63,1,0,0.87,0:50:21
12424,1,127.81753540039058,36.63,1,0,0.87,0:50:39
12425,1,254.7844543457031,36.63,0,1,0.87,0:48:31
12426,1,159.2595977783203,36.63,0,1,0.87,0:50:37
12427,1,1322.692260742188,36.63,1,0,0.87,0:47:03
12428,1,18.31573867797852,36.63,1,0,0.87,0:50:21
12429,1,66.27151489257811,36.63,0,1,0.87,0:50:24
12430,1,62.17602157592773,36.63,0,1,0.87,0:48:38
12431,1,56.14863586425781,36.63,0,1,0.87,0:50:42
12432,1,332.9924011230469,36.63,0,1,0.87,0:49:50
12433,1,7.058139324188232,36.63,0,1,0.87,0:44:54
12434,1,546.9476928710939,36.63,0,1,0.87,0:47:52
12435,2,344.7054748535156,36.63,1,0,0.87,0:49:04
12436,1,1630.3333740234382,36.63,0,1,0.87,0:50:59
12437,1,27.39501571655273,36.63,1,0,0.87,0:50:37
12438,1,37.14537048339844,36.63,1,0,0.87,0:44:57
12439,1,538.4794311523439,36.63,0,1,0.87,0:50:14
12440,1,118.26126098632808,36.63,0,1,0.87,0:48:35
12441,1,1322.692260742188,36.63,1,0,0.87,0:48:01
12442,1,31.52193450927734,36.63,1,0,0.87,0:49:03
12443,1,132.78535461425778,36.63,1,0,0.87,0:44:18
12444,1,272.28091430664057,36.63,0,1,0.87,0:51:06
12445,1,368.8425903320312,36.63,0,1,0.87,0:48:34
12446,1,31.97005462646484,36.63,1,0,0.87,0:50:47
12447,1,36.19046020507812,36.63,1,0,0.87,0:47:20
12448,1,281.1091918945312,36.63,1,0,0.87,0:47:42
12449,1,195.8337860107422,36.63,0,1,0.87,0:48:43
12450,1,7.965522289276122,36.63,0,1,0.87,0:51:09
12451,1,259.998291015625,36.63,0,1,0.87,0:49:21
12452,1,14.32654094696045,36.63,1,0,0.87,0:45:42
12453,1,165.8483734130859,36.63,0,1,0.87,0:50:37
12454,1,224.95013427734384,36.63,1,0,0.87,0:49:36
12455,1,87.490966796875,36.63,1,0,0.87,0:44:50
12456,1,187.0788269042969,36.63,0,1,0.87,0:48:05
12457,1,180.4459686279297,36.63,1,0,0.87,0:50:53
12458,1,311.047607421875,36.63,1,0,0.87,0:46:50
12459,1,253.0893249511719,36.63,0,1,0.87,0:48:35
12460,1,450.045166015625,36.63,0,1,0.87,0:50:05
12461,1,58.93083190917969,36.63,0,1,0.87,0:52:19
12462,1,226.05609130859384,36.63,1,0,0.87,0:50:57
12463,1,9.335716247558594,36.63,1,0,0.87,0:50:07
12464,1,24.25078392028809,36.63,1,0,0.87,0:48:48
12465,1,56.084815979003906,36.63,0,1,0.87,0:48:35
12466,1,10.44776248931885,36.63,0,1,0.87,0:48:44
12467,1,159.2595977783203,36.63,1,0,0.87,0:49:36
12468,1,425.3714904785156,36.63,0,1,0.87,0:52:32
12469,3,91.7226791381836,36.63,1,0,0.87,0:48:28
12470,1,137.57452392578122,36.63,1,0,0.87,0:50:09
12471,1,4.69460391998291,36.63,0,1,0.87,0:47:42
12472,1,205.3109893798828,36.63,1,0,0.87,0:46:21
12473,1,12.0,36.63,1,0,0.87,0:47:42
12474,1,1412.0616455078118,36.63,0,1,0.87,0:48:04
12475,1,220.8075714111328,36.63,1,0,0.87,0:48:34
12476,1,7.209052085876465,36.63,0,1,0.87,0:50:39
12477,1,53.74789428710938,36.63,1,0,0.87,0:47:15
12478,1,28.48264122009277,36.63,0,1,0.87,0:50:32
12479,1,77.97574615478516,36.63,1,0,0.87,0:54:03
12480,1,188.2588348388672,36.63,0,1,0.87,0:49:32
12481,1,376.4162902832031,36.63,0,1,0.87,0:49:14
12482,1,224.9377288818359,36.63,1,0,0.87,0:49:45
12483,1,12.210763931274409,36.63,1,0,0.87,0:48:24
12484,1,6.090157508850098,36.63,0,1,0.87,0:50:15
12485,1,20.58082008361816,36.63,0,1,0.87,0:50:01
12486,1,283.4095153808594,36.63,0,1,0.87,0:50:08
12487,1,287.5038757324219,36.63,0,1,0.87,0:50:08
12488,1,58.93083190917969,36.63,1,0,0.87,0:47:44
12489,1,187.0788269042969,36.63,0,1,0.87,0:49:44
12490,1,447.4283447265625,36.63,1,0,0.87,0:49:20
12491,1,14.32654094696045,36.63,0,1,0.87,0:49:34
12492,1,11.57025718688965,36.63,1,0,0.87,0:50:49
12493,1,149.1394653320312,36.63,1,0,0.87,0:49:20
12494,1,163.7011871337891,36.63,1,0,0.87,0:47:31
12495,1,2229.72216796875,36.63,1,0,0.87,0:55:59
12496,1,259.998291015625,36.63,0,1,0.87,0:52:44
12497,1,263.49282836914057,36.63,0,1,0.87,0:51:17
12498,1,152.9394073486328,36.63,1,0,0.87,0:49:02
12499,1,259.998291015625,36.63,0,1,0.87,0:52:44
12500,1,43.333152770996094,36.63,1,0,0.87,0:51:23
12501,1,120.9079360961914,36.63,0,1,0.87,0:49:41
12502,1,180.2863311767578,36.63,1,0,0.87,0:48:47
12503,1,7.965522289276122,36.63,1,0,0.87,0:49:11
12504,1,195.6720886230469,36.63,1,0,0.87,0:48:29
12505,1,233.2363739013672,36.63,1,0,0.87,0:50:56
12506,1,187.2318572998047,36.63,1,0,0.87,0:49:48
12507,1,31.2812614440918,36.63,1,0,0.87,0:49:11
12508,1,14.79340267181396,36.63,1,0,0.87,0:49:56
12509,1,647.6728515625,36.63,1,0,0.87,0:50:14
12510,1,224.95013427734384,36.63,0,1,0.87,0:51:07
12511,1,276.48965454101557,36.63,0,1,0.87,0:50:20
12512,1,1976.76318359375,36.63,0,1,0.87,0:50:12
12513,1,299.6451721191406,36.63,1,0,0.87,0:45:32
12514,1,484.7640075683594,36.63,0,1,0.87,0:49:28
12515,1,15.55781936645508,36.63,1,0,0.87,0:51:12
12516,1,39.47004318237305,36.63,0,1,0.87,0:48:20
12517,1,1.4977959394454958,36.63,1,0,0.87,0:47:51
12518,1,14.32654094696045,36.63,0,1,0.87,0:47:08
12519,1,41.252220153808594,36.63,1,0,0.87,0:49:44
12520,1,254.7844543457031,36.63,1,0,0.87,0:49:26
12521,1,4.784560680389403,36.63,0,1,0.87,0:49:52
12522,1,259.998291015625,36.63,0,1,0.87,0:48:34
12523,1,4.631145000457764,36.63,1,0,0.87,0:49:00
12524,1,178.32672119140616,36.63,0,1,0.87,0:50:26
12525,1,91.7226791381836,36.63,0,1,0.87,0:51:46
12526,1,25.37751960754395,36.63,0,1,0.87,0:48:01
12527,1,568.2205200195312,36.63,0,1,0.87,0:49:37
12528,1,7.603908061981201,36.63,0,1,0.87,0:48:44
12529,1,62.09518432617188,36.63,1,0,0.87,0:55:30
12530,1,44.61593246459961,36.63,0,1,0.87,0:48:38
12531,1,222.6811370849609,36.63,0,1,0.87,0:49:19
12532,1,59.45719909667969,36.63,0,1,0.87,0:48:13
12533,1,1046.732788085938,36.63,1,0,0.87,0:48:18
12534,1,5.565427303314209,36.63,1,0,0.87,0:49:33
12535,1,71.57571411132812,36.63,1,0,0.87,0:51:03
12536,1,29.45329856872559,36.63,0,1,0.87,0:50:14
12537,1,55.22239303588867,36.63,0,1,0.87,0:48:39
12538,1,320.0387878417969,36.63,1,0,0.87,0:48:31
12539,1,11.57025718688965,36.63,0,1,0.87,0:50:44
12540,1,152.9394073486328,36.63,1,0,0.87,0:48:40
12541,1,614.4942016601562,36.63,0,1,0.87,0:49:21
12542,1,193.2954254150391,36.63,0,1,0.87,0:51:55
12543,1,237.6291656494141,36.63,1,0,0.87,0:42:47
12544,1,183.4629821777344,36.63,1,0,0.87,0:50:50
12545,1,25.89585113525391,36.63,0,1,0.87,0:50:47
12546,1,7.058139324188232,36.63,0,1,0.87,0:47:05
12547,1,56.084815979003906,36.63,1,0,0.87,0:50:53
12548,1,263.49282836914057,36.63,1,0,0.87,0:46:16
12549,1,22.25241279602051,36.63,1,0,0.87,0:48:02
12550,1,18.31573867797852,36.63,1,0,0.87,0:51:38
12551,1,22.78268432617188,36.63,1,0,0.87,0:52:58
12552,1,7.309962749481201,36.63,1,0,0.87,0:54:15
12553,1,388.6565246582031,36.63,0,1,0.87,0:48:25
12554,1,21.55349731445312,36.63,0,1,0.87,0:49:56
12555,1,187.2318572998047,36.63,0,1,0.87,0:50:59
12556,1,259.998291015625,36.63,0,1,0.87,0:50:42
12557,1,98.08660888671876,36.63,1,0,0.87,0:48:40
12558,1,215.1224670410156,36.63,0,1,0.87,0:50:48
12559,1,10.44776248931885,36.63,0,1,0.87,0:45:22
12560,1,19.07254981994629,36.63,1,0,0.87,0:53:12
12561,1,10.44776248931885,36.63,1,0,0.87,0:50:12
12562,1,309.1738891601562,36.63,0,1,0.87,0:48:49
12563,2,104.8969955444336,36.63,1,0,0.87,0:49:48
12564,1,83.9320068359375,36.63,0,1,0.87,0:48:03
12565,1,1015.653198242188,36.63,1,0,0.87,0:50:07
12566,1,18.26416397094727,36.63,0,1,0.87,0:49:21
12567,1,211.8292083740234,36.63,1,0,0.87,0:49:57
12568,1,14.566981315612788,36.63,0,1,0.87,0:50:08
12569,1,1689.8099365234382,36.63,0,1,0.87,0:51:08
12570,1,4.3414626121521005,36.63,1,0,0.87,0:50:42
12571,1,13.55171585083008,36.63,1,0,0.87,0:48:42
12572,1,167.1740875244141,36.63,1,0,0.87,0:48:43
12573,1,128.1840515136719,36.63,0,1,0.87,0:51:39
12574,1,159.2595977783203,36.63,1,0,0.87,0:47:42
12575,1,31.781719207763672,36.63,0,1,0.87,0:49:41
12576,1,17.31131172180176,36.63,0,1,0.87,0:51:14
12577,1,321.1102600097656,36.63,0,1,0.87,0:49:56
12578,1,246.9423828125,36.63,0,1,0.87,0:52:16
12579,1,28.003864288330078,36.63,0,1,0.87,0:53:39
12580,1,13.37402057647705,36.63,1,0,0.87,0:44:36
12581,1,201.6867523193359,36.63,0,1,0.87,0:50:28
12582,1,1.979974031448364,36.63,1,0,0.87,0:48:29
12583,1,65.92695617675781,36.63,1,0,0.87,0:48:28
12584,1,91.7226791381836,36.63,0,1,0.87,0:50:50
12585,1,16.83182334899902,36.63,0,1,0.87,0:51:08
12586,1,376.7197570800781,36.63,1,0,0.87,0:48:23
12587,1,14.32654094696045,36.63,0,1,0.87,0:50:05
12588,1,56.084815979003906,36.63,0,1,0.87,0:50:02
12589,1,10.44183731079102,36.63,0,1,0.87,0:45:53
12590,1,7.1861228942871085,36.63,0,1,0.87,0:49:21
12591,1,107.4600601196289,36.63,1,0,0.87,0:49:24
12592,1,299.6451721191406,36.63,0,1,0.87,0:49:02
12593,1,149.1394653320312,36.63,0,1,0.87,0:45:35
12594,1,220.8075714111328,36.63,1,0,0.87,0:50:08
12595,1,31.2812614440918,36.63,0,1,0.87,0:50:11
12596,1,91.7226791381836,36.63,0,1,0.87,0:49:48
12597,1,16.83182334899902,36.63,0,1,0.87,0:47:29
12598,1,24.5399284362793,36.63,1,0,0.87,0:50:24
12599,1,23.19246101379395,36.63,1,0,0.87,0:50:38
12600,1,219.4850006103516,36.63,0,1,0.87,0:51:58
12601,1,52.32403564453125,36.63,0,1,0.87,0:49:39
12602,1,428.7605285644531,36.63,1,0,0.87,0:49:08
12603,1,59.33108520507812,36.63,0,1,0.87,0:51:57
12604,1,220.4040222167969,36.63,1,0,0.87,0:50:08
12605,1,243.8819274902344,36.63,1,0,0.87,0:50:06
12606,1,2.0040874481201167,36.63,0,1,0.87,0:50:18
12607,1,14.359289169311518,36.63,0,1,0.87,0:51:35
12608,1,278.07406616210943,36.63,0,1,0.87,0:51:28
12609,1,217.0154266357422,36.63,1,0,0.87,0:48:29
12610,1,31.17976570129395,36.63,1,0,0.87,0:49:02
12611,1,1596.6729736328118,36.63,0,1,0.87,0:48:16
12612,1,263.49282836914057,36.63,0,1,0.87,0:50:08
12613,1,211.7729034423828,36.63,1,0,0.87,0:49:37
12614,1,15.55781936645508,36.63,0,1,0.87,0:51:11
12615,1,44.61593246459961,36.63,0,1,0.87,0:47:30
12616,1,278.0640869140625,36.63,1,0,0.87,0:44:42
12617,1,17.05924987792969,36.63,1,0,0.87,0:48:35
12618,1,10.44183731079102,36.63,0,1,0.87,0:49:37
12619,1,70.84521484375,36.63,1,0,0.87,0:48:14
12620,1,12.58986759185791,36.63,1,0,0.87,0:49:08
12621,1,24.22848892211914,36.63,1,0,0.87,0:48:04
12622,1,1631.184326171875,36.63,1,0,0.87,0:50:29
12623,1,140.58866882324222,36.63,0,1,0.87,0:52:01
12624,1,259.998291015625,36.63,1,0,0.87,0:48:37
12625,1,412.3035278320312,36.63,0,1,0.87,0:48:32
12626,1,0.0,36.63,0,1,0.87,0:50:08
12627,1,332.7853698730469,36.63,1,0,0.87,0:46:42
12628,1,185.56158447265616,36.63,0,1,0.87,0:51:16
12629,1,17.5898609161377,36.63,1,0,0.87,0:52:01
12630,1,239.6719055175781,36.63,0,1,0.87,0:50:54
12631,1,292.6947631835938,36.63,1,0,0.87,0:49:08
12632,1,26.88188362121582,36.63,1,0,0.87,0:44:18
12633,1,1452.274169921875,36.63,0,1,0.87,0:51:26
12634,1,186.8978118896484,36.63,0,1,0.87,0:49:15
12635,1,58.93083190917969,36.63,0,1,0.87,0:49:40
12636,1,315.6446228027344,36.63,0,1,0.87,0:51:19
12637,1,114.3589859008789,36.63,1,0,0.87,0:49:11
12638,1,291.1369323730469,36.63,1,0,0.87,0:51:39
12639,1,4.590063095092773,36.63,1,0,0.87,0:47:37
12640,1,38.78234481811523,36.63,0,1,0.87,0:48:35
12641,1,259.998291015625,36.63,1,0,0.87,0:47:28
12642,1,15.224977493286133,36.63,0,1,0.87,0:48:56
12643,1,15.224977493286133,36.63,1,0,0.87,0:48:56
12644,1,94.3494644165039,36.63,0,1,0.87,0:50:04
12645,1,2184.6279296875,36.63,0,1,0.87,0:49:21
12646,1,6.938945770263673,36.63,0,1,0.87,0:51:34
12647,1,153.4354248046875,36.63,1,0,0.87,0:48:45
12648,1,18.05331420898438,36.63,0,1,0.87,0:45:45
12649,1,6.029303550720215,36.63,0,1,0.87,0:46:25
12650,1,1.91899299621582,36.63,1,0,0.87,0:48:32
12651,1,35.90165328979492,36.63,1,0,0.87,0:49:47
12652,1,252.5192565917969,36.63,0,1,0.87,0:51:20
12653,1,225.5588531494141,36.63,1,0,0.87,0:50:15
12654,1,261.4437255859375,36.63,0,1,0.87,0:52:00
12655,1,113.6512069702148,36.63,0,1,0.87,0:50:07
12656,1,41.74667739868164,36.63,0,1,0.87,0:49:43
12657,1,270.78909301757807,36.63,0,1,0.87,0:50:08
12658,1,0.5368872284889221,36.63,1,0,0.87,0:47:05
12659,1,9.335716247558594,36.63,1,0,0.87,0:52:12
12660,1,213.9208221435547,36.63,1,0,0.87,0:50:39
12661,1,200.3652648925781,36.63,0,1,0.87,0:47:19
12662,1,33.1964111328125,36.63,1,0,0.87,0:49:36
12663,1,66.88114929199219,36.63,0,1,0.87,0:49:10
12664,1,201.3539733886719,36.63,1,0,0.87,0:48:52
12665,1,424.5280151367188,36.63,0,1,0.87,0:50:05
12666,1,187.0788269042969,36.63,1,0,0.87,0:47:28
12667,1,314.1141662597656,36.63,1,0,0.87,0:50:11
12668,1,10.054220199584961,36.63,1,0,0.87,0:41:56
12669,1,222.81597900390616,36.63,0,1,0.87,0:50:25
12670,1,10.44776248931885,36.63,0,1,0.87,0:51:23
12671,1,269.01950073242193,36.63,1,0,0.87,0:44:16
12672,1,31.52193450927734,36.63,0,1,0.87,0:51:07
12673,1,11.369895935058588,36.63,0,1,0.87,0:49:26
12674,1,75.45740509033203,36.63,0,1,0.87,0:49:44
12675,1,22.66361999511719,36.63,1,0,0.87,0:52:56
12676,1,181.5143737792969,36.63,0,1,0.87,0:51:11
12677,1,259.998291015625,36.63,0,1,0.87,0:46:29
12678,1,255.0,36.63,1,0,0.87,0:48:59
12679,1,210.5088653564453,36.63,1,0,0.87,0:45:09
12680,1,10.75895500183105,36.63,1,0,0.87,0:50:57
12681,1,55.65824508666992,36.63,0,1,0.87,0:44:22
12682,1,218.5335693359375,36.63,0,1,0.87,0:49:41
12683,1,181.6004943847656,36.63,1,0,0.87,0:49:56
12684,1,54.23469924926758,36.63,1,0,0.87,0:53:38
12685,1,6.206067562103272,36.63,1,0,0.87,0:51:12
12686,1,16.84739112854004,36.63,0,1,0.87,0:54:19
12687,1,279.2320556640625,36.63,1,0,0.87,0:51:23
12688,1,5.445359230041504,36.63,0,1,0.87,0:51:08
12689,1,636.262451171875,36.63,0,1,0.87,0:51:14
12690,1,7.058139324188232,36.63,0,1,0.87,0:47:39
12691,1,421.3871459960938,36.63,0,1,0.87,0:51:10
12692,1,14.070459365844732,36.63,0,1,0.87,0:50:07
12693,1,115.1393280029297,36.63,0,1,0.87,0:47:53
12694,1,105.6290054321289,36.63,1,0,0.87,0:41:46
12695,1,10.44776248931885,36.63,0,1,0.87,0:51:56
12696,1,275.064453125,36.63,0,1,0.87,0:49:43
12697,1,2.953661203384399,36.63,0,1,0.87,0:48:16
12698,1,138.9033355712891,36.63,1,0,0.87,0:52:41
12699,1,67.15016174316406,36.63,1,0,0.87,0:49:44
12700,1,19.54772758483887,36.63,0,1,0.87,0:50:46
12701,1,321.1102600097656,36.63,0,1,0.87,0:49:25
12702,1,178.32672119140616,36.63,0,1,0.87,0:48:07
12703,1,911.8583984375,36.63,1,0,0.87,0:49:41
12704,1,430.595458984375,36.63,1,0,0.87,0:48:51
12705,1,4.8699212074279785,36.63,0,1,0.87,0:50:19
12706,1,1140.048706054688,36.63,0,1,0.87,0:49:26
12707,1,47.80936050415039,36.63,1,0,0.87,0:48:56
12708,1,14.070459365844732,36.63,0,1,0.87,0:49:40
12709,1,159.2595977783203,36.63,1,0,0.87,0:49:22
12710,1,15.55781936645508,36.63,0,1,0.87,0:51:05
12711,1,15.224977493286133,36.63,0,1,0.87,0:49:51
12712,1,275.03494262695307,36.63,0,1,0.87,0:50:02
12713,1,203.1173400878906,36.63,1,0,0.87,0:49:29
12714,1,143.3762512207031,36.63,0,1,0.87,0:50:08
12715,1,5.93881893157959,36.63,0,1,0.87,0:52:08
12716,1,37.14537048339844,36.63,0,1,0.87,0:48:20
12717,1,94.3494644165039,36.63,0,1,0.87,0:50:08
12718,1,131.0602111816406,36.63,1,0,0.87,0:46:24
12719,1,47.31279373168945,36.63,0,1,0.87,0:44:48
12720,1,2554.609619140625,36.63,1,0,0.87,0:45:05
12721,1,151.7860565185547,36.63,1,0,0.87,0:45:46
12722,1,149.1394653320312,36.63,0,1,0.87,0:50:27
12723,1,11.72537899017334,36.63,1,0,0.87,0:48:01
12724,1,194.2860260009766,36.63,0,1,0.87,0:52:21
12725,1,640.61181640625,36.63,0,1,0.87,0:52:16
12726,1,51.25374603271485,36.63,0,1,0.87,0:49:15
12727,1,210.49322509765616,36.63,1,0,0.87,0:45:52
12728,1,224.8861236572266,36.63,0,1,0.87,0:52:21
12729,1,10.06689834594727,36.63,0,1,0.87,0:51:18
12730,1,10.44183731079102,36.63,0,1,0.87,0:50:41
12731,1,242.9944763183594,36.63,0,1,0.87,0:50:39
12732,1,137.49957275390622,36.63,1,0,0.87,0:49:24
12733,1,428.7605285644531,36.63,1,0,0.87,0:49:37
12734,1,11.05302143096924,36.63,1,0,0.87,0:49:36
12735,1,241.5819549560547,36.63,0,1,0.87,0:51:35
12736,1,53.74789428710938,36.63,0,1,0.87,0:48:44
12737,1,266.2826538085938,36.63,1,0,0.87,0:45:04
12738,1,278.0033569335938,36.63,0,1,0.87,0:49:30
12739,1,11.05302143096924,36.63,0,1,0.87,0:49:00
12740,1,1105.029907226562,36.63,0,1,0.87,0:50:51
12741,1,47.31279373168945,36.63,0,1,0.87,0:50:20
12742,1,86.84709167480469,36.63,0,1,0.87,0:49:06
12743,1,211.1024017333984,36.63,0,1,0.87,0:46:35
12744,1,284.8039245605469,36.63,1,0,0.87,0:48:42
12745,1,202.0694122314453,36.63,0,1,0.87,0:50:42
12746,1,19.78066635131836,36.63,0,1,0.87,0:49:19
12747,1,292.6250610351562,36.63,0,1,0.87,0:50:40
12748,1,50.50469589233398,36.63,1,0,0.87,0:47:10
12749,1,17.54564476013184,36.63,0,1,0.87,0:50:45
12750,1,1243.033569335938,36.63,0,1,0.87,0:50:38
12751,1,12.82390880584717,36.63,1,0,0.87,0:46:58
12752,1,21.21549415588379,36.63,1,0,0.87,0:48:21
12753,1,425.3714904785156,36.63,1,0,0.87,0:50:55
12754,1,37.9741325378418,36.63,0,1,0.87,0:50:28
12755,1,254.7844543457031,36.63,0,1,0.87,0:51:53
12756,1,149.5798187255859,36.63,1,0,0.87,0:48:39
12757,1,292.6947631835938,36.63,0,1,0.87,0:51:51
12758,1,320.0387878417969,36.63,0,1,0.87,0:48:51
12759,1,204.6719512939453,36.63,0,1,0.87,0:52:28
12760,1,10.44776248931885,36.63,0,1,0.87,0:48:56
12761,1,211.8292083740234,36.63,0,1,0.87,0:43:31
12762,1,77.97574615478516,36.63,0,1,0.87,0:48:30
12763,1,116.2873992919922,36.63,1,0,0.87,0:52:46
12764,1,159.2595977783203,36.63,0,1,0.87,0:51:10
12765,1,613.4834594726562,36.63,0,1,0.87,0:52:41
12766,1,10.44183731079102,36.63,0,1,0.87,0:49:00
12767,1,237.2498626708984,36.63,1,0,0.87,0:48:02
12768,1,571.0994873046875,36.63,0,1,0.87,0:52:42
12769,1,56.084815979003906,36.63,1,0,0.87,0:51:32
12770,1,7.965522289276122,36.63,1,0,0.87,0:47:43
12771,1,1361.07470703125,36.63,0,1,0.87,0:48:23
12772,1,12.0,36.63,0,1,0.87,0:49:38
12773,1,13.027480125427251,36.63,1,0,0.87,0:43:27
12774,1,220.6278076171875,36.63,1,0,0.87,0:50:46
12775,1,228.9907073974609,36.63,0,1,0.87,0:51:54
12776,1,122.5372314453125,36.63,0,1,0.87,0:50:55
12777,1,614.4942016601562,36.63,0,1,0.87,0:50:02
12778,1,135.6158752441406,36.63,1,0,0.87,0:51:01
12779,1,2.335977554321289,36.63,1,0,0.87,0:48:45
12780,1,380.0,36.63,1,0,0.87,0:49:49
12781,1,181.5143737792969,36.63,1,0,0.87,0:46:06
12782,1,484.7640075683594,36.63,0,1,0.87,0:51:56
12783,1,614.4942016601562,36.63,0,1,0.87,0:49:16
12784,1,6.027743339538574,36.63,0,1,0.87,0:44:12
12785,1,64.02103424072266,36.63,0,1,0.87,0:49:32
12786,1,130.9141998291016,36.63,1,0,0.87,0:51:50
12787,1,259.998291015625,36.63,0,1,0.87,0:49:48
12788,1,13.70660877227783,36.63,0,1,0.87,0:48:18
12789,1,48.54412841796875,36.63,0,1,0.87,0:52:39
12790,1,666.8341674804688,36.63,0,1,0.87,0:50:38
12791,1,178.5460357666016,36.63,1,0,0.87,0:49:57
12792,1,260.0,36.63,0,1,0.87,0:51:00
12793,1,430.595458984375,36.63,1,0,0.87,0:50:06
12794,1,193.4534606933594,36.63,0,1,0.87,0:49:56
12795,1,219.0861511230469,36.63,1,0,0.87,0:47:46
12796,1,137.57452392578122,36.63,1,0,0.87,0:48:25
12797,1,201.0799255371094,36.63,1,0,0.87,0:49:20
12798,1,10.71807956695557,36.63,1,0,0.87,0:51:15
12799,1,14.566981315612788,36.63,0,1,0.87,0:49:20
12800,1,41.98091506958008,36.63,1,0,0.87,0:50:55
12801,1,287.1083679199219,36.63,0,1,0.87,0:49:41
12802,1,472.6224975585938,36.63,0,1,0.87,0:50:56
12803,1,305.0235900878906,36.63,1,0,0.87,0:45:52
12804,1,50.50469589233398,36.63,0,1,0.87,0:47:16
12805,1,1897.159912109375,36.63,0,1,0.87,0:51:41
12806,1,259.998291015625,36.63,0,1,0.87,0:49:03
12807,1,169.5432281494141,36.63,0,1,0.87,0:52:09
12808,1,321.1102600097656,36.63,0,1,0.87,0:46:02
12809,1,1325.179443359375,36.63,1,0,0.87,0:44:41
12810,1,2.379158020019531,36.63,0,1,0.87,0:49:02
12811,1,1371.028198242188,36.63,1,0,0.87,0:50:35
12812,1,162.0,36.63,0,1,0.87,0:51:07
12813,1,109.5122451782227,36.63,0,1,0.87,0:49:20
12814,1,309.5330810546875,36.63,1,0,0.87,0:47:10
12815,1,146.087158203125,36.63,1,0,0.87,0:49:07
12816,1,178.8844146728516,36.63,0,1,0.87,0:49:26
12817,1,10.44183731079102,36.63,1,0,0.87,0:47:44
12818,1,651.6923217773438,36.63,1,0,0.87,0:51:32
12819,1,233.2363739013672,36.63,1,0,0.87,0:42:06
12820,1,1493.58349609375,36.63,0,1,0.87,0:45:54
12821,1,225.9852752685547,36.63,0,1,0.87,0:54:54
12822,1,2229.72216796875,36.63,1,0,0.87,0:43:10
12823,1,421.3871459960938,36.63,0,1,0.87,0:47:44
12824,1,167.9832916259766,36.63,1,0,0.87,0:44:39
12825,1,52.54022216796875,36.63,1,0,0.87,0:46:28
12826,1,222.81597900390616,36.63,0,1,0.87,0:43:17
12827,1,77.97574615478516,36.63,0,1,0.87,0:48:29
12828,1,77.44851684570312,36.63,0,1,0.87,0:49:43
12829,1,245.7559356689453,36.63,0,1,0.87,0:52:10
12830,1,149.1394653320312,36.63,0,1,0.87,0:51:43
12831,1,414.6296081542969,36.63,1,0,0.87,0:48:50
12832,1,83.15779876708984,36.63,1,0,0.87,0:51:16
12833,1,31.17976570129395,36.63,1,0,0.87,0:49:05
12834,1,78.5858383178711,36.63,0,1,0.87,0:47:30
12835,1,883.9678344726562,36.63,0,1,0.87,0:49:16
12836,2,1623.9774169921882,36.63,0,1,0.87,0:47:43
12837,1,614.4942016601562,36.63,0,1,0.87,0:50:32
12838,1,188.2588348388672,36.63,0,1,0.87,0:49:42
12839,1,11.86605930328369,36.63,1,0,0.87,0:48:11
12840,1,2122.505126953125,36.63,1,0,0.87,0:51:13
12841,1,381.0133056640625,36.63,1,0,0.87,0:44:40
12842,1,367.1579895019531,36.63,1,0,0.87,0:49:11
12843,1,157.0261993408203,36.63,0,1,0.87,0:49:20
12844,1,354.3406982421875,36.63,0,1,0.87,0:49:32
12845,1,316.4529113769531,36.63,1,0,0.87,0:45:08
12846,1,134.6310882568359,36.63,0,1,0.87,0:50:03
12847,1,569.853271484375,36.63,1,0,0.87,0:47:49
12848,1,16.83182334899902,36.63,0,1,0.87,0:46:28
12849,1,226.9605255126953,36.63,0,1,0.87,0:48:28
12850,1,222.9197540283203,36.63,1,0,0.87,0:48:13
12851,1,131.22892761230472,36.63,1,0,0.87,0:52:21
12852,1,757.4893188476562,36.63,0,1,0.87,0:50:37
12853,1,181.5143737792969,36.63,1,0,0.87,0:48:26
12854,1,976.9442138671876,36.63,0,1,0.87,0:51:02
12855,1,46.06496810913086,36.63,0,1,0.87,0:47:32
12856,1,212.4296722412109,36.63,0,1,0.87,0:49:19
12857,1,237.47161865234384,36.63,1,0,0.87,0:45:50
12858,1,653.6278686523438,36.63,0,1,0.87,0:51:02
12859,1,51.61442184448242,36.63,0,1,0.87,0:47:44
12860,1,10.44183731079102,36.63,0,1,0.87,0:50:03
12861,1,18.05331420898438,36.63,0,1,0.87,0:50:21
12862,1,241.50628662109384,36.63,1,0,0.87,0:50:18
12863,1,18.05331420898438,36.63,0,1,0.87,0:50:35
12864,1,10.44183731079102,36.63,0,1,0.87,0:49:10
12865,1,17.3270263671875,36.63,0,1,0.87,0:47:30
12866,1,286.9860229492188,36.63,0,1,0.87,0:51:54
12867,1,10.44183731079102,36.63,1,0,0.87,0:49:08
12868,1,159.2595977783203,36.63,0,1,0.87,0:49:58
12869,1,1332.598876953125,36.63,0,1,0.87,0:50:12
12870,1,20.58762168884277,36.63,0,1,0.87,0:51:03
12871,1,368.4687805175781,36.63,1,0,0.87,0:51:28
12872,1,346.5852661132812,36.63,1,0,0.87,0:48:49
12873,1,212.0564727783203,36.63,1,0,0.87,0:48:43
12874,1,56.084815979003906,36.63,0,1,0.87,0:50:56
12875,1,10.44776248931885,36.63,1,0,0.87,0:52:09
12876,1,168.5491790771484,36.63,1,0,0.87,0:49:39
12877,1,24.13339424133301,36.63,0,1,0.87,0:51:52
12878,1,18.05331420898438,36.63,0,1,0.87,0:50:40
12879,1,197.583984375,36.63,0,1,0.87,0:51:18
12880,1,59.60044860839844,36.63,0,1,0.87,0:51:38
12881,1,1447.141357421875,36.63,1,0,0.87,0:54:28
12882,1,1186.648193359375,36.63,1,0,0.87,0:44:57
12883,1,259.998291015625,36.63,0,1,0.87,0:50:26
12884,1,320.0387878417969,36.63,1,0,0.87,0:50:20
12885,1,9.634559631347656,36.63,1,0,0.87,0:46:46
12886,1,10.44776248931885,36.63,1,0,0.87,0:46:37
12887,1,277.51071166992193,36.63,1,0,0.87,0:50:01
12888,1,18.26416397094727,36.63,0,1,0.87,0:49:05
12889,1,56.084815979003906,36.63,1,0,0.87,0:48:14
12890,1,10.44776248931885,36.63,0,1,0.87,0:46:37
12891,1,0.0,36.63,0,1,0.87,0:46:35
12892,1,200.7367095947266,36.63,0,1,0.87,0:50:04
12893,1,181.5143737792969,36.63,0,1,0.87,0:49:24
12894,1,43.40748977661133,36.63,1,0,0.87,0:45:17
12895,1,484.7640075683594,36.63,1,0,0.87,0:48:34
12896,1,140.58866882324222,36.63,1,0,0.87,0:45:42
12897,1,67.31046295166016,36.63,0,1,0.87,0:47:58
12898,1,73.98070526123047,36.63,1,0,0.87,0:49:03
12899,1,287.4725952148438,36.63,0,1,0.87,0:49:45
12900,1,192.6400146484375,36.63,1,0,0.87,0:50:33
12901,1,259.998291015625,36.63,1,0,0.87,0:51:13
12902,1,18.36637115478516,36.63,0,1,0.87,0:50:24
12903,1,682.06494140625,36.63,0,1,0.87,0:49:01
12904,1,870.2261962890625,36.63,0,1,0.87,0:50:24
12905,1,248.39337158203116,36.63,1,0,0.87,0:47:07
12906,1,49.35443496704102,36.63,0,1,0.87,0:48:41
12907,1,169.5432281494141,36.63,0,1,0.87,0:50:06
12908,1,24.17752647399902,36.63,0,1,0.87,0:48:38
12909,1,331.5245056152344,36.63,1,0,0.87,0:51:04
12910,1,331.5245056152344,36.63,0,1,0.87,0:51:04
12911,1,5.72465705871582,36.63,1,0,0.87,0:48:23
12912,1,588.7814331054688,36.63,0,1,0.87,0:49:17
12913,1,35.65705490112305,36.63,1,0,0.87,0:46:29
12914,1,2184.6279296875,36.63,0,1,0.87,0:49:26
12915,1,41.98091506958008,36.63,1,0,0.87,0:47:30
12916,1,343.5472106933594,36.63,1,0,0.87,0:48:38
12917,1,8.43006706237793,36.63,0,1,0.87,0:51:33
12918,1,29.08253288269043,36.63,1,0,0.87,0:48:45
12919,1,260.5658569335938,36.63,0,1,0.87,0:52:07
12920,1,410.9907836914062,36.63,1,0,0.87,0:51:17
12921,1,25.37751960754395,36.63,1,0,0.87,0:53:41
12922,1,135.85968017578122,36.63,0,1,0.87,0:47:56
12923,1,13.706212043762212,36.63,1,0,0.87,0:48:52
12924,1,37.9741325378418,36.63,1,0,0.87,0:51:16
12925,1,6.728803634643555,36.63,0,1,0.87,0:45:39
12926,1,10.44183731079102,36.63,1,0,0.87,0:52:15
12927,1,260.55117797851557,36.63,0,1,0.87,0:50:00
12928,1,14.87020969390869,36.63,1,0,0.87,0:44:05
12929,1,160.6837005615234,36.63,1,0,0.87,0:49:21
12930,1,762.0008544921875,36.63,1,0,0.87,0:43:09
12931,1,77.97574615478516,36.63,0,1,0.87,0:49:53
12932,1,219.4850006103516,36.63,1,0,0.87,0:51:27
12933,1,219.4850006103516,36.63,0,1,0.87,0:51:27
12934,1,57.31621932983398,36.63,0,1,0.87,0:48:13
12935,1,767.4879150390625,36.63,0,1,0.87,0:50:24
12936,1,379.9043273925781,36.63,1,0,0.87,0:52:03
12937,1,14.566981315612788,36.63,0,1,0.87,0:48:50
12938,1,199.9463653564453,36.63,1,0,0.87,0:55:56
12939,1,174.1815948486328,36.63,1,0,0.87,0:52:13
12940,1,2295.736328125,36.63,0,1,0.87,0:50:43
12941,1,1.7231634855270392,36.63,0,1,0.87,0:50:12
12942,1,15.55781936645508,36.63,0,1,0.87,0:50:33
12943,1,10.44183731079102,36.63,1,0,0.87,0:50:00
12944,1,106.4913101196289,36.63,0,1,0.87,0:51:27
12945,1,67.31046295166016,36.63,1,0,0.87,0:51:02
12946,1,288.3488159179688,36.63,0,1,0.87,0:48:50
12947,1,42.68008041381836,36.63,0,1,0.87,0:51:31
12948,1,287.1083679199219,36.63,0,1,0.87,0:51:36
12949,1,126.1217880249023,36.63,1,0,0.87,0:49:13
12950,1,14.070459365844732,36.63,1,0,0.87,0:44:18
12951,1,128.1840515136719,36.63,0,1,0.87,0:51:27
12952,1,18.43984794616699,36.63,1,0,0.87,0:51:08
12953,1,651.6923217773438,36.63,1,0,0.87,0:48:38
12954,1,1186.648193359375,36.63,1,0,0.87,0:48:13
12955,1,2229.72216796875,36.63,1,0,0.87,0:47:50
12956,1,14.566981315612788,36.63,0,1,0.87,0:48:39
12957,1,108.9886856079102,36.63,1,0,0.87,0:47:31
12958,1,269.0430908203125,36.63,1,0,0.87,0:49:26
12959,1,18.70972442626953,36.63,0,1,0.87,0:51:15
12960,1,187.9427490234375,36.63,1,0,0.87,0:51:00
12961,1,181.5143737792969,36.63,1,0,0.87,0:48:25
12962,1,35.48947143554688,36.63,0,1,0.87,0:49:00
12963,1,516.3578491210939,36.63,0,1,0.87,0:49:51
12964,1,71.8073501586914,36.63,1,0,0.87,0:47:40
12965,1,56.084815979003906,36.63,0,1,0.87,0:50:08
12966,1,11.05302143096924,36.63,0,1,0.87,0:51:39
12967,1,159.2595977783203,36.63,1,0,0.87,0:51:56
12968,1,11.7332706451416,36.63,0,1,0.87,0:49:39
12969,1,20.03082084655762,36.63,0,1,0.87,0:50:34
12970,1,56.084815979003906,36.63,0,1,0.87,0:48:36
12971,1,291.1369323730469,36.63,1,0,0.87,0:45:09
12972,2,74.23316192626953,36.63,1,0,0.87,0:51:44
12973,1,32.20459365844727,36.63,1,0,0.87,0:50:26
12974,1,614.4942016601562,36.63,0,1,0.87,0:49:53
12975,1,225.5588531494141,36.63,1,0,0.87,0:49:53
12976,1,213.9208221435547,36.63,1,0,0.87,0:45:16
12977,1,426.3255004882812,36.63,1,0,0.87,0:48:54
12978,1,109.1946792602539,36.63,1,0,0.87,0:47:39
12979,1,1415.200439453125,36.63,1,0,0.87,0:49:57
12980,1,21.80615043640137,36.63,0,1,0.87,0:51:58
12981,1,253.1743621826172,36.63,0,1,0.87,0:49:45
12982,1,259.998291015625,36.63,1,0,0.87,0:51:17
12983,1,127.01202392578121,36.63,0,1,0.87,0:50:49
12984,1,5.997476577758789,36.63,0,1,0.87,0:50:04
12985,1,126.1217880249023,36.63,1,0,0.87,0:48:26
12986,1,10.44776248931885,36.63,1,0,0.87,0:54:00
12987,1,1596.6729736328118,36.63,0,1,0.87,0:46:11
12988,1,181.5143737792969,36.63,0,1,0.87,0:47:23
12989,1,139.42889404296878,36.63,0,1,0.87,0:50:19
12990,1,32.82580184936523,36.63,1,0,0.87,0:51:50
12991,1,27.72600936889648,36.63,1,0,0.87,0:50:47
12992,1,27.97719573974609,36.63,0,1,0.87,0:49:06
12993,1,17.05924987792969,36.63,1,0,0.87,0:52:35
12994,1,17.31131172180176,36.63,0,1,0.87,0:48:59
12995,1,5.032363891601562,36.63,0,1,0.87,0:50:30
12996,1,181.5143737792969,36.63,1,0,0.87,0:48:45
12997,1,89.6968994140625,36.63,1,0,0.87,0:49:45
12998,1,54.90266418457031,36.63,0,1,0.87,0:48:00
12999,1,98.12677764892578,36.63,1,0,0.87,0:51:45
13000,1,767.4879150390625,36.63,0,1,0.87,0:50:40
13001,1,259.998291015625,36.63,1,0,0.87,0:50:36
13002,1,142.4201202392578,36.63,1,0,0.87,0:49:50
13003,1,12.58986759185791,36.63,0,1,0.87,0:51:37
13004,1,5.032363891601562,36.63,1,0,0.87,0:47:46
13005,1,114.7976837158203,36.63,0,1,0.87,0:49:36
13006,1,91.7226791381836,36.63,0,1,0.87,0:50:43
13007,1,1391.0174560546882,36.63,0,1,0.87,0:50:07
13008,1,20.63361167907715,36.63,0,1,0.87,0:47:28
13009,1,149.1394653320312,36.63,0,1,0.87,0:52:36
13010,1,13.55171585083008,36.63,1,0,0.87,0:50:00
13011,1,41.13945007324219,36.63,1,0,0.87,0:46:34
13012,1,237.6291656494141,36.63,0,1,0.87,0:48:15
13013,1,31.97005462646484,36.63,0,1,0.87,0:53:01
13014,1,301.3237609863281,36.63,0,1,0.87,0:50:38
13015,1,259.998291015625,36.63,0,1,0.87,0:48:28
13016,1,666.8341674804688,36.63,0,1,0.87,0:51:37
13017,1,13.77850341796875,36.63,0,1,0.87,0:45:15
13018,4,35.65705490112305,36.63,1,0,0.87,0:51:02
13019,1,11.085031509399409,36.63,0,1,0.87,0:50:02
13020,1,22.04497528076172,36.63,0,1,0.87,0:50:17
13021,1,2.790159702301025,36.63,0,1,0.87,0:51:54
13022,1,231.1414642333984,36.63,0,1,0.87,0:50:12
13023,1,392.9354553222656,36.63,0,1,0.87,0:49:48
13024,1,220.0027313232422,36.63,1,0,0.87,0:45:32
13025,1,23.3037166595459,36.63,0,1,0.87,0:50:52
13026,1,236.900634765625,36.63,0,1,0.87,0:51:06
13027,1,46.49349594116211,36.63,1,0,0.87,0:48:44
13028,1,51.6639404296875,36.63,1,0,0.87,0:50:01
13029,1,259.998291015625,36.63,0,1,0.87,0:47:51
13030,1,63.40350723266602,36.63,0,1,0.87,0:48:08
13031,1,24.92002296447754,36.63,0,1,0.87,0:51:08
13032,1,194.29931640625,36.63,0,1,0.87,0:49:01
13033,1,16.84739112854004,36.63,0,1,0.87,0:46:30
13034,1,62.17602157592773,36.63,0,1,0.87,0:51:11
13035,1,149.1394653320312,36.63,0,1,0.87,0:49:48
13036,1,10.44776248931885,36.63,1,0,0.87,0:53:35
13037,1,152.9394073486328,36.63,0,1,0.87,0:50:57
13038,1,378.2447204589844,36.63,1,0,0.87,1:00:22
13039,1,1596.6729736328118,36.63,0,1,0.87,0:50:13
13040,1,1300.004516601562,36.63,1,0,0.87,0:49:41
13041,1,181.5143737792969,36.63,0,1,0.87,0:50:09
13042,1,149.1394653320312,36.63,1,0,0.87,0:52:21
13043,1,264.794677734375,36.63,1,0,0.87,0:46:44
13044,1,242.2535705566406,36.63,0,1,0.87,0:50:38
13045,1,10.44183731079102,36.63,0,1,0.87,0:50:49
13046,1,181.5143737792969,36.63,0,1,0.87,0:50:12
13047,1,46.49349594116211,36.63,1,0,0.87,0:50:06
13048,1,288.2652893066406,36.63,0,1,0.87,0:51:05
13049,1,8.027867317199707,36.63,1,0,0.87,0:51:07
13050,1,93.19393920898438,36.63,1,0,0.87,0:53:12
13051,1,192.3653564453125,36.63,0,1,0.87,0:47:16
13052,1,1623.9774169921882,36.63,1,0,0.87,0:47:12
13053,1,92.71110534667969,36.63,0,1,0.87,0:49:11
13054,1,180.32208251953116,36.63,1,0,0.87,0:48:11
13055,1,516.6248779296875,36.63,1,0,0.87,0:40:58
13056,1,22.33357238769531,36.63,0,1,0.87,0:50:09
13057,1,182.04888916015616,36.63,1,0,0.87,0:49:32
13058,1,238.4613037109375,36.63,0,1,0.87,0:51:40
13059,1,2229.72216796875,36.63,0,1,0.87,0:48:43
13060,1,2.022631406784058,36.63,1,0,0.87,0:51:17
13061,1,33.1964111328125,36.63,0,1,0.87,0:47:56
13062,1,398.2716369628906,36.63,0,1,0.87,0:51:13
13063,1,42.4488639831543,36.63,1,0,0.87,0:46:49
13064,1,89.73096466064453,36.63,0,1,0.87,0:48:57
13065,1,657.2290649414062,36.63,1,0,0.87,0:50:59
13066,1,259.998291015625,36.63,0,1,0.87,0:52:56
13067,1,3.1729369163513184,36.63,1,0,0.87,0:54:39
13068,1,104.0583648681641,36.63,0,1,0.87,0:50:16
13069,1,162.7526702880859,36.63,0,1,0.87,0:50:03
13070,1,367.612060546875,36.63,1,0,0.87,0:43:30
13071,1,56.084815979003906,36.63,0,1,0.87,0:51:16
13072,1,291.1369323730469,36.63,1,0,0.87,0:49:36
13073,1,79.19601440429688,36.63,0,1,0.87,0:51:43
13074,1,5.22021484375,36.63,0,1,0.87,0:48:19
13075,1,86.84709167480469,36.63,0,1,0.87,0:48:11
13076,1,259.998291015625,36.63,0,1,0.87,0:50:42
13077,1,614.4942016601562,36.63,0,1,0.87,0:50:27
13078,1,33.00646209716797,36.63,0,1,0.87,0:48:42
13079,1,255.7363433837891,36.63,0,1,0.87,0:45:39
13080,1,153.4354248046875,36.63,1,0,0.87,0:49:04
13081,1,259.998291015625,36.63,0,1,0.87,0:49:34
13082,1,151.7768249511719,36.63,1,0,0.87,0:45:49
13083,1,81.58191680908203,36.63,1,0,0.87,0:50:24
13084,1,112.0407485961914,36.63,0,1,0.87,0:51:18
13085,1,384.0559692382812,36.63,0,1,0.87,0:49:52
13086,1,153.4354248046875,36.63,0,1,0.87,0:51:54
13087,1,211.0028228759766,36.63,1,0,0.87,0:48:48
13088,1,196.8123321533203,36.63,1,0,0.87,0:43:47
13089,1,233.6640472412109,36.63,1,0,0.87,0:47:03
13090,1,1255.218505859375,36.63,0,1,0.87,0:51:05
13091,1,56.084815979003906,36.63,0,1,0.87,0:48:41
13092,1,219.4850006103516,36.63,0,1,0.87,0:50:55
13093,1,360.1688842773438,36.63,0,1,0.87,0:48:56
13094,1,140.9563293457031,36.63,0,1,0.87,0:49:42
13095,1,297.5103759765625,36.63,1,0,0.87,0:48:59
13096,1,3.1014740467071533,36.63,1,0,0.87,0:51:40
13097,1,188.2588348388672,36.63,1,0,0.87,0:49:13
13098,1,799.8717651367188,36.63,1,0,0.87,0:45:43
13099,1,112.3168182373047,36.63,0,1,0.87,0:48:44
13100,1,4.303764820098877,36.63,1,0,0.87,0:46:32
13101,1,1300.004516601562,36.63,1,0,0.87,0:49:19
13102,1,767.4879150390625,36.63,0,1,0.87,0:51:21
13103,1,32.52695846557617,36.63,0,1,0.87,0:50:16
13104,1,4.641374111175537,36.63,0,1,0.87,0:48:39
13105,1,343.5472106933594,36.63,0,1,0.87,0:45:01
13106,1,188.2588348388672,36.63,1,0,0.87,0:50:06
13107,1,13.315147399902338,36.63,1,0,0.87,0:50:14
13108,1,184.6761322021484,36.63,0,1,0.87,0:49:09
13109,1,14.32654094696045,36.63,0,1,0.87,0:50:51
13110,1,251.763916015625,36.63,1,0,0.87,0:50:43
13111,1,9.70685577392578,36.63,1,0,0.87,0:49:53
13112,1,201.6867523193359,36.63,1,0,0.87,0:50:23
13113,1,5.1730475425720215,36.63,1,0,0.87,0:45:50
13114,1,260.0966186523438,36.63,1,0,0.87,0:50:03
13115,1,86.84709167480469,36.63,0,1,0.87,0:48:21
13116,1,19.8007926940918,36.63,1,0,0.87,0:46:58
13117,1,41.98091506958008,36.63,1,0,0.87,0:48:56
13118,1,205.9672698974609,36.63,0,1,0.87,0:47:58
13119,1,16.66305160522461,36.63,1,0,0.87,0:49:07
13120,1,28.42571449279785,36.63,0,1,0.87,0:49:46
13121,1,31.71040916442871,36.63,1,0,0.87,0:53:25
13122,1,282.704345703125,36.63,0,1,0.87,0:48:24
13123,1,1332.231567382812,36.63,1,0,0.87,0:45:45
13124,1,212.4296722412109,36.63,1,0,0.87,0:51:16
13125,1,282.704345703125,36.63,1,0,0.87,0:48:24
13126,1,1518.96630859375,36.63,0,1,0.87,0:51:32
13127,1,229.2200012207031,36.63,1,0,0.87,0:51:25
13128,1,320.0387878417969,36.63,1,0,0.87,0:48:24
13129,1,232.5149993896484,36.63,0,1,0.87,0:51:03
13130,1,149.1394653320312,36.63,0,1,0.87,0:50:16
13131,1,287.5038757324219,36.63,0,1,0.87,0:50:24
13132,1,1631.184326171875,36.63,0,1,0.87,0:50:37
13133,1,15.224977493286133,36.63,0,1,0.87,0:51:55
13134,1,179.06134033203116,36.63,1,0,0.87,0:50:36
13135,1,237.4246978759766,36.63,1,0,0.87,0:53:19
13136,3,202.2101898193359,36.63,1,0,0.87,0:48:17
13137,1,22.33357238769531,36.63,1,0,0.87,0:50:26
13138,1,287.84716796875,36.63,0,1,0.87,0:51:58
13139,1,24.7951545715332,36.63,0,1,0.87,0:49:21
13140,1,8.357962608337402,36.63,1,0,0.87,0:49:49
13141,1,264.5145874023438,36.63,0,1,0.87,0:48:05
13142,1,27.46144104003906,36.63,0,1,0.87,0:51:23
13143,1,1511.9442138671882,36.63,1,0,0.87,0:48:48
13144,1,223.3875274658203,36.63,0,1,0.87,0:49:02
13145,1,195.8340911865234,36.63,0,1,0.87,0:49:03
13146,1,576.0,36.63,0,1,0.87,0:49:12
13147,1,317.6456298828125,36.63,1,0,0.87,0:49:50
13148,1,51.61442184448242,36.63,0,1,0.87,0:50:21
13149,1,35.90165328979492,36.63,1,0,0.87,0:49:56
13150,1,58.93083190917969,36.63,0,1,0.87,0:51:23
13151,1,39.05623245239258,36.63,1,0,0.87,0:53:03
13152,1,77.97574615478516,36.63,0,1,0.87,0:51:09
13153,1,274.3619384765625,36.63,1,0,0.87,0:44:44
13154,1,320.0387878417969,36.63,0,1,0.87,0:51:15
13155,1,259.998291015625,36.63,0,1,0.87,0:51:31
13156,1,244.1101379394531,36.63,0,1,0.87,0:46:11
13157,1,220.8075714111328,36.63,0,1,0.87,0:52:40
13158,1,107.1270523071289,36.63,0,1,0.87,0:51:20
13159,1,148.55224609375,36.63,1,0,0.87,0:50:52
13160,1,81.51506042480469,36.63,1,0,0.87,0:49:22
13161,1,35.20465850830078,36.63,1,0,0.87,0:49:32
13162,1,254.7844543457031,36.63,0,1,0.87,0:51:35
13163,1,17.3270263671875,36.63,0,1,0.87,0:54:02
13164,1,134.9916687011719,36.63,0,1,0.87,0:51:22
13165,1,225.2555084228516,36.63,0,1,0.87,0:50:45
13166,1,290.9002380371094,36.63,1,0,0.87,0:49:35
13167,1,181.137939453125,36.63,0,1,0.87,0:48:32
13168,1,74.23316192626953,36.63,0,1,0.87,0:50:52
13169,1,16.84739112854004,36.63,1,0,0.87,0:52:13
13170,1,77.97574615478516,36.63,0,1,0.87,0:46:41
13171,1,105.09197998046879,36.63,0,1,0.87,0:51:15
13172,1,118.26126098632808,36.63,1,0,0.87,0:48:49
13173,1,237.6291656494141,36.63,0,1,0.87,0:49:48
13174,1,259.998291015625,36.63,0,1,0.87,0:50:52
13175,1,67.31046295166016,36.63,0,1,0.87,0:51:09
13176,1,125.1945114135742,36.63,0,1,0.87,0:50:22
13177,1,91.7226791381836,36.63,0,1,0.87,0:50:15
13178,1,263.2875366210938,36.63,0,1,0.87,0:53:06
13179,1,9.36025619506836,36.63,0,1,0.87,0:51:10
13180,1,215.9745635986328,36.63,0,1,0.87,0:49:10
13181,1,98.08660888671876,36.63,1,0,0.87,0:46:48
13182,1,8.357962608337402,36.63,1,0,0.87,0:48:02
13183,1,284.3707580566406,36.63,1,0,0.87,0:50:16
13184,1,16.91690063476562,36.63,0,1,0.87,0:51:36
13185,1,4.496073246002197,36.63,0,1,0.87,0:51:36
13186,1,47.9645881652832,36.63,0,1,0.87,0:53:13
13187,1,141.33447265625,36.63,1,0,0.87,0:50:37
13188,1,91.7226791381836,36.63,0,1,0.87,0:52:33
13189,1,50.82839584350586,36.63,1,0,0.87,0:55:23
13190,1,65.07215881347656,36.63,0,1,0.87,0:54:50
13191,1,10.44776248931885,36.63,1,0,0.87,0:51:13
13192,1,22.78268432617188,36.63,0,1,0.87,0:47:25
13193,1,7.0,36.63,1,0,0.87,0:47:22
13194,1,274.87313842773443,36.63,0,1,0.87,0:44:29
13195,1,139.7259826660156,36.63,1,0,0.87,0:51:09
13196,1,37.989036560058594,36.63,1,0,0.87,0:45:14
13197,1,1596.6729736328118,36.63,0,1,0.87,0:49:59
13198,1,10.44776248931885,36.63,1,0,0.87,0:52:19
13199,1,20.052143096923828,36.63,1,0,0.87,0:49:51
13200,1,4.965846538543701,36.63,1,0,0.87,0:49:08
13201,1,36.044578552246094,36.63,1,0,0.87,0:50:16
13202,1,5.22021484375,36.63,0,1,0.87,0:51:14
13203,1,5.032363891601562,36.63,0,1,0.87,0:51:00
13204,1,22.24826240539551,36.63,1,0,0.87,0:49:27
13205,1,21.25289535522461,36.63,0,1,0.87,0:50:21
13206,1,7.245625495910644,36.63,0,1,0.87,0:50:06
13207,1,140.3616638183594,36.63,0,1,0.87,0:52:22
13208,1,287.1083679199219,36.63,0,1,0.87,0:51:07
13209,1,89.6968994140625,36.63,0,1,0.87,0:49:44
13210,1,160.1657257080078,36.63,0,1,0.87,0:51:49
13211,1,159.2595977783203,36.63,0,1,0.87,0:48:18
13212,1,10.44183731079102,36.63,0,1,0.87,0:52:44
13213,1,32.88138961791992,36.63,1,0,0.87,0:48:51
13214,1,297.332763671875,36.63,0,1,0.87,0:51:51
13215,1,181.5143737792969,36.63,0,1,0.87,0:50:01
13216,1,86.84709167480469,36.63,1,0,0.87,0:50:49
13217,1,11.261268615722662,36.63,1,0,0.87,0:47:29
13218,1,5.22021484375,36.63,0,1,0.87,0:52:35
13219,1,216.5602569580078,36.63,1,0,0.87,0:49:08
13220,1,149.9898223876953,36.63,0,1,0.87,0:48:42
13221,1,31.97005462646484,36.63,0,1,0.87,0:49:08
13222,1,94.3494644165039,36.63,1,0,0.87,0:50:08
13223,1,6.938945770263673,36.63,1,0,0.87,0:49:43
13224,1,7.502022743225098,36.63,0,1,0.87,0:47:35
13225,1,263.49282836914057,36.63,0,1,0.87,0:49:02
13226,1,213.9208221435547,36.63,0,1,0.87,0:49:45
13227,1,92.08248138427734,36.63,0,1,0.87,0:51:22
13228,1,140.9563293457031,36.63,1,0,0.87,0:50:54
13229,1,18.26416397094727,36.63,0,1,0.87,0:50:08
13230,1,261.54904174804693,36.63,0,1,0.87,0:49:51
13231,1,35.24287033081055,36.63,0,1,0.87,0:49:06
13232,1,15.224977493286133,36.63,1,0,0.87,0:49:13
13233,1,30.4487247467041,36.63,1,0,0.87,0:55:46
13234,1,35.90165328979492,36.63,0,1,0.87,0:50:40
13235,1,15.224977493286133,36.63,0,1,0.87,0:49:13
13236,1,274.657470703125,36.63,1,0,0.87,0:48:35
13237,1,201.9428558349609,36.63,1,0,0.87,0:48:34
13238,1,71.8073501586914,36.63,0,1,0.87,0:52:00
13239,1,1391.0174560546882,36.63,0,1,0.87,0:50:10
13240,1,3.180769205093384,36.63,1,0,0.87,0:42:49
13241,1,181.5143737792969,36.63,0,1,0.87,0:49:18
13242,1,221.5890655517578,36.63,0,1,0.87,0:50:46
13243,1,16.677179336547848,36.63,1,0,0.87,0:53:30
13244,1,242.7269287109375,36.63,0,1,0.87,0:50:42
13245,1,167.9832916259766,36.63,0,1,0.87,0:50:58
13246,1,350.7449645996094,36.63,0,1,0.87,0:46:05
13247,1,47.61601257324219,36.63,1,0,0.87,0:45:45
13248,1,1105.029907226562,36.63,1,0,0.87,0:52:23
13249,1,95.78414916992188,36.63,1,0,0.87,0:49:59
13250,1,267.1992797851562,36.63,0,1,0.87,0:51:49
13251,1,3.4519014358520512,36.63,0,1,0.87,0:50:41
13252,1,196.8123321533203,36.63,0,1,0.87,0:48:44
13253,1,152.9394073486328,36.63,0,1,0.87,0:53:53
13254,1,7.150104522705077,36.63,1,0,0.87,0:51:01
13255,1,320.0387878417969,36.63,0,1,0.87,0:51:43
13256,2,149.1394653320312,36.63,0,1,0.87,0:52:22
13257,1,156.1229248046875,36.63,1,0,0.87,0:48:25
13258,1,2.7546546459198,36.63,1,0,0.87,0:49:27
13259,1,260.0,36.63,0,1,0.87,0:50:48
13260,1,231.64434814453116,36.63,1,0,0.87,0:49:32
13261,1,31.52193450927734,36.63,0,1,0.87,0:52:04
13262,1,1009.531494140625,36.63,1,0,0.87,0:50:17
13263,1,1518.96630859375,36.63,0,1,0.87,0:49:26
13264,1,192.2165679931641,36.63,1,0,0.87,0:47:38
13265,1,167.9832916259766,36.63,0,1,0.87,0:51:54
13266,1,167.9832916259766,36.63,0,1,0.87,0:51:53
13267,1,167.9832916259766,36.63,0,1,0.87,0:51:54
13268,1,5.038127422332764,36.63,1,0,0.87,0:49:02
13269,1,975.9893798828124,36.63,1,0,0.87,0:49:07
13270,1,15.224977493286133,36.63,0,1,0.87,0:48:59
13271,1,259.998291015625,36.63,0,1,0.87,0:50:27
13272,1,35.90165328979492,36.63,1,0,0.87,0:50:39
13273,1,7.965522289276122,36.63,1,0,0.87,0:50:19
13274,1,724.8308715820312,36.63,1,0,0.87,0:47:57
13275,1,18.05331420898438,36.63,0,1,0.87,0:49:50
13276,1,381.0,36.63,1,0,0.87,0:50:49
13277,1,36.52098846435547,36.63,1,0,0.87,0:45:43
13278,1,15.55781936645508,36.63,0,1,0.87,0:50:26
13279,1,1525.08740234375,36.63,1,0,0.87,0:50:10
13280,1,95.78414916992188,36.63,1,0,0.87,0:55:46
13281,1,12.20206928253174,36.63,1,0,0.87,0:48:23
13282,1,1525.08740234375,36.63,0,1,0.87,0:50:11
13283,1,77.97574615478516,36.63,0,1,0.87,0:51:22
13284,1,330.508056640625,36.63,1,0,0.87,0:49:44
13285,1,32.885086059570305,36.63,0,1,0.87,0:52:10
13286,1,52.04446411132812,36.63,0,1,0.87,0:50:44
13287,1,3.896562814712524,36.63,1,0,0.87,0:51:17
13288,1,22.12597465515137,36.63,0,1,0.87,0:50:52
13289,1,6.433401107788086,36.63,0,1,0.87,0:48:46
13290,1,137.49957275390622,36.63,0,1,0.87,0:49:24
13291,1,268.927001953125,36.63,0,1,0.87,0:48:54
13292,1,26.88188362121582,36.63,1,0,0.87,0:49:45
13293,1,10.44776248931885,36.63,0,1,0.87,0:46:06
13294,1,31.2812614440918,36.63,0,1,0.87,0:47:09
13295,1,2.9948945045471187,36.63,0,1,0.87,0:50:11
13296,1,176.5647430419922,36.63,1,0,0.87,0:45:18
13297,1,11.86605930328369,36.63,1,0,0.87,0:48:11
13298,1,0.5368872284889221,36.63,0,1,0.87,0:48:53
13299,1,196.0528259277344,36.63,0,1,0.87,0:51:16
13300,1,224.4490051269531,36.63,1,0,0.87,0:47:06
13301,1,10.44776248931885,36.63,0,1,0.87,0:50:29
13302,1,269.0397338867188,36.63,0,1,0.87,0:49:11
13303,1,237.6291656494141,36.63,1,0,0.87,0:50:10
13304,1,4.828357696533203,36.63,1,0,0.87,0:49:00
13305,1,284.3707580566406,36.63,0,1,0.87,0:51:22
13306,1,10.44183731079102,36.63,0,1,0.87,0:49:05
13307,1,37.5223388671875,36.63,1,0,0.87,0:51:09
13308,1,252.5622253417969,36.63,1,0,0.87,0:55:27
13309,1,16.00442504882812,36.63,0,1,0.87,0:52:42
13310,1,266.2826538085938,36.63,0,1,0.87,0:49:42
13311,1,81.6724853515625,36.63,1,0,0.87,0:51:43
13312,1,76.41334533691406,36.63,0,1,0.87,0:49:54
13313,1,331.5245056152344,36.63,1,0,0.87,0:45:36
13314,1,3.791347503662109,36.63,1,0,0.87,0:53:52
13315,1,71.07490539550781,36.63,0,1,0.87,0:48:46
13316,1,684.8425903320312,36.63,0,1,0.87,0:50:17
13317,1,1.208677172660828,36.63,0,1,0.87,0:46:51
13318,1,1401.8861083984382,36.63,0,1,0.87,0:51:38
13319,1,10.44183731079102,36.63,0,1,0.87,0:52:42
13320,1,276.39730834960943,36.63,1,0,0.87,0:44:52
13321,1,26.80755043029785,36.63,0,1,0.87,0:49:58
13322,1,254.7844543457031,36.63,1,0,0.87,0:49:25
13323,1,140.58866882324222,36.63,0,1,0.87,0:45:25
13324,1,10.44776248931885,36.63,0,1,0.87,0:46:50
13325,1,1357.120361328125,36.63,1,0,0.87,0:43:25
13326,1,248.38470458984384,36.63,0,1,0.87,0:50:42
13327,1,2.022631406784058,36.63,1,0,0.87,0:53:44
13328,1,105.6290054321289,36.63,1,0,0.87,0:54:16
13329,1,1636.990966796875,36.63,1,0,0.87,0:53:35
13330,1,220.7359161376953,36.63,1,0,0.87,0:50:18
13331,1,10.44776248931885,36.63,0,1,0.87,0:52:17
13332,1,211.8292083740234,36.63,0,1,0.87,0:48:56
13333,1,49.40949630737305,36.63,0,1,0.87,0:48:10
13334,1,291.1369323730469,36.63,0,1,0.87,0:52:00
13335,1,2229.72216796875,36.63,0,1,0.87,0:48:52
13336,1,10.96754741668701,36.63,0,1,0.87,0:47:46
13337,1,822.3980712890625,36.63,0,1,0.87,0:52:49
13338,1,97.4720458984375,36.63,0,1,0.87,0:51:26
13339,1,7.536580085754394,36.63,0,1,0.87,0:48:49
13340,1,13.445884704589838,36.63,0,1,0.87,0:49:44
13341,1,7.965522289276122,36.63,0,1,0.87,0:48:15
13342,1,203.7541961669922,36.63,1,0,0.87,0:49:00
13343,1,270.05172729492193,36.63,1,0,0.87,0:48:49
13344,1,3.835139274597168,36.63,0,1,0.87,0:50:40
13345,1,14.60348510742188,36.63,1,0,0.87,0:48:09
13346,1,18.26416397094727,36.63,1,0,0.87,0:45:44
13347,1,52.420860290527344,36.63,1,0,0.87,0:49:52
13348,1,236.900634765625,36.63,1,0,0.87,0:48:16
13349,1,109.5122451782227,36.63,1,0,0.87,0:48:34
13350,1,318.0594787597656,36.63,0,1,0.87,0:50:24
13351,1,144.13720703125,36.63,0,1,0.87,0:51:16
13352,1,220.7496185302734,36.63,1,0,0.87,0:45:52
13353,1,64.54953002929689,36.63,1,0,0.87,0:48:27
13354,1,236.900634765625,36.63,0,1,0.87,0:52:32
13355,1,22.17125129699707,36.63,0,1,0.87,0:50:53
13356,1,177.1673583984375,36.63,1,0,0.87,0:47:14
13357,1,241.01104736328116,36.63,0,1,0.87,0:49:18
13358,1,147.0316009521484,36.63,1,0,0.87,0:37:33
13359,1,16.83182334899902,36.63,0,1,0.87,0:50:10
13360,1,303.198486328125,36.63,1,0,0.87,0:50:14
13361,1,320.0387878417969,36.63,1,0,0.87,0:48:39
13362,1,86.84709167480469,36.63,0,1,0.87,0:51:15
13363,1,149.1394653320312,36.63,1,0,0.87,0:48:35
13364,1,3.4413056373596187,36.63,0,1,0.87,0:50:03
13365,1,288.5564880371094,36.63,0,1,0.87,0:51:45
13366,1,149.1394653320312,36.63,0,1,0.87,0:50:27
13367,1,77.97574615478516,36.63,1,0,0.87,0:53:34
13368,1,1179.326171875,36.63,0,1,0.87,0:51:17
13369,1,262.58676147460943,36.63,1,0,0.87,0:46:40
13370,1,17.57425117492676,36.63,0,1,0.87,0:52:07
13371,1,349.5933837890625,36.63,1,0,0.87,0:48:54
13372,1,430.595458984375,36.63,0,1,0.87,0:52:15
13373,1,1976.76318359375,36.63,0,1,0.87,0:49:32
13374,1,138.0673675537109,36.63,1,0,0.87,0:49:39
13375,1,315.3912353515625,36.63,0,1,0.87,0:51:52
13376,1,9.70685577392578,36.63,1,0,0.87,0:48:57
13377,1,15.224977493286133,36.63,0,1,0.87,0:53:29
13378,1,58.30686569213867,36.63,1,0,0.87,0:44:06
13379,1,38.214210510253906,36.63,0,1,0.87,0:50:53
13380,1,23.19246101379395,36.63,0,1,0.87,0:48:53
13381,1,318.9974670410156,36.63,0,1,0.87,0:50:28
13382,1,290.1136779785156,36.63,0,1,0.87,0:45:56
13383,1,140.6603088378906,36.63,1,0,0.87,0:48:19
13384,1,16.69234275817871,36.63,0,1,0.87,0:51:05
13385,1,259.998291015625,36.63,0,1,0.87,0:47:26
13386,1,91.46649932861328,36.63,1,0,0.87,0:51:33
13387,1,40.91320037841797,36.63,1,0,0.87,0:48:48
13388,1,1046.732788085938,36.63,1,0,0.87,0:48:01
13389,1,1352.164184570312,36.63,0,1,0.87,0:51:10
13390,1,32.88138961791992,36.63,1,0,0.87,0:50:29
13391,1,29.1304931640625,36.63,0,1,0.87,0:50:54
13392,1,1881.796875,36.63,0,1,0.87,0:52:21
13393,1,224.8154296875,36.63,1,0,0.87,0:45:28
13394,1,71.8073501586914,36.63,0,1,0.87,0:50:33
13395,1,71.8073501586914,36.63,0,1,0.87,0:50:33
13396,1,1831.0819091796882,36.63,0,1,0.87,0:51:49
13397,1,47.74106216430664,36.63,0,1,0.87,0:50:54
13398,1,259.51931762695307,36.63,0,1,0.87,0:50:19
13399,1,214.3064422607422,36.63,0,1,0.87,0:50:20
13400,1,666.8341674804688,36.63,0,1,0.87,0:51:07
13401,1,421.3871459960938,36.63,1,0,0.87,0:53:17
13402,1,78.6194839477539,36.63,0,1,0.87,0:53:23
13403,1,15.116220474243159,36.63,1,0,0.87,0:51:09
13404,1,17.31048583984375,36.63,0,1,0.87,0:50:44
13405,1,32.20459365844727,36.63,1,0,0.87,0:49:59
13406,1,614.4942016601562,36.63,0,1,0.87,0:48:44
13407,1,181.5143737792969,36.63,0,1,0.87,0:50:14
13408,1,532.3773803710939,36.63,1,0,0.87,0:50:42
13409,1,144.104248046875,36.63,0,1,0.87,0:51:13
13410,1,265.46932983398443,36.63,1,0,0.87,0:47:52
13411,1,943.000244140625,36.63,1,0,0.87,0:49:33
13412,1,62.45564270019531,36.63,1,0,0.87,0:49:06
13413,1,16.83182334899902,36.63,0,1,0.87,0:49:25
13414,1,611.3375244140625,36.63,0,1,0.87,0:50:18
13415,1,190.1930236816406,36.63,1,0,0.87,0:50:05
13416,1,1046.732788085938,36.63,0,1,0.87,0:51:05
13417,1,126.1217880249023,36.63,1,0,0.87,0:49:49
13418,1,259.998291015625,36.63,0,1,0.87,0:53:23
13419,1,90.16681671142578,36.63,0,1,0.87,0:53:04
13420,1,14.566981315612788,36.63,0,1,0.87,0:50:53
13421,1,484.7640075683594,36.63,0,1,0.87,0:44:41
13422,1,5.445359230041504,36.63,1,0,0.87,0:51:50
13423,1,7.662844181060791,36.63,0,1,0.87,0:50:26
13424,1,41.13945007324219,36.63,0,1,0.87,0:51:32
13425,1,226.05609130859384,36.63,0,1,0.87,0:49:56
13426,1,428.7605285644531,36.63,0,1,0.87,0:49:59
13427,2,140.6603088378906,36.63,1,0,0.87,0:48:30
13428,1,111.1497421264648,36.63,0,1,0.87,0:51:40
13429,1,259.998291015625,36.63,0,1,0.87,0:48:24
13430,1,91.7226791381836,36.63,0,1,0.87,0:51:43
13431,1,259.998291015625,36.63,1,0,0.87,0:51:57
13432,1,1.122702479362488,36.63,1,0,0.87,0:51:08
13433,1,77.97574615478516,36.63,1,0,0.87,0:49:23
13434,1,99.70117950439452,36.63,0,1,0.87,0:52:24
13435,1,77.97574615478516,36.63,1,0,0.87,0:50:54
13436,1,77.97574615478516,36.63,0,1,0.87,0:49:24
13437,1,183.2224578857422,36.63,0,1,0.87,0:51:03
13438,1,13.346641540527338,36.63,0,1,0.87,0:51:23
13439,1,10.58681583404541,36.63,0,1,0.87,0:52:34
13440,1,137.57452392578122,36.63,1,0,0.87,0:50:40
13441,1,86.84709167480469,36.63,0,1,0.87,0:50:07
13442,1,259.998291015625,36.63,1,0,0.87,0:49:23
13443,1,229.17529296875,36.63,0,1,0.87,0:51:15
13444,1,219.81878662109384,36.63,0,1,0.87,0:51:41
13445,1,243.9197845458984,36.63,1,0,0.87,0:51:01
13446,1,39.47004318237305,36.63,0,1,0.87,0:51:10
13447,1,482.0176391601562,36.63,1,0,0.87,0:50:38
13448,1,224.5407409667969,36.63,1,0,0.87,0:50:23
13449,1,278.0640869140625,36.63,1,0,0.87,0:45:02
13450,1,187.0788269042969,36.63,1,0,0.87,0:51:06
13451,1,129.23515319824222,36.63,0,1,0.87,0:51:03
13452,1,48.38787841796875,36.63,1,0,0.87,0:52:07
13453,1,10.44776248931885,36.63,0,1,0.87,0:49:07
13454,1,90.65587615966795,36.63,0,1,0.87,0:49:18
13455,1,724.8308715820312,36.63,0,1,0.87,0:49:18
13456,1,11.8902006149292,36.63,1,0,0.87,0:46:51
13457,1,24.17752647399902,36.63,1,0,0.87,0:51:21
13458,1,226.9605255126953,36.63,0,1,0.87,0:48:56
13459,1,176.0,36.63,1,0,0.87,0:42:39
13460,1,85.19644927978516,36.63,0,1,0.87,0:52:07
13461,1,111.1497421264648,36.63,0,1,0.87,0:50:57
13462,1,3.6919877529144287,36.63,0,1,0.87,0:49:43
13463,1,59.91531372070312,36.63,0,1,0.87,0:49:06
13464,1,254.7844543457031,36.63,0,1,0.87,0:49:31
13465,1,205.1015930175781,36.63,1,0,0.87,0:50:54
13466,1,14.32654094696045,36.63,0,1,0.87,0:47:50
13467,1,91.46649932861328,36.63,0,1,0.87,0:50:04
13468,1,266.2826538085938,36.63,0,1,0.87,0:49:06
13469,1,292.6947631835938,36.63,0,1,0.87,0:46:14
13470,1,18.75839233398438,36.63,1,0,0.87,0:49:07
13471,1,334.7806091308594,36.63,1,0,0.87,0:50:13
13472,1,544.2213134765625,36.63,1,0,0.87,0:47:12
13473,1,65.50262451171875,36.63,0,1,0.87,0:53:03
13474,1,666.8341674804688,36.63,1,0,0.87,0:52:59
13475,1,65.43721771240234,36.63,1,0,0.87,0:47:38
13476,1,152.9582672119141,36.63,1,0,0.87,0:49:08
13477,1,80.24876403808594,36.63,0,1,0.87,0:51:48
13478,1,2184.6279296875,36.63,0,1,0.87,0:50:22
13479,1,223.4272308349609,36.63,0,1,0.87,0:50:44
13480,1,3.749159812927246,36.63,1,0,0.87,0:48:16
13481,1,159.2595977783203,36.63,0,1,0.87,0:49:58
13482,1,228.7381286621094,36.63,0,1,0.87,0:49:36
13483,1,291.7824096679688,36.63,0,1,0.87,0:51:57
13484,1,199.0219879150391,36.63,1,0,0.87,0:47:46
13485,1,187.0788269042969,36.63,0,1,0.87,0:51:53
13486,1,317.6456298828125,36.63,1,0,0.87,0:49:50
13487,1,32.146129608154304,36.63,0,1,0.87,0:48:43
13488,1,74.23316192626953,36.63,1,0,0.87,0:55:55
13489,1,95.78414916992188,36.63,0,1,0.87,0:51:27
13490,1,1148.1083984375,36.63,1,0,0.87,0:49:57
13491,1,18.05331420898438,36.63,1,0,0.87,0:51:38
13492,1,71.8073501586914,36.63,0,1,0.87,0:51:51
13493,1,19.24552345275879,36.63,1,0,0.87,0:49:34
13494,1,197.583984375,36.63,0,1,0.87,0:51:46
13495,1,10.44183731079102,36.63,0,1,0.87,0:51:36
13496,1,204.9721527099609,36.63,0,1,0.87,0:48:44
13497,1,430.595458984375,36.63,0,1,0.87,0:49:51
13498,1,31.01458549499512,36.63,0,1,0.87,0:49:12
13499,1,227.9131774902344,36.63,0,1,0.87,0:51:39
13500,1,2554.609619140625,36.63,1,0,0.87,0:49:27
13501,1,6.833942890167236,36.63,0,1,0.87,0:46:34
13502,1,130.8650054931641,36.63,0,1,0.87,0:49:25
13503,1,10.44776248931885,36.63,0,1,0.87,0:50:40
13504,1,625.64306640625,36.63,0,1,0.87,0:51:10
13505,1,110.1000442504883,36.63,0,1,0.87,0:48:17
13506,1,72.69342041015625,36.63,0,1,0.87,0:51:18
13507,1,18.26416397094727,36.63,0,1,0.87,0:48:59
13508,1,0.5368872284889221,36.63,1,0,0.87,0:44:39
13509,1,9.87485122680664,36.63,1,0,0.87,0:48:58
13510,1,332.7853698730469,36.63,1,0,0.87,0:47:11
13511,1,28.02807998657227,36.63,1,0,0.87,0:52:14
13512,1,223.5868377685547,36.63,1,0,0.87,0:49:31
13513,1,270.566162109375,36.63,1,0,0.87,0:45:05
13514,1,14.32654094696045,36.63,0,1,0.87,0:50:17
13515,1,17.0,36.63,1,0,0.87,0:50:09
13516,1,240.75494384765616,36.63,0,1,0.87,0:49:47
13517,1,37.14537048339844,36.63,0,1,0.87,0:50:04
13518,1,248.38470458984384,36.63,0,1,0.87,0:51:19
13519,1,259.998291015625,36.63,1,0,0.87,0:56:07
13520,1,5.22021484375,36.63,0,1,0.87,0:50:36
13521,1,26.97613716125488,36.63,0,1,0.87,0:51:01
13522,1,49.28567123413086,36.63,1,0,0.87,0:44:00
13523,1,430.595458984375,36.63,0,1,0.87,0:51:24
13524,1,121.3621368408203,36.63,0,1,0.87,0:50:36
13525,1,249.0633392333984,36.63,1,0,0.87,0:50:27
13526,1,57.4091796875,36.63,1,0,0.87,0:47:15
13527,1,1596.6729736328118,36.63,0,1,0.87,0:52:33
13528,1,219.4850006103516,36.63,0,1,0.87,0:52:25
13529,1,2154.8720703125,36.63,0,1,0.87,0:48:33
13530,1,31.97005462646484,36.63,1,0,0.87,0:47:59
13531,1,81.17364501953125,36.63,0,1,0.87,0:50:42
13532,1,4.641374111175537,36.63,1,0,0.87,0:52:32
13533,1,10.44183731079102,36.63,0,1,0.87,0:49:42
13534,1,247.8115386962891,36.63,0,1,0.87,0:47:41
13535,1,181.5143737792969,36.63,0,1,0.87,0:49:50
13536,1,22.78268432617188,36.63,0,1,0.87,0:50:46
13537,1,263.19479370117193,36.63,0,1,0.87,0:51:52
13538,1,167.9832916259766,36.63,0,1,0.87,0:49:30
13539,1,266.2826538085938,36.63,0,1,0.87,0:51:41
13540,1,14.566981315612788,36.63,0,1,0.87,0:50:58
13541,1,10.977834701538091,36.63,1,0,0.87,0:53:19
13542,1,380.0,36.63,0,1,0.87,0:51:24
13543,1,36.52098846435547,36.63,1,0,0.87,0:54:25
13544,1,22.59490966796875,36.63,1,0,0.87,0:50:02
13545,1,90.9429168701172,36.63,0,1,0.87,0:49:22
13546,1,243.0023040771484,36.63,0,1,0.87,0:48:15
13547,1,358.2298278808594,36.63,0,1,0.87,0:53:03
13548,1,275.51992797851557,36.63,1,0,0.87,0:49:46
13549,1,10.44776248931885,36.63,0,1,0.87,0:51:49
13550,1,178.32672119140616,36.63,0,1,0.87,0:50:02
13551,1,188.2588348388672,36.63,0,1,0.87,0:51:41
13552,1,15.55781936645508,36.63,0,1,0.87,0:48:24
13553,1,71.07490539550781,36.63,0,1,0.87,0:50:02
13554,1,17.3270263671875,36.63,0,1,0.87,0:50:54
13555,1,55.27118682861328,36.63,0,1,0.87,0:51:49
13556,1,447.4283447265625,36.63,0,1,0.87,0:49:10
13557,1,1.5720475912094118,36.63,1,0,0.87,0:50:24
13558,1,447.4283447265625,36.63,1,0,0.87,0:50:31
13559,1,103.0499267578125,36.63,1,0,0.87,0:49:10
13560,1,9.87485122680664,36.63,0,1,0.87,0:49:12
13561,1,55.65824508666992,36.63,0,1,0.87,0:43:00
13562,1,54.34943008422852,36.63,1,0,0.87,0:49:40
13563,1,943.02783203125,36.63,0,1,0.87,0:48:50
13564,1,6.065486431121826,36.63,0,1,0.87,0:49:22
13565,1,11.8902006149292,36.63,0,1,0.87,0:53:01
13566,1,323.0292358398438,36.63,1,0,0.87,0:50:52
13567,1,75.89776611328125,36.63,0,1,0.87,0:52:13
13568,1,30.4487247467041,36.63,0,1,0.87,0:49:31
13569,1,32.77705764770508,36.63,1,0,0.87,0:49:23
13570,2,1509.999267578125,36.63,0,1,0.87,0:50:06
13571,1,31.52193450927734,36.63,1,0,0.87,0:49:11
13572,1,221.179931640625,36.63,0,1,0.87,0:52:31
13573,1,39.94172286987305,36.63,0,1,0.87,0:52:07
13574,1,270.6813354492188,36.63,1,0,0.87,0:48:33
13575,1,259.998291015625,36.63,1,0,0.87,0:49:53
13576,1,221.3557586669922,36.63,1,0,0.87,0:49:23
13577,1,88.40692138671875,36.63,0,1,0.87,0:48:00
13578,1,86.89449310302734,36.63,0,1,0.87,0:48:06
13579,1,4.375861644744873,36.63,0,1,0.87,0:49:46
13580,1,254.7844543457031,36.63,1,0,0.87,0:48:54
13581,1,5.273734569549561,36.63,1,0,0.87,0:49:46
13582,1,67.15016174316406,36.63,0,1,0.87,0:53:30
13583,1,55.27118682861328,36.63,1,0,0.87,0:52:02
13584,1,321.1102600097656,36.63,1,0,0.87,0:48:33
13585,1,52.420860290527344,36.63,0,1,0.87,0:51:56
13586,1,109.5122451782227,36.63,1,0,0.87,0:49:45
13587,1,1243.033569335938,36.63,1,0,0.87,0:48:41
13588,1,18.5946102142334,36.63,1,0,0.87,0:47:31
13589,1,484.7640075683594,36.63,1,0,0.87,0:48:41
13590,1,16.84739112854004,36.63,1,0,0.87,0:46:02
13591,1,259.998291015625,36.63,0,1,0.87,0:48:34
13592,1,181.5143737792969,36.63,0,1,0.87,0:43:47
13593,1,122.2371139526367,36.63,1,0,0.87,0:50:51
13594,1,195.53570556640616,36.63,0,1,0.87,0:49:35
13595,1,56.084815979003906,36.63,1,0,0.87,0:45:53
13596,1,99.92736053466795,36.63,1,0,0.87,0:48:47
13597,1,7.965522289276122,36.63,0,1,0.87,0:48:45
13598,1,203.7541961669922,36.63,0,1,0.87,0:52:46
13599,1,203.5014953613281,36.63,1,0,0.87,0:50:39
13600,1,89.85609436035156,36.63,1,0,0.87,0:55:09
13601,1,9.61701488494873,36.63,0,1,0.87,0:51:44
13602,1,1596.6729736328118,36.63,0,1,0.87,0:52:41
13603,1,180.2863311767578,36.63,0,1,0.87,0:53:04
13604,1,10.44183731079102,36.63,0,1,0.87,0:52:37
13605,1,236.2681579589844,36.63,1,0,0.87,0:49:50
13606,1,85.61605834960938,36.63,0,1,0.87,0:52:36
13607,1,187.2318572998047,36.63,1,0,0.87,0:46:04
13608,1,10.054220199584961,36.63,1,0,0.87,0:48:36
13609,1,15.030237197875982,36.63,1,0,0.87,0:49:05
13610,1,10.44776248931885,36.63,1,0,0.87,0:50:33
13611,1,1311.276123046875,36.63,0,1,0.87,0:47:57
13612,1,267.591552734375,36.63,0,1,0.87,0:48:20
13613,1,27.3308277130127,36.63,1,0,0.87,0:48:23
13614,1,40.50381088256836,36.63,0,1,0.87,0:49:08
13615,1,42.10452270507812,36.63,0,1,0.87,0:49:39
13616,1,277.486328125,36.63,0,1,0.87,0:48:16
13617,1,324.2500610351562,36.63,1,0,0.87,0:50:41
13618,1,260.55117797851557,36.63,1,0,0.87,0:48:30
13619,1,428.7605285644531,36.63,1,0,0.87,0:50:41
13620,1,181.8118896484375,36.63,0,1,0.87,0:48:02
13621,1,10.44776248931885,36.63,0,1,0.87,0:51:39
13622,1,225.0845947265625,36.63,0,1,0.87,0:48:40
13623,1,220.0638275146484,36.63,0,1,0.87,0:51:44
13624,1,354.4431762695312,36.63,0,1,0.87,0:51:04
13625,1,2136.445068359375,36.63,1,0,0.87,0:47:49
13626,1,242.9944763183594,36.63,0,1,0.87,0:47:22
13627,1,159.2595977783203,36.63,1,0,0.87,0:52:03
13628,1,194.29931640625,36.63,0,1,0.87,0:47:51
13629,1,350.7449645996094,36.63,0,1,0.87,0:49:07
13630,1,336.294921875,36.63,1,0,0.87,0:46:43
13631,1,134.9916687011719,36.63,1,0,0.87,0:45:41
13632,1,16.66305160522461,36.63,0,1,0.87,0:50:30
13633,1,335.0997009277344,36.63,0,1,0.87,0:51:41
13634,1,71.8073501586914,36.63,0,1,0.87,0:50:18
13635,1,385.5578002929688,36.63,0,1,0.87,0:52:18
13636,1,97.34258270263672,36.63,0,1,0.87,0:50:18
13637,1,17.71962928771973,36.63,0,1,0.87,0:48:12
13638,1,31.97005462646484,36.63,0,1,0.87,0:49:19
13639,1,254.7844543457031,36.63,1,0,0.87,0:47:39
13640,1,7.502022743225098,36.63,0,1,0.87,0:48:52
13641,1,15.224977493286133,36.63,0,1,0.87,0:51:33
13642,1,10.44776248931885,36.63,0,1,0.87,0:48:29
13643,1,297.2489318847656,36.63,0,1,0.87,0:51:19
13644,1,103.3260650634766,36.63,0,1,0.87,0:49:41
13645,1,501.7336730957031,36.63,0,1,0.87,0:50:20
13646,1,69.64772033691406,36.63,0,1,0.87,0:51:35
13647,1,184.8102874755859,36.63,1,0,0.87,0:51:04
13648,1,12.82390880584717,36.63,1,0,0.87,0:48:56
13649,1,210.5088653564453,36.63,0,1,0.87,0:51:08
13650,1,263.49282836914057,36.63,0,1,0.87,0:50:52
13651,1,35.65705490112305,36.63,0,1,0.87,0:49:08
13652,1,167.1740875244141,36.63,0,1,0.87,0:50:15
13653,1,213.9208221435547,36.63,0,1,0.87,0:50:20
13654,1,4.994728565216064,36.63,1,0,0.87,0:49:41
13655,1,218.5335693359375,36.63,0,1,0.87,0:51:49
13656,1,122.2371139526367,36.63,0,1,0.87,0:51:26
13657,1,10.44183731079102,36.63,0,1,0.87,0:49:36
13658,1,7.965522289276122,36.63,1,0,0.87,0:49:01
13659,1,120.8983688354492,36.63,0,1,0.87,0:52:40
13660,1,10.96754741668701,36.63,1,0,0.87,0:51:20
13661,1,67.15016174316406,36.63,0,1,0.87,0:51:21
13662,1,10.44776248931885,36.63,1,0,0.87,0:50:22
13663,1,18.05331420898438,36.63,1,0,0.87,0:52:11
13664,1,10.44183731079102,36.63,1,0,0.87,0:48:25
13665,1,77.97574615478516,36.63,0,1,0.87,0:50:53
13666,1,11.603414535522461,36.63,1,0,0.87,0:49:40
13667,1,1883.18408203125,36.63,1,0,0.87,0:48:47
13668,1,393.7692565917969,36.63,1,0,0.87,0:50:48
13669,1,1325.179443359375,36.63,1,0,0.87,0:50:34
13670,1,91.7226791381836,36.63,1,0,0.87,0:50:50
13671,1,137.57452392578122,36.63,1,0,0.87,0:50:54
13672,1,18.05331420898438,36.63,0,1,0.87,0:45:57
13673,1,266.2826538085938,36.63,0,1,0.87,0:53:09
13674,1,101.87521362304692,36.63,0,1,0.87,0:51:24
13675,1,297.2536010742188,36.63,1,0,0.87,0:46:11
13676,1,167.9832916259766,36.63,1,0,0.87,0:50:05
13677,1,421.3871459960938,36.63,1,0,0.87,0:47:54
13678,1,2.335977554321289,36.63,1,0,0.87,0:48:56
13679,1,52.32403564453125,36.63,1,0,0.87,0:49:08
13680,1,51.87637710571289,36.63,0,1,0.87,0:51:47
13681,1,614.4942016601562,36.63,1,0,0.87,0:48:56
13682,1,275.32614135742193,36.63,0,1,0.87,0:51:38
13683,1,1636.990966796875,36.63,0,1,0.87,0:52:04
13684,1,21.08057022094727,36.63,1,0,0.87,0:45:11
13685,1,20.64476203918457,36.63,1,0,0.87,0:54:09
13686,1,211.3526458740234,36.63,1,0,0.87,0:44:51
13687,1,184.6145477294922,36.63,1,0,0.87,0:49:34
13688,1,189.5145568847656,36.63,1,0,0.87,0:48:49
13689,1,387.1519165039062,36.63,0,1,0.87,0:50:56
13690,1,188.2588348388672,36.63,1,0,0.87,0:44:41
13691,1,228.1687316894531,36.63,1,0,0.87,0:49:03
13692,1,1391.0174560546882,36.63,0,1,0.87,0:50:08
13693,1,116.26268768310551,36.63,1,0,0.87,0:48:08
13694,1,119.1880340576172,36.63,1,0,0.87,0:55:33
13695,1,225.9079742431641,36.63,0,1,0.87,0:50:26
13696,1,232.9170684814453,36.63,1,0,0.87,0:51:33
13697,1,24.55533409118652,36.63,0,1,0.87,0:51:46
13698,1,244.4225616455078,36.63,0,1,0.87,0:50:46
13699,1,1332.598876953125,36.63,1,0,0.87,0:49:07
13700,1,22.11793327331543,36.63,0,1,0.87,0:51:27
13701,1,38.30447006225586,36.63,1,0,0.87,0:48:34
13702,1,181.5143737792969,36.63,0,1,0.87,0:51:48
13703,1,259.998291015625,36.63,1,0,0.87,0:50:20
13704,1,1.91899299621582,36.63,0,1,0.87,0:50:40
13705,1,31.52193450927734,36.63,1,0,0.87,0:51:14
13706,1,215.4762725830078,36.63,1,0,0.87,0:50:57
13707,1,17.78584289550781,36.63,0,1,0.87,0:49:35
13708,1,259.998291015625,36.63,1,0,0.87,0:54:09
13709,1,93.8056640625,36.63,0,1,0.87,0:49:18
13710,1,248.9492492675781,36.63,0,1,0.87,0:52:16
13711,1,10.44183731079102,36.63,1,0,0.87,0:49:02
13712,1,56.12632369995117,36.63,1,0,0.87,0:42:20
13713,1,127.1580047607422,36.63,1,0,0.87,0:52:14
13714,1,68.20413208007811,36.63,0,1,0.87,0:51:30
13715,1,8.194785118103027,36.63,0,1,0.87,0:51:45
13716,1,56.084815979003906,36.63,0,1,0.87,0:52:00
13717,1,197.583984375,36.63,0,1,0.87,0:52:09
13718,1,11.72537899017334,36.63,1,0,0.87,0:48:59
13719,1,46.732627868652344,36.63,0,1,0.87,0:49:06
13720,1,385.5578002929688,36.63,1,0,0.87,0:43:04
13721,1,10.44183731079102,36.63,0,1,0.87,0:46:14
13722,1,766.8805541992188,36.63,1,0,0.87,0:51:29
13723,1,31.71040916442871,36.63,0,1,0.87,0:49:52
13724,1,252.5192565917969,36.63,0,1,0.87,0:51:11
13725,1,99.92736053466795,36.63,1,0,0.87,0:49:41
13726,1,4.194859027862549,36.63,0,1,0.87,0:52:27
13727,1,105.6290054321289,36.63,0,1,0.87,0:49:49
13728,1,250.0315856933594,36.63,0,1,0.87,0:51:21
13729,1,91.7226791381836,36.63,0,1,0.87,0:51:53
13730,1,3.857389688491821,36.63,0,1,0.87,0:51:32
13731,1,57.4091796875,36.63,1,0,0.87,0:47:04
13732,1,28.35299110412598,36.63,0,1,0.87,0:51:34
13733,1,60.00441360473633,36.63,0,1,0.87,0:53:03
13734,1,213.1199493408203,36.63,0,1,0.87,0:49:32
13735,1,238.9402923583984,36.63,0,1,0.87,0:46:00
13736,1,233.2363739013672,36.63,0,1,0.87,0:50:30
13737,1,86.84709167480469,36.63,0,1,0.87,0:51:48
13738,1,6.929685115814209,36.63,0,1,0.87,0:51:48
13739,1,2.197513580322266,36.63,1,0,0.87,0:49:31
13740,1,5.22021484375,36.63,1,0,0.87,0:49:53
13741,1,116.2873992919922,36.63,1,0,0.87,0:44:31
13742,1,44.02128601074219,36.63,1,0,0.87,0:44:12
13743,1,6.924670219421388,36.63,0,1,0.87,0:49:02
13744,1,120.9079360961914,36.63,0,1,0.87,0:52:18
13745,1,86.84709167480469,36.63,1,0,0.87,0:48:37
13746,1,251.7782897949219,36.63,1,0,0.87,0:47:41
13747,1,401.2483215332031,36.63,1,0,0.87,0:51:34
13748,1,120.9079360961914,36.63,0,1,0.87,0:50:09
13749,1,34.163280487060554,36.63,0,1,0.87,0:49:51
13750,1,7.965522289276122,36.63,1,0,0.87,0:50:49
13751,1,141.1389312744141,36.63,0,1,0.87,0:52:17
13752,1,282.5982666015625,36.63,0,1,0.87,0:50:41
13753,1,47.6960334777832,36.63,0,1,0.87,0:50:54
13754,1,24.13339424133301,36.63,1,0,0.87,0:52:00
13755,1,181.6004943847656,36.63,1,0,0.87,0:52:33
13756,1,6.240824699401856,36.63,1,0,0.87,0:53:36
13757,1,259.998291015625,36.63,1,0,0.87,0:50:07
13758,1,51.877418518066406,36.63,1,0,0.87,0:50:21
13759,1,144.7710266113281,36.63,1,0,0.87,0:51:31
13760,1,380.8917846679688,36.63,0,1,0.87,0:47:19
13761,1,267.1992797851562,36.63,0,1,0.87,0:50:28
13762,1,334.2425842285156,36.63,1,0,0.87,0:45:38
13763,1,18.05331420898438,36.63,1,0,0.87,0:46:41
13764,1,298.6752014160156,36.63,0,1,0.87,0:51:16
13765,1,259.2710571289062,36.63,0,1,0.87,0:52:11
13766,1,41.98091506958008,36.63,1,0,0.87,0:48:25
13767,1,14.566981315612788,36.63,1,0,0.87,0:49:58
13768,1,45.1541862487793,36.63,0,1,0.87,0:51:42
13769,1,124.5629653930664,36.63,0,1,0.87,0:51:44
13770,1,7.707507610321045,36.63,1,0,0.87,0:49:23
13771,1,77.97574615478516,36.63,0,1,0.87,0:53:08
13772,1,5.641450881958008,36.63,0,1,0.87,0:49:57
13773,1,194.2318115234375,36.63,0,1,0.87,0:50:16
13774,1,237.6291656494141,36.63,0,1,0.87,0:53:08
13775,1,205.9886016845703,36.63,0,1,0.87,0:49:55
13776,1,157.0261993408203,36.63,0,1,0.87,0:51:15
13777,1,149.1394653320312,36.63,0,1,0.87,0:51:04
13778,1,169.7375946044922,36.63,1,0,0.87,0:44:49
13779,1,157.7606658935547,36.63,1,0,0.87,0:51:14
13780,1,121.3621368408203,36.63,0,1,0.87,0:50:36
13781,1,178.5460357666016,36.63,0,1,0.87,0:51:38
13782,1,10.65874290466309,36.63,1,0,0.87,0:47:07
13783,1,38.98093795776367,36.63,0,1,0.87,0:49:51
13784,1,224.9377288818359,36.63,1,0,0.87,0:45:53
13785,1,254.7844543457031,36.63,0,1,0.87,0:50:05
13786,1,32.118362426757805,36.63,1,0,0.87,0:52:57
13787,1,137.6094055175781,36.63,1,0,0.87,0:52:04
13788,1,1.069604754447937,36.63,1,0,0.87,0:55:20
13789,1,253.1178741455078,36.63,1,0,0.87,0:52:21
13790,1,224.5060272216797,36.63,1,0,0.87,0:48:39
13791,1,204.2112731933594,36.63,0,1,0.87,0:45:49
13792,1,319.1960144042969,36.63,0,1,0.87,0:50:33
13793,1,303.8334655761719,36.63,1,0,0.87,0:51:35
13794,1,2.022631406784058,36.63,0,1,0.87,0:45:35
13795,1,2.335977554321289,36.63,1,0,0.87,0:49:23
13796,1,343.5472106933594,36.63,0,1,0.87,0:52:06
13797,1,15.224977493286133,36.63,0,1,0.87,0:47:30
13798,1,499.3435668945312,36.63,0,1,0.87,0:50:09
13799,1,61.94044494628906,36.63,0,1,0.87,0:51:07
13800,1,215.4762725830078,36.63,0,1,0.87,0:48:37
13801,1,321.1102600097656,36.63,1,0,0.87,0:47:02
13802,1,21.91367149353027,36.63,1,0,0.87,0:52:28
13803,1,421.3871459960938,36.63,0,1,0.87,0:50:54
13804,1,1251.8681640625,36.63,1,0,0.87,0:49:21
13805,1,10.06689834594727,36.63,0,1,0.87,0:48:39
13806,1,407.6073913574219,36.63,0,1,0.87,0:51:40
13807,1,407.6073913574219,36.63,0,1,0.87,0:51:40
13808,1,13.81503200531006,36.63,0,1,0.87,0:45:15
13809,1,21.21549415588379,36.63,1,0,0.87,0:50:19
13810,1,1105.029907226562,36.63,0,1,0.87,0:50:12
13811,1,42.68008041381836,36.63,1,0,0.87,0:47:35
13812,1,226.0135192871094,36.63,1,0,0.87,0:51:04
13813,1,10.44183731079102,36.63,0,1,0.87,0:53:05
13814,1,213.42681884765616,36.63,0,1,0.87,0:51:11
13815,1,58.46787643432617,36.63,1,0,0.87,0:49:29
13816,1,221.2099761962891,36.63,0,1,0.87,0:50:35
13817,1,1191.207275390625,36.63,1,0,0.87,0:45:50
13818,1,39.12737655639648,36.63,1,0,0.87,0:50:17
13819,1,152.9582672119141,36.63,0,1,0.87,0:51:11
13820,1,10.44183731079102,36.63,0,1,0.87,0:47:06
13821,1,319.9195251464844,36.63,0,1,0.87,0:48:08
13822,1,10.44776248931885,36.63,0,1,0.87,0:46:47
13823,1,91.7226791381836,36.63,0,1,0.87,0:48:34
13824,1,183.6381683349609,36.63,1,0,0.87,0:47:28
13825,1,2.7546546459198,36.63,1,0,0.87,0:49:03
13826,1,320.0387878417969,36.63,0,1,0.87,0:51:04
13827,1,1831.0819091796882,36.63,1,0,0.87,0:53:14
13828,1,7.965522289276122,36.63,1,0,0.87,0:46:08
13829,1,446.512451171875,36.63,0,1,0.87,0:51:03
13830,1,268.73208618164057,36.63,0,1,0.87,0:52:16
13831,1,16.66305160522461,36.63,0,1,0.87,0:47:37
13832,1,1596.6729736328118,36.63,0,1,0.87,0:48:15
13833,1,300.0396118164062,36.63,0,1,0.87,0:51:12
13834,1,22.02759552001953,36.63,0,1,0.87,0:49:19
13835,1,1371.919311523438,36.63,0,1,0.87,0:50:36
13836,1,49.9882698059082,36.63,0,1,0.87,0:48:07
13837,1,337.3735046386719,36.63,0,1,0.87,0:52:42
13838,1,167.9832916259766,36.63,0,1,0.87,0:51:52
13839,1,182.7666320800781,36.63,0,1,0.87,0:52:08
13840,1,196.8123321533203,36.63,0,1,0.87,0:50:06
13841,1,43.87412643432617,36.63,1,0,0.87,0:43:59
13842,1,231.7270660400391,36.63,1,0,0.87,0:36:52
13843,1,134.8126525878906,36.63,0,1,0.87,0:50:22
13844,1,764.3197021484375,36.63,1,0,0.87,0:54:22
13845,1,181.5143737792969,36.63,0,1,0.87,0:50:54
13846,1,52.04446411132812,36.63,0,1,0.87,0:49:57
13847,1,11.261268615722662,36.63,1,0,0.87,0:50:41
13848,1,1536.2200927734382,36.63,0,1,0.87,0:52:40
13849,1,356.2357482910156,36.63,1,0,0.87,0:51:33
13850,1,1473.49462890625,36.63,0,1,0.87,0:46:07
13851,1,1596.6729736328118,36.63,0,1,0.87,0:51:12
13852,1,194.6429290771484,36.63,0,1,0.87,0:51:00
13853,1,43.62190246582031,36.63,0,1,0.87,0:50:53
13854,1,1354.186645507812,36.63,0,1,0.87,0:52:25
13855,1,137.57452392578122,36.63,0,1,0.87,0:49:29
13856,1,542.0845947265625,36.63,0,1,0.87,0:51:29
13857,1,255.9418182373047,36.63,1,0,0.87,0:49:47
13858,1,259.7741088867188,36.63,0,1,0.87,0:51:51
13859,1,249.0633392333984,36.63,1,0,0.87,0:53:21
13860,1,249.0633392333984,36.63,0,1,0.87,0:53:21
13861,1,301.8386535644531,36.63,0,1,0.87,0:49:36
13862,1,569.853271484375,36.63,0,1,0.87,0:52:01
13863,1,181.5143737792969,36.63,1,0,0.87,0:49:12
13864,1,1831.0819091796882,36.63,0,1,0.87,0:50:20
13865,1,219.4850006103516,36.63,0,1,0.87,0:47:56
13866,1,232.5149993896484,36.63,0,1,0.87,0:51:25
13867,1,59.45031356811523,36.63,1,0,0.87,0:43:23
13868,2,181.5143737792969,36.63,1,0,0.87,0:55:05
13869,1,10.44183731079102,36.63,1,0,0.87,0:52:22
13870,1,6.938945770263673,36.63,1,0,0.87,0:56:15
13871,1,387.8816528320312,36.63,0,1,0.87,0:49:32
13872,1,11.67677116394043,36.63,0,1,0.87,0:51:03
13873,1,149.1394653320312,36.63,0,1,0.87,0:51:56
13874,1,149.1394653320312,36.63,0,1,0.87,0:51:56
13875,1,18.0,36.63,0,1,0.87,0:44:07
13876,1,18.80724906921387,36.63,1,0,0.87,0:42:16
13877,1,1246.276000976562,36.63,1,0,0.87,0:48:16
13878,1,120.8983688354492,36.63,1,0,0.87,0:55:06
13879,1,181.5143737792969,36.63,1,0,0.87,0:50:32
13880,1,276.39730834960943,36.63,0,1,0.87,0:50:36
13881,1,121.68856811523442,36.63,1,0,0.87,0:50:02
13882,1,13.027480125427251,36.63,0,1,0.87,0:52:02
13883,1,1.4977959394454958,36.63,1,0,0.87,0:48:36
13884,1,647.6728515625,36.63,1,0,0.87,0:46:24
13885,1,179.06134033203116,36.63,1,0,0.87,0:45:21
13886,1,152.9394073486328,36.63,0,1,0.87,0:51:13
13887,1,259.998291015625,36.63,0,1,0.87,0:52:13
13888,1,2969.772216796875,36.63,0,1,0.87,0:51:20
13889,1,29.92440032958984,36.63,0,1,0.87,0:50:38
13890,1,447.4283447265625,36.63,0,1,0.87,0:51:26
13891,1,11.085031509399409,36.63,0,1,0.87,0:45:41
13892,1,2.411711931228638,36.63,1,0,0.87,0:46:31
13893,1,200.7367095947266,36.63,0,1,0.87,0:49:32
13894,1,10.490419387817381,36.63,0,1,0.87,0:50:54
13895,3,399.9556579589844,36.63,1,0,0.87,0:50:56
13896,1,36.52098846435547,36.63,0,1,0.87,0:51:59
13897,1,318.2921142578125,36.63,0,1,0.87,0:48:44
13898,1,84.5443344116211,36.63,0,1,0.87,0:51:27
13899,1,43.56428909301758,36.63,0,1,0.87,0:52:16
13900,1,195.6720886230469,36.63,1,0,0.87,0:47:08
13901,1,225.3670349121094,36.63,0,1,0.87,0:51:13
13902,1,351.7836303710938,36.63,0,1,0.87,0:51:21
13903,1,53.74789428710938,36.63,0,1,0.87,0:50:25
13904,1,18.26416397094727,36.63,0,1,0.87,0:51:10
13905,1,377.5501098632812,36.63,0,1,0.87,0:48:32
13906,1,2.103271007537842,36.63,1,0,0.87,0:49:23
13907,1,119.56497192382808,36.63,0,1,0.87,0:50:23
13908,1,9.842272758483887,36.63,1,0,0.87,0:55:06
13909,1,437.7515563964844,36.63,1,0,0.87,0:51:55
13910,1,318.1236877441406,36.63,0,1,0.87,0:52:27
13911,1,7.309962749481201,36.63,0,1,0.87,0:51:27
13912,1,6.938945770263673,36.63,0,1,0.87,0:49:57
13913,1,1361.07470703125,36.63,0,1,0.87,0:44:29
13914,1,779.2720947265625,36.63,0,1,0.87,0:51:35
13915,1,12.0,36.63,1,0,0.87,0:52:32
13916,1,224.9872589111328,36.63,0,1,0.87,0:52:44
13917,1,10.44776248931885,36.63,0,1,0.87,0:53:26
13918,1,9.0,36.63,0,1,0.87,0:49:28
13919,1,206.3250579833984,36.63,1,0,0.87,0:50:36
13920,1,1596.6729736328118,36.63,0,1,0.87,0:49:43
13921,1,165.2113800048828,36.63,0,1,0.87,0:52:20
13922,2,259.998291015625,36.63,1,0,0.87,0:49:58
13923,1,23.40442085266113,36.63,1,0,0.87,0:50:03
13924,1,89.6968994140625,36.63,0,1,0.87,0:51:59
13925,1,10.44183731079102,36.63,0,1,0.87,0:51:52
13926,1,294.689453125,36.63,1,0,0.87,0:49:24
13927,1,134.6310882568359,36.63,0,1,0.87,0:51:13
13928,1,20.15006828308105,36.63,0,1,0.87,0:52:18
13929,1,13.315147399902338,36.63,0,1,0.87,0:53:41
13930,1,159.9830627441406,36.63,1,0,0.87,0:50:04
13931,1,139.42889404296878,36.63,0,1,0.87,0:52:07
13932,1,104.0583648681641,36.63,0,1,0.87,0:50:11
13933,1,91.75029754638672,36.63,0,1,0.87,0:52:22
13934,1,16.439580917358402,36.63,1,0,0.87,0:49:17
13935,1,270.96609497070307,36.63,0,1,0.87,0:51:55
13936,1,43.62190246582031,36.63,0,1,0.87,0:51:42
13937,1,7.058139324188232,36.63,1,0,0.87,0:54:25
13938,1,19.78066635131836,36.63,0,1,0.87,0:47:11
13939,1,10.44183731079102,36.63,1,0,0.87,0:52:12
13940,1,206.2617492675781,36.63,1,0,0.87,0:47:06
13941,1,239.9998931884766,36.63,1,0,0.87,0:49:33
13942,1,34.93408203125,36.63,1,0,0.87,0:52:22
13943,1,118.3513641357422,36.63,0,1,0.87,0:51:08
13944,1,212.76708984375,36.63,0,1,0.87,0:50:08
13945,1,7.058139324188232,36.63,1,0,0.87,0:53:53
13946,1,281.35067749023443,36.63,0,1,0.87,0:48:56
13947,1,3.1729369163513184,36.63,0,1,0.87,0:51:15
13948,1,58.93083190917969,36.63,1,0,0.87,0:44:41
13949,1,60.99109649658203,36.63,0,1,0.87,0:52:00
13950,1,73.47949981689453,36.63,0,1,0.87,0:48:00
13951,1,216.8590393066406,36.63,0,1,0.87,0:51:20
13952,1,148.55224609375,36.63,0,1,0.87,0:51:04
13953,1,666.8341674804688,36.63,1,0,0.87,0:55:11
13954,1,32.81198120117188,36.63,0,1,0.87,0:51:44
13955,1,5.251800537109375,36.63,0,1,0.87,0:49:02
13956,1,134.5782775878906,36.63,1,0,0.87,0:52:46
13957,1,10.44183731079102,36.63,0,1,0.87,0:50:12
13958,1,139.41778564453122,36.63,0,1,0.87,0:52:33
13959,1,36.16746139526367,36.63,0,1,0.87,0:51:28
13960,1,218.5335693359375,36.63,0,1,0.87,0:50:20
13961,1,91.56227111816406,36.63,1,0,0.87,0:58:27
13962,1,79.2293472290039,36.63,1,0,0.87,0:46:07
13963,1,91.46649932861328,36.63,1,0,0.87,0:51:32
13964,1,484.7640075683594,36.63,1,0,0.87,0:45:32
13965,1,266.2826538085938,36.63,0,1,0.87,0:50:49
13966,1,106.4007720947266,36.63,1,0,0.87,0:52:59
13967,1,676.4351806640625,36.63,0,1,0.87,0:52:02
13968,1,256.92111206054693,36.63,1,0,0.87,0:48:40
13969,1,222.5330810546875,36.63,1,0,0.87,0:49:27
13970,1,1386.9697265625,36.63,0,1,0.87,0:49:37
13971,1,2.243182420730591,36.63,0,1,0.87,0:52:12
13972,1,266.2826538085938,36.63,1,0,0.87,0:54:54
13973,1,398.2716369628906,36.63,1,0,0.87,0:50:48
13974,1,321.1102600097656,36.63,1,0,0.87,0:46:59
13975,1,10.44183731079102,36.63,1,0,0.87,0:50:35
13976,1,368.8739624023438,36.63,0,1,0.87,0:52:09
13977,1,58.93083190917969,36.63,0,1,0.87,0:51:30
13978,1,62.17602157592773,36.63,1,0,0.87,0:51:18
13979,1,8.468951225280763,36.63,1,0,0.87,0:46:54
13980,1,104.0583648681641,36.63,0,1,0.87,0:51:46
13981,1,233.3433380126953,36.63,0,1,0.87,0:52:00
13982,1,1993.0521240234384,36.63,0,1,0.87,0:50:23
13983,1,19.09527015686035,36.63,1,0,0.87,0:53:00
13984,1,163.5378570556641,36.63,0,1,0.87,0:51:53
13985,1,7.965522289276122,36.63,1,0,0.87,0:52:59
13986,1,10.58681583404541,36.63,0,1,0.87,0:51:02
13987,1,159.2595977783203,36.63,0,1,0.87,0:52:45
13988,1,15.55781936645508,36.63,1,0,0.87,0:58:49
13989,1,149.1394653320312,36.63,0,1,0.87,0:49:09
13990,1,116.6226959228516,36.63,1,0,0.87,0:50:20
13991,1,166.5124816894531,36.63,1,0,0.87,0:48:30
13992,1,470.5228881835938,36.63,0,1,0.87,0:51:02
13993,1,52.69355010986328,36.63,0,1,0.87,0:47:01
13994,1,228.6362762451172,36.63,0,1,0.87,0:47:15
13995,1,285.2782592773438,36.63,0,1,0.87,0:51:02
13996,1,56.084815979003906,36.63,0,1,0.87,0:50:09
13997,1,181.5143737792969,36.63,1,0,0.87,0:50:45
13998,1,3.6919877529144287,36.63,1,0,0.87,0:50:20
13999,1,140.9563293457031,36.63,1,0,0.87,0:42:51
14000,1,10.054220199584961,36.63,1,0,0.87,0:51:08
14001,1,10.44183731079102,36.63,0,1,0.87,0:51:06
14002,1,10.054220199584961,36.63,1,0,0.87,0:45:19
14003,1,114.818359375,36.63,1,0,0.87,0:49:01
14004,1,378.2447204589844,36.63,0,1,0.87,0:48:22
14005,1,97.34258270263672,36.63,1,0,0.87,0:53:23
14006,1,10.054220199584961,36.63,0,1,0.87,0:51:09
14007,1,105.6290054321289,36.63,1,0,0.87,0:47:11
14008,1,195.6720886230469,36.63,1,0,0.87,0:49:10
14009,1,269.0397338867188,36.63,1,0,0.87,0:51:27
14010,1,4.607863426208496,36.63,0,1,0.87,0:51:15
14011,1,194.29931640625,36.63,1,0,0.87,0:51:04
14012,1,614.4942016601562,36.63,0,1,0.87,0:47:57
14013,1,77.97574615478516,36.63,0,1,0.87,0:50:33
14014,1,768.6333618164062,36.63,1,0,0.87,0:50:40
14015,1,692.572021484375,36.63,1,0,0.87,0:51:41
14016,1,253.3382415771484,36.63,1,0,0.87,0:41:47
14017,1,181.5143737792969,36.63,0,1,0.87,0:52:55
14018,1,35.90165328979492,36.63,0,1,0.87,0:53:39
14019,1,64.23567199707031,36.63,0,1,0.87,0:51:44
14020,1,1509.999267578125,36.63,0,1,0.87,0:50:33
14021,1,320.0387878417969,36.63,0,1,0.87,0:52:33
14022,1,194.29931640625,36.63,0,1,0.87,0:52:57
14023,1,204.2112731933594,36.63,0,1,0.87,0:51:29
14024,1,194.29931640625,36.63,0,1,0.87,0:52:57
14025,1,15.224977493286133,36.63,1,0,0.87,0:54:58
14026,1,184.072021484375,36.63,0,1,0.87,0:52:57
14027,1,10.44183731079102,36.63,1,0,0.87,0:48:29
14028,1,88.75344848632812,36.63,0,1,0.87,0:49:34
14029,1,234.7328643798828,36.63,0,1,0.87,0:50:00
14030,1,260.29702758789057,36.63,0,1,0.87,0:51:40
14031,1,4.704585552215576,36.63,0,1,0.87,0:50:26
14032,1,22.33357238769531,36.63,0,1,0.87,0:49:25
14033,1,260.84353637695307,36.63,1,0,0.87,0:51:25
14034,1,177.37249755859384,36.63,1,0,0.87,0:46:54
14035,1,233.2363739013672,36.63,0,1,0.87,0:51:46
14036,1,15.224977493286133,36.63,0,1,0.87,0:48:54
14037,1,298.0540466308594,36.63,1,0,0.87,0:50:45
14038,1,10.44183731079102,36.63,0,1,0.87,0:46:09
14039,1,35.90165328979492,36.63,0,1,0.87,0:52:13
14040,1,14.32654094696045,36.63,0,1,0.87,0:48:02
14041,1,1667.119140625,36.63,1,0,0.87,0:50:08
14042,1,282.704345703125,36.63,0,1,0.87,0:49:57
14043,1,159.9830627441406,36.63,0,1,0.87,0:48:30
14044,1,217.0154266357422,36.63,0,1,0.87,0:50:18
14045,1,-0.3166392743587494,36.63,0,1,0.87,0:47:02
14046,1,5.22021484375,36.63,0,1,0.87,0:50:40
14047,1,375.0818786621094,36.63,0,1,0.87,0:51:40
14048,1,237.6291656494141,36.63,0,1,0.87,0:48:57
14049,1,799.8717651367188,36.63,0,1,0.87,0:49:02
14050,1,15.224977493286133,36.63,0,1,0.87,0:48:45
14051,1,274.2550659179688,36.63,1,0,0.87,0:50:52
14052,1,232.07177734375,36.63,0,1,0.87,0:49:20
14053,1,89.60826873779297,36.63,1,0,0.87,0:49:23
14054,1,25.37751960754395,36.63,0,1,0.87,0:48:42
14055,1,202.9051818847656,36.63,1,0,0.87,0:50:10
14056,1,109.5502395629883,36.63,0,1,0.87,0:49:11
14057,1,234.7328643798828,36.63,0,1,0.87,0:52:05
14058,1,147.2976989746094,36.63,0,1,0.87,0:50:48
14059,1,71.07490539550781,36.63,0,1,0.87,0:49:11
14060,1,31.71040916442871,36.63,1,0,0.87,0:52:20
14061,1,233.7287750244141,36.63,0,1,0.87,0:49:55
14062,1,233.7287750244141,36.63,1,0,0.87,0:49:55
14063,1,25.37751960754395,36.63,0,1,0.87,0:45:30
14064,1,237.6291656494141,36.63,0,1,0.87,0:52:06
14065,1,7.309962749481201,36.63,1,0,0.87,0:53:20
14066,1,137.57452392578122,36.63,0,1,0.87,0:52:21
14067,1,89.85609436035156,36.63,0,1,0.87,0:49:23
14068,1,56.084815979003906,36.63,0,1,0.87,0:48:51
14069,1,15.93889045715332,36.63,0,1,0.87,0:48:00
14070,1,657.2764892578125,36.63,0,1,0.87,0:51:47
14071,1,415.3045043945312,36.63,1,0,0.87,0:50:52
14072,1,259.998291015625,36.63,1,0,0.87,0:48:49
14073,1,293.3560791015625,36.63,0,1,0.87,0:52:38
14074,1,27.43109130859375,36.63,1,0,0.87,0:50:33
14075,1,94.30089569091795,36.63,0,1,0.87,0:52:59
14076,1,270.05172729492193,36.63,0,1,0.87,0:48:53
14077,1,19.23562431335449,36.63,0,1,0.87,0:48:19
14078,1,111.4156036376953,36.63,0,1,0.87,0:50:49
14079,1,142.3497009277344,36.63,1,0,0.87,0:49:05
14080,1,10.96754741668701,36.63,0,1,0.87,0:48:15
14081,1,15.224977493286133,36.63,0,1,0.87,0:49:00
14082,1,149.1394653320312,36.63,0,1,0.87,0:51:19
14083,1,2554.609619140625,36.63,1,0,0.87,0:47:08
14084,1,298.1222534179688,36.63,0,1,0.87,0:51:07
14085,1,216.5862274169922,36.63,0,1,0.87,0:50:54
14086,1,318.1236877441406,36.63,0,1,0.87,0:50:40
14087,1,241.50628662109384,36.63,0,1,0.87,0:51:46
14088,1,42.10452270507812,36.63,0,1,0.87,0:52:54
14089,1,42.10452270507812,36.63,0,1,0.87,0:52:54
14090,1,137.57452392578122,36.63,0,1,0.87,0:50:44
14091,1,261.54904174804693,36.63,1,0,0.87,0:51:23
14092,1,251.91278076171884,36.63,1,0,0.87,0:51:31
14093,1,285.1954345703125,36.63,1,0,0.87,0:51:23
14094,1,69.47795104980469,36.63,0,1,0.87,0:49:31
14095,1,151.7768249511719,36.63,1,0,0.87,0:52:00
14096,1,14.32654094696045,36.63,0,1,0.87,0:50:22
14097,1,286.4165954589844,36.63,0,1,0.87,0:48:44
14098,1,121.3621368408203,36.63,0,1,0.87,0:50:32
14099,1,366.2544555664062,36.63,0,1,0.87,0:48:27
14100,1,28.79966735839844,36.63,1,0,0.87,0:49:40
14101,1,1452.274169921875,36.63,1,0,0.87,0:43:31
14102,1,351.8628540039062,36.63,0,1,0.87,0:52:55
14103,1,52.08999252319336,36.63,0,1,0.87,0:51:16
14104,1,1771.6531982421882,36.63,0,1,0.87,0:52:05
14105,1,149.9436340332031,36.63,1,0,0.87,0:53:58
14106,1,3.920108318328857,36.63,0,1,0.87,0:50:25
14107,1,146.0377807617188,36.63,1,0,0.87,0:50:12
14108,1,16.99841690063477,36.63,1,0,0.87,0:53:31
14109,1,149.1394653320312,36.63,1,0,0.87,0:48:55
14110,1,275.03494262695307,36.63,0,1,0.87,0:49:27
14111,1,30.17621803283691,36.63,1,0,0.87,0:48:50
14112,1,7.603908061981201,36.63,1,0,0.87,0:50:06
14113,1,65.60008239746094,36.63,0,1,0.87,0:52:22
14114,1,204.6719512939453,36.63,0,1,0.87,0:49:41
14115,1,16.83182334899902,36.63,0,1,0.87,0:51:11
14116,1,71.8073501586914,36.63,0,1,0.87,0:48:52
14117,1,31.781719207763672,36.63,0,1,0.87,0:51:35
14118,1,16.54193496704102,36.63,1,0,0.87,0:53:00
14119,1,52.04446411132812,36.63,0,1,0.87,0:51:58
14120,1,369.3993530273438,36.63,1,0,0.87,0:52:38
14121,1,178.5715484619141,36.63,0,1,0.87,0:52:12
14122,1,51.94340515136719,36.63,0,1,0.87,0:50:20
14123,1,41.98091506958008,36.63,1,0,0.87,0:46:10
14124,1,6.240824699401856,36.63,1,0,0.87,0:51:18
14125,1,11.05302143096924,36.63,0,1,0.87,0:49:32
14126,1,153.8145751953125,36.63,1,0,0.87,0:50:49
14127,1,220.8075714111328,36.63,0,1,0.87,0:50:57
14128,1,30.80482292175293,36.63,0,1,0.87,0:50:53
14129,1,297.5103759765625,36.63,1,0,0.87,0:50:35
14130,1,3.118554830551147,36.63,0,1,0.87,0:49:53
14131,1,11.57025718688965,36.63,0,1,0.87,0:49:13
14132,1,284.3707580566406,36.63,1,0,0.87,0:50:16
14133,1,19.54772758483887,36.63,1,0,0.87,0:46:15
14134,1,71.8073501586914,36.63,0,1,0.87,0:50:50
14135,1,23.389118194580078,36.63,1,0,0.87,0:49:18
14136,1,190.1930236816406,36.63,0,1,0.87,0:51:55
14137,1,228.6362762451172,36.63,0,1,0.87,0:49:42
14138,1,39.21760559082031,36.63,0,1,0.87,0:52:32
14139,1,120.9079360961914,36.63,0,1,0.87,0:49:13
14140,1,17.05924987792969,36.63,0,1,0.87,0:47:41
14141,1,123.3999710083008,36.63,0,1,0.87,0:52:47
14142,1,71.8073501586914,36.63,1,0,0.87,0:52:04
14143,1,77.44851684570312,36.63,1,0,0.87,0:50:00
14144,1,611.3375244140625,36.63,0,1,0.87,0:50:23
14145,1,91.7226791381836,36.63,0,1,0.87,0:50:46
14146,1,321.9679870605469,36.63,1,0,0.87,0:52:08
14147,1,2229.72216796875,36.63,0,1,0.87,0:50:30
14148,1,219.4850006103516,36.63,1,0,0.87,0:55:09
14149,1,614.4942016601562,36.63,0,1,0.87,0:46:26
14150,1,105.6290054321289,36.63,0,1,0.87,0:48:12
14151,1,1694.271240234375,36.63,0,1,0.87,0:48:58
14152,1,236.900634765625,36.63,0,1,0.87,0:50:28
14153,1,24.55533409118652,36.63,1,0,0.87,0:49:19
14154,1,25.0,36.63,1,0,0.87,0:56:17
14155,1,232.5149993896484,36.63,0,1,0.87,0:53:45
14156,1,1046.732788085938,36.63,1,0,0.87,0:52:19
14157,1,1563.2930908203118,36.63,0,1,0.87,0:49:37
14158,1,666.8341674804688,36.63,1,0,0.87,0:52:17
14159,1,17.78584289550781,36.63,1,0,0.87,0:53:43
14160,1,189.8126220703125,36.63,0,1,0.87,0:51:09
14161,1,19.91307258605957,36.63,0,1,0.87,0:49:12
14162,1,14.566981315612788,36.63,0,1,0.87,0:52:51
14163,1,10.06689834594727,36.63,0,1,0.87,0:49:44
14164,1,281.7467041015625,36.63,0,1,0.87,0:50:39
14165,1,486.5151062011719,36.63,1,0,0.87,0:51:04
14166,1,10.44183731079102,36.63,0,1,0.87,0:52:11
14167,1,305.2382202148438,36.63,0,1,0.87,0:50:34
14168,1,13.657986640930181,36.63,1,0,0.87,0:45:10
14169,1,350.7449645996094,36.63,1,0,0.87,0:48:06
14170,1,256.92111206054693,36.63,0,1,0.87,0:51:02
14171,1,320.0387878417969,36.63,1,0,0.87,0:51:14
14172,1,53.62057876586914,36.63,0,1,0.87,0:46:57
14173,1,6.293436527252197,36.63,1,0,0.87,0:48:18
14174,1,244.5631256103516,36.63,1,0,0.87,0:48:33
14175,1,301.0691528320312,36.63,1,0,0.87,0:49:10
14176,1,165.3308258056641,36.63,1,0,0.87,0:50:52
14177,1,131.4553527832031,36.63,0,1,0.87,0:52:34
14178,1,331.5245056152344,36.63,0,1,0.87,0:51:14
14179,1,206.0412750244141,36.63,0,1,0.87,0:51:33
14180,1,10.44776248931885,36.63,1,0,0.87,0:47:44
14181,1,126.1189117431641,36.63,1,0,0.87,0:49:48
14182,1,181.5143737792969,36.63,0,1,0.87,0:50:12
14183,1,398.2716369628906,36.63,0,1,0.87,0:50:05
14184,1,1.5720475912094118,36.63,1,0,0.87,0:50:29
14185,1,134.9916687011719,36.63,0,1,0.87,0:51:58
14186,1,176.3090667724609,36.63,1,0,0.87,0:50:57
14187,1,248.3148193359375,36.63,0,1,0.87,0:49:22
14188,1,91.7226791381836,36.63,1,0,0.87,0:50:31
14189,1,215.4762725830078,36.63,1,0,0.87,0:52:26
14190,1,16.00102424621582,36.63,1,0,0.87,0:46:04
14191,1,16.00102424621582,36.63,0,1,0.87,0:46:04
14192,1,104.15274047851558,36.63,0,1,0.87,0:52:06
14193,1,77.97574615478516,36.63,0,1,0.87,0:52:12
14194,1,135.6158752441406,36.63,0,1,0.87,0:50:11
14195,1,42.97978591918945,36.63,0,1,0.87,0:53:14
14196,1,222.7997283935547,36.63,0,1,0.87,0:50:11
14197,1,10.44776248931885,36.63,1,0,0.87,0:54:02
14198,1,1325.179443359375,36.63,1,0,0.87,0:53:18
14199,1,657.2290649414062,36.63,1,0,0.87,0:47:24
14200,1,8.194785118103027,36.63,0,1,0.87,0:49:11
14201,1,10.44776248931885,36.63,0,1,0.87,0:52:39
14202,1,226.7956085205078,36.63,0,1,0.87,0:51:56
14203,1,10.44776248931885,36.63,0,1,0.87,0:51:48
14204,1,1782.531494140625,36.63,0,1,0.87,0:52:20
14205,1,10.44183731079102,36.63,0,1,0.87,0:50:14
14206,1,11.085031509399409,36.63,1,0,0.87,0:54:49
14207,1,56.084815979003906,36.63,1,0,0.87,0:48:33
14208,1,13.027480125427251,36.63,0,1,0.87,0:51:01
14209,1,10.58681583404541,36.63,0,1,0.87,0:50:50
14210,1,115.0462417602539,36.63,1,0,0.87,0:50:02
14211,1,251.0666656494141,36.63,0,1,0.87,0:48:27
14212,1,179.3958282470703,36.63,0,1,0.87,0:52:57
14213,1,12.44330501556396,36.63,1,0,0.87,0:51:06
14214,1,975.9893798828124,36.63,0,1,0.87,0:52:00
14215,1,1596.6729736328118,36.63,1,0,0.87,0:50:31
14216,1,4.143080711364746,36.63,0,1,0.87,0:49:53
14217,1,7.058139324188232,36.63,1,0,0.87,0:54:11
14218,1,0.5217891335487366,36.63,0,1,0.87,0:50:28
14219,1,369.6962890625,36.63,1,0,0.87,0:50:32
14220,1,285.4355773925781,36.63,1,0,0.87,0:47:13
14221,1,29.34770965576172,36.63,0,1,0.87,0:52:17
14222,1,130.71659851074222,36.63,1,0,0.87,0:48:55
14223,1,126.1217880249023,36.63,0,1,0.87,0:53:37
14224,1,1480.326171875,36.63,0,1,0.87,0:47:40
14225,1,75.07860565185547,36.63,1,0,0.87,0:49:46
14226,1,14.566981315612788,36.63,0,1,0.87,0:50:19
14227,1,24.55533409118652,36.63,0,1,0.87,0:53:03
14228,1,351.8628540039062,36.63,0,1,0.87,0:53:37
14229,1,2136.445068359375,36.63,1,0,0.87,0:47:29
14230,1,104.1191558837891,36.63,0,1,0.87,0:50:09
14231,1,282.704345703125,36.63,0,1,0.87,0:46:19
14232,1,72.69342041015625,36.63,0,1,0.87,0:49:59
14233,1,1596.6729736328118,36.63,1,0,0.87,0:47:45
14234,1,242.7269287109375,36.63,0,1,0.87,0:54:44
14235,1,23.51996421813965,36.63,0,1,0.87,0:51:29
14236,1,203.7541961669922,36.63,0,1,0.87,0:53:03
14237,1,200.9397430419922,36.63,1,0,0.87,0:49:20
14238,1,16.83182334899902,36.63,0,1,0.87,0:49:41
14239,1,209.8311004638672,36.63,0,1,0.87,0:52:35
14240,1,388.93701171875,36.63,0,1,0.87,0:51:49
14241,1,2170.240966796875,36.63,1,0,0.87,0:48:19
14242,1,109.5122451782227,36.63,0,1,0.87,0:48:30
14243,1,183.2224578857422,36.63,0,1,0.87,0:43:47
14244,1,140.8886260986328,36.63,0,1,0.87,0:48:34
14245,1,3.118554830551147,36.63,1,0,0.87,0:51:47
14246,1,106.0982513427734,36.63,1,0,0.87,0:50:14
14247,1,330.6018676757812,36.63,0,1,0.87,0:50:39
14248,1,35.45200729370117,36.63,1,0,0.87,0:47:02
14249,1,37.61764526367188,36.63,1,0,0.87,0:54:38
14250,1,10.96754741668701,36.63,0,1,0.87,0:50:22
14251,1,198.1594390869141,36.63,0,1,0.87,0:50:17
14252,1,254.7844543457031,36.63,1,0,0.87,0:50:17
14253,1,38.65314865112305,36.63,0,1,0.87,0:53:38
14254,1,611.3375244140625,36.63,0,1,0.87,0:51:55
14255,1,252.6790618896484,36.63,1,0,0.87,0:46:02
14256,1,304.7581176757812,36.63,0,1,0.87,0:53:16
14257,1,168.5726623535156,36.63,0,1,0.87,0:51:12
14258,1,266.2826538085938,36.63,1,0,0.87,0:49:41
14259,1,168.5726623535156,36.63,1,0,0.87,0:51:12
14260,1,588.7814331054688,36.63,0,1,0.87,0:50:31
14261,1,229.7133941650391,36.63,0,1,0.87,0:53:55
14262,1,20.64476203918457,36.63,1,0,0.87,0:43:47
14263,1,4.143080711364746,36.63,1,0,0.87,0:50:41
14264,1,181.5143737792969,36.63,1,0,0.87,0:52:09
14265,1,13.657986640930181,36.63,0,1,0.87,0:49:41
14266,1,240.75494384765616,36.63,1,0,0.87,0:51:54
14267,1,229.17529296875,36.63,0,1,0.87,0:50:03
14268,1,31.71040916442871,36.63,1,0,0.87,0:50:37
14269,1,1311.276123046875,36.63,0,1,0.87,0:49:32
14270,1,542.0845947265625,36.63,1,0,0.87,0:49:19
14271,1,259.998291015625,36.63,0,1,0.87,0:49:04
14272,1,294.2689208984375,36.63,0,1,0.87,0:51:18
14273,1,239.3311767578125,36.63,0,1,0.87,0:50:22
14274,1,237.6291656494141,36.63,0,1,0.87,0:50:50
14275,1,270.05172729492193,36.63,0,1,0.87,0:51:07
14276,1,17.31131172180176,36.63,0,1,0.87,0:52:07
14277,1,18.05331420898438,36.63,0,1,0.87,0:54:50
14278,1,198.2740936279297,36.63,0,1,0.87,0:50:28
14279,1,71.8073501586914,36.63,0,1,0.87,0:50:59
14280,1,45.1541862487793,36.63,0,1,0.87,0:48:50
14281,1,2.790159702301025,36.63,1,0,0.87,0:48:41
14282,1,15.55781936645508,36.63,0,1,0.87,0:52:55
14283,1,3.403828620910645,36.63,0,1,0.87,0:50:07
14284,1,31.71040916442871,36.63,0,1,0.87,0:52:55
14285,1,278.0640869140625,36.63,0,1,0.87,0:50:38
14286,1,95.99735260009766,36.63,0,1,0.87,0:52:04
14287,1,16.83182334899902,36.63,0,1,0.87,0:49:45
14288,1,407.7540283203125,36.63,1,0,0.87,0:48:33
14289,1,47.58063888549805,36.63,0,1,0.87,0:50:31
14290,1,214.3064422607422,36.63,1,0,0.87,0:43:00
14291,1,14.32654094696045,36.63,0,1,0.87,0:52:22
14292,1,15.488036155700678,36.63,0,1,0.87,0:48:25
14293,1,133.0,36.63,1,0,0.87,0:49:34
14294,1,16.00102424621582,36.63,0,1,0.87,0:49:53
14295,1,188.2260437011719,36.63,1,0,0.87,0:50:41
14296,1,38.46767807006836,36.63,1,0,0.87,0:49:35
14297,1,181.5143737792969,36.63,0,1,0.87,0:50:51
14298,1,302.9169311523438,36.63,0,1,0.87,0:52:00
14299,1,116.2873992919922,36.63,0,1,0.87,0:50:38
14300,1,11.8902006149292,36.63,1,0,0.87,0:52:16
14301,1,10.44776248931885,36.63,0,1,0.87,0:52:48
14302,1,193.57073974609384,36.63,0,1,0.87,0:52:09
14303,1,93.8056640625,36.63,1,0,0.87,0:50:42
14304,1,25.88694953918457,36.63,1,0,0.87,0:48:13
14305,1,193.57073974609384,36.63,0,1,0.87,0:50:29
14306,1,265.4263305664062,36.63,1,0,0.87,0:48:31
14307,1,254.7844543457031,36.63,0,1,0.87,0:49:55
14308,1,110.0474319458008,36.63,1,0,0.87,0:50:10
14309,1,17.05924987792969,36.63,0,1,0.87,0:52:54
14310,1,22.98846054077148,36.63,0,1,0.87,0:45:16
14311,1,16.83182334899902,36.63,0,1,0.87,0:49:06
14312,1,73.2974853515625,36.63,1,0,0.87,0:51:07
14313,1,281.7467041015625,36.63,0,1,0.87,0:51:12
14314,1,871.2239379882812,36.63,1,0,0.87,0:48:51
14315,1,29.08253288269043,36.63,0,1,0.87,0:50:28
14316,1,178.32672119140616,36.63,1,0,0.87,0:51:22
14317,1,56.084815979003906,36.63,0,1,0.87,0:52:56
14318,1,259.998291015625,36.63,0,1,0.87,0:52:05
14319,1,91.49476623535156,36.63,0,1,0.87,0:50:24
14320,1,48.91574478149414,36.63,1,0,0.87,0:49:31
14321,1,321.1102600097656,36.63,1,0,0.87,0:47:38
14322,1,167.9832916259766,36.63,0,1,0.87,0:52:46
14323,1,278.8641357421875,36.63,0,1,0.87,0:49:47
14324,1,181.5143737792969,36.63,1,0,0.87,0:49:00
14325,1,381.7543029785156,36.63,0,1,0.87,0:51:44
14326,1,194.29931640625,36.63,1,0,0.87,0:49:11
14327,1,159.2595977783203,36.63,0,1,0.87,0:53:19
14328,1,202.67291259765616,36.63,1,0,0.87,0:49:19
14329,1,79.58588409423828,36.63,0,1,0.87,0:49:10
14330,1,91.7226791381836,36.63,0,1,0.87,0:52:10
14331,1,58.99305725097656,36.63,0,1,0.87,0:50:47
14332,1,188.2260437011719,36.63,0,1,0.87,0:48:20
14333,1,387.5409545898438,36.63,0,1,0.87,0:51:42
14334,1,228.9803466796875,36.63,0,1,0.87,0:51:05
14335,1,51.877418518066406,36.63,0,1,0.87,0:49:36
14336,1,10.44776248931885,36.63,0,1,0.87,0:50:53
14337,1,83.9320068359375,36.63,0,1,0.87,0:49:30
14338,1,83.9320068359375,36.63,0,1,0.87,0:49:30
14339,1,100.44088745117192,36.63,1,0,0.87,0:50:47
14340,1,84.5443344116211,36.63,1,0,0.87,0:48:50
14341,1,12.58986759185791,36.63,1,0,0.87,0:51:53
14342,1,90.88842010498048,36.63,0,1,0.87,0:51:33
14343,1,16.84739112854004,36.63,0,1,0.87,0:52:41
14344,1,184.265625,36.63,0,1,0.87,0:53:57
14345,1,13.445884704589838,36.63,1,0,0.87,0:48:03
14346,1,110.2462005615234,36.63,0,1,0.87,0:50:33
14347,1,15.224977493286133,36.63,0,1,0.87,0:51:27
14348,1,32.52695846557617,36.63,0,1,0.87,0:52:23
14349,1,101.1581039428711,36.63,1,0,0.87,0:50:22
14350,1,1483.4283447265618,36.63,0,1,0.87,0:50:30
14351,1,376.7197570800781,36.63,1,0,0.87,0:46:32
14352,1,225.3484802246094,36.63,0,1,0.87,0:51:10
14353,1,16.83182334899902,36.63,0,1,0.87,0:51:25
14354,1,175.0360412597656,36.63,1,0,0.87,0:47:37
14355,1,263.49282836914057,36.63,0,1,0.87,0:50:16
14356,1,47.86614990234375,36.63,1,0,0.87,0:48:47
14357,1,71.8073501586914,36.63,0,1,0.87,0:51:47
14358,1,91.7226791381836,36.63,0,1,0.87,0:51:16
14359,1,89.6968994140625,36.63,0,1,0.87,0:51:53
14360,1,377.5501098632812,36.63,1,0,0.87,0:47:50
14361,1,376.7197570800781,36.63,1,0,0.87,0:47:51
14362,1,91.7226791381836,36.63,1,0,0.87,0:55:25
14363,1,95.99735260009766,36.63,1,0,0.87,0:52:05
14364,1,7.018228054046631,36.63,1,0,0.87,0:50:40
14365,1,231.64434814453116,36.63,1,0,0.87,0:50:01
14366,1,7.965522289276122,36.63,0,1,0.87,0:46:24
14367,1,55.27118682861328,36.63,1,0,0.87,0:52:01
14368,1,367.612060546875,36.63,0,1,0.87,0:50:15
14369,1,152.9394073486328,36.63,0,1,0.87,0:52:22
14370,1,20.61880683898926,36.63,0,1,0.87,0:53:20
14371,1,294.8055725097656,36.63,0,1,0.87,0:53:05
14372,1,232.5149993896484,36.63,0,1,0.87,0:52:22
14373,1,19.78066635131836,36.63,1,0,0.87,0:48:29
14374,1,74.7370834350586,36.63,0,1,0.87,0:53:20
14375,1,431.0684814453125,36.63,1,0,0.87,0:48:50
14376,1,31.52193450927734,36.63,1,0,0.87,0:45:19
14377,1,32.52695846557617,36.63,1,0,0.87,0:48:48
14378,1,196.8123321533203,36.63,0,1,0.87,0:52:21
14379,1,187.2318572998047,36.63,0,1,0.87,0:52:42
14380,1,39.47004318237305,36.63,0,1,0.87,0:51:39
14381,1,18.39153861999512,36.63,0,1,0.87,0:47:34
14382,1,113.1501693725586,36.63,1,0,0.87,0:51:06
14383,1,31.52193450927734,36.63,0,1,0.87,0:53:13
14384,1,426.9492797851562,36.63,1,0,0.87,0:55:05
14385,1,48.00765991210938,36.63,1,0,0.87,0:52:59
14386,1,254.7844543457031,36.63,0,1,0.87,0:51:45
14387,1,2133.544677734375,36.63,1,0,0.87,0:52:29
14388,1,14.070459365844732,36.63,0,1,0.87,0:51:58
14389,1,35.90165328979492,36.63,0,1,0.87,0:50:27
14390,1,436.7380065917969,36.63,0,1,0.87,0:50:33
14391,1,276.22885131835943,36.63,0,1,0.87,0:51:13
14392,1,226.05609130859384,36.63,0,1,0.87,0:51:34
14393,1,224.1054229736328,36.63,1,0,0.87,0:55:00
14394,1,295.5291137695312,36.63,0,1,0.87,0:51:41
14395,1,1360.286376953125,36.63,0,1,0.87,0:51:06
14396,1,10.44776248931885,36.63,0,1,0.87,0:47:56
14397,1,12.58986759185791,36.63,0,1,0.87,0:50:28
14398,1,114.7976837158203,36.63,0,1,0.87,0:51:59
14399,1,137.57452392578122,36.63,0,1,0.87,0:50:13
14400,1,254.7844543457031,36.63,0,1,0.87,0:49:02
14401,1,81.45307159423828,36.63,1,0,0.87,0:48:45
14402,1,24.55533409118652,36.63,0,1,0.87,0:51:55
14403,1,78.83722686767578,36.63,0,1,0.87,0:52:46
14404,1,259.998291015625,36.63,0,1,0.87,0:51:30
14405,1,140.6603088378906,36.63,1,0,0.87,0:53:14
14406,1,14.566981315612788,36.63,0,1,0.87,0:48:02
14407,1,136.21832275390622,36.63,0,1,0.87,0:53:14
14408,1,226.7956085205078,36.63,0,1,0.87,0:51:23
14409,1,267.48617553710943,36.63,0,1,0.87,0:47:57
14410,1,138.3722991943359,36.63,1,0,0.87,0:47:03
14411,1,544.2213134765625,36.63,1,0,0.87,0:44:07
14412,1,32.52695846557617,36.63,0,1,0.87,0:52:23
14413,1,228.9579772949219,36.63,0,1,0.87,0:52:33
14414,1,369.1832275390625,36.63,0,1,0.87,0:52:33
14415,1,189.8132629394531,36.63,1,0,0.87,0:51:31
14416,1,321.1102600097656,36.63,1,0,0.87,0:49:40
14417,1,1354.186645507812,36.63,0,1,0.87,0:47:19
14418,1,259.998291015625,36.63,1,0,0.87,0:50:42
14419,1,220.7496185302734,36.63,0,1,0.87,0:52:08
14420,1,317.7398071289062,36.63,1,0,0.87,0:46:45
14421,1,266.2826538085938,36.63,0,1,0.87,0:48:39
14422,1,263.49282836914057,36.63,0,1,0.87,0:52:14
14423,1,17.31131172180176,36.63,0,1,0.87,0:47:16
14424,1,13.445884704589838,36.63,1,0,0.87,0:51:34
14425,1,85.97801971435547,36.63,0,1,0.87,0:51:20
14426,1,353.0921325683594,36.63,0,1,0.87,0:50:04
14427,1,86.84709167480469,36.63,1,0,0.87,0:47:27
14428,1,406.9486083984375,36.63,1,0,0.87,0:51:44
14429,1,134.5782775878906,36.63,0,1,0.87,0:51:53
14430,1,16.83182334899902,36.63,1,0,0.87,0:50:43
14431,1,369.6962890625,36.63,1,0,0.87,0:50:26
14432,1,77.97574615478516,36.63,0,1,0.87,0:48:08
14433,1,10.44183731079102,36.63,0,1,0.87,0:48:46
14434,1,194.29931640625,36.63,1,0,0.87,0:51:45
14435,1,353.0921325683594,36.63,0,1,0.87,0:52:34
14436,1,194.29931640625,36.63,0,1,0.87,0:52:07
14437,1,20.73955917358398,36.63,1,0,0.87,0:52:07
14438,1,50.26950454711914,36.63,0,1,0.87,0:52:52
14439,1,28.50639724731445,36.63,1,0,0.87,0:50:13
14440,1,337.4805297851562,36.63,0,1,0.87,0:49:04
14441,1,56.084815979003906,36.63,0,1,0.87,0:52:16
14442,1,91.7226791381836,36.63,0,1,0.87,0:50:03
14443,1,1525.08740234375,36.63,1,0,0.87,0:52:21
14444,1,1496.893310546875,36.63,0,1,0.87,0:49:16
14445,1,320.4460144042969,36.63,0,1,0.87,0:51:02
14446,1,181.5143737792969,36.63,0,1,0.87,0:52:55
14447,1,23.42546081542969,36.63,0,1,0.87,0:51:41
14448,1,74.86676025390625,36.63,0,1,0.87,0:52:45
14449,1,186.5994720458984,36.63,0,1,0.87,0:52:29
14450,1,322.6423645019531,36.63,0,1,0.87,0:49:34
14451,1,277.4137573242188,36.63,0,1,0.87,0:51:48
14452,1,194.98760986328116,36.63,1,0,0.87,0:50:19
14453,1,0.5217891335487366,36.63,0,1,0.87,0:48:22
14454,1,35.90165328979492,36.63,1,0,0.87,0:52:36
14455,1,10.44776248931885,36.63,1,0,0.87,0:54:16
14456,1,505.1585388183594,36.63,1,0,0.87,0:51:11
14457,1,18.26416397094727,36.63,0,1,0.87,0:53:35
14458,1,296.9273376464844,36.63,0,1,0.87,0:48:53
14459,1,8.94913387298584,36.63,0,1,0.87,0:52:43
14460,1,113.0,36.63,1,0,0.87,0:47:31
14461,1,67.42513275146484,36.63,0,1,0.87,0:48:27
14462,1,259.2710571289062,36.63,0,1,0.87,0:52:09
14463,1,17.57425117492676,36.63,0,1,0.87,0:52:03
14464,1,779.2720947265625,36.63,0,1,0.87,0:50:41
14465,1,251.0852508544922,36.63,1,0,0.87,0:51:32
14466,1,14.566981315612788,36.63,1,0,0.87,0:47:19
14467,1,30.55678749084473,36.63,0,1,0.87,0:51:48
14468,1,12.25817584991455,36.63,0,1,0.87,0:51:34
14469,1,799.8717651367188,36.63,0,1,0.87,0:53:06
14470,1,251.0666656494141,36.63,1,0,0.87,0:53:19
14471,1,218.9133148193359,36.63,0,1,0.87,0:51:49
14472,1,43.62190246582031,36.63,0,1,0.87,0:49:47
14473,1,328.505859375,36.63,1,0,0.87,0:47:33
14474,1,56.084815979003906,36.63,1,0,0.87,0:49:50
14475,1,10.44183731079102,36.63,0,1,0.87,0:50:11
14476,1,3.6919877529144287,36.63,0,1,0.87,0:48:57
14477,1,21.64213752746582,36.63,1,0,0.87,0:50:56
14478,1,98.79670715332031,36.63,1,0,0.87,0:50:57
14479,1,113.2635650634766,36.63,1,0,0.87,0:50:29
14480,1,91.7226791381836,36.63,1,0,0.87,0:50:57
14481,1,287.1083679199219,36.63,1,0,0.87,0:49:31
14482,1,77.97574615478516,36.63,0,1,0.87,0:53:13
14483,1,85.97801971435547,36.63,1,0,0.87,0:50:45
14484,1,15.14613151550293,36.63,0,1,0.87,0:52:22
14485,1,2.9630379676818848,36.63,0,1,0.87,0:48:52
14486,1,28.41222763061523,36.63,0,1,0.87,0:51:05
14487,1,356.2357482910156,36.63,0,1,0.87,0:52:20
14488,1,131.4553527832031,36.63,0,1,0.87,0:47:50
14489,1,39.47004318237305,36.63,0,1,0.87,0:48:20
14490,1,272.28091430664057,36.63,0,1,0.87,0:52:15
14491,1,79.18527221679688,36.63,1,0,0.87,0:56:59
14492,1,239.3311767578125,36.63,1,0,0.87,0:49:30
14493,1,239.6719055175781,36.63,1,0,0.87,0:45:22
14494,1,8.43006706237793,36.63,1,0,0.87,0:53:17
14495,1,157.0987854003906,36.63,0,1,0.87,0:52:37
14496,1,222.7997283935547,36.63,0,1,0.87,0:51:29
14497,1,222.7997283935547,36.63,0,1,0.87,0:51:29
14498,1,67.05751800537111,36.63,1,0,0.87,0:50:51
14499,1,7.058139324188232,36.63,1,0,0.87,0:49:35
14500,1,79.19601440429688,36.63,0,1,0.87,0:49:20
14501,1,15.224977493286133,36.63,0,1,0.87,0:47:42
14502,1,249.0633392333984,36.63,1,0,0.87,0:45:48
14503,1,2.103271007537842,36.63,0,1,0.87,0:50:39
14504,1,1596.6729736328118,36.63,1,0,0.87,0:45:09
14505,1,4.71344518661499,36.63,1,0,0.87,0:48:45
14506,1,51.09162521362305,36.63,0,1,0.87,0:46:29
14507,1,15.55781936645508,36.63,1,0,0.87,0:43:16
14508,1,614.4942016601562,36.63,1,0,0.87,0:51:35
14509,1,1897.159912109375,36.63,0,1,0.87,0:53:10
14510,1,298.0540466308594,36.63,0,1,0.87,0:50:44
14511,1,48.1821517944336,36.63,1,0,0.87,0:49:35
14512,1,100.43994903564449,36.63,0,1,0.87,0:51:54
14513,1,86.84709167480469,36.63,0,1,0.87,0:48:30
14514,1,50.50469589233398,36.63,1,0,0.87,0:41:34
14515,1,1371.919311523438,36.63,1,0,0.87,0:52:42
14516,1,5.0,36.63,1,0,0.87,0:52:27
14517,1,224.8154296875,36.63,1,0,0.87,0:48:26
14518,1,15.224977493286133,36.63,0,1,0.87,0:51:28
14519,1,10.44776248931885,36.63,0,1,0.87,0:51:30
14520,1,31.05026245117188,36.63,0,1,0.87,0:49:37
14521,1,1140.048706054688,36.63,0,1,0.87,0:49:55
14522,1,86.84709167480469,36.63,0,1,0.87,0:49:07
14523,1,182.8224945068359,36.63,1,0,0.87,0:50:29
14524,1,207.0957794189453,36.63,0,1,0.87,0:51:12
14525,1,216.1820526123047,36.63,0,1,0.87,0:51:34
14526,1,187.9427490234375,36.63,1,0,0.87,0:51:14
14527,1,57.9035758972168,36.63,1,0,0.87,0:50:25
14528,1,141.2901458740234,36.63,0,1,0.87,0:53:00
14529,1,342.3138427734375,36.63,1,0,0.87,0:51:36
14530,1,22.07351303100586,36.63,0,1,0.87,0:51:05
14531,1,79.58588409423828,36.63,0,1,0.87,0:53:02
14532,1,252.5192565917969,36.63,0,1,0.87,0:53:02
14533,1,4.990877151489258,36.63,1,0,0.87,0:50:38
14534,1,197.583984375,36.63,1,0,0.87,0:46:43
14535,1,243.07574462890616,36.63,0,1,0.87,0:48:25
14536,1,1221.649291992188,36.63,0,1,0.87,0:52:36
14537,1,11.868617057800288,36.63,0,1,0.87,0:50:48
14538,1,33.92514419555664,36.63,1,0,0.87,0:51:03
14539,1,1623.9774169921882,36.63,0,1,0.87,0:50:55
14540,1,666.8341674804688,36.63,0,1,0.87,0:56:18
14541,1,10.44183731079102,36.63,0,1,0.87,0:49:31
14542,1,78.2785873413086,36.63,1,0,0.87,0:48:21
14543,1,361.4232177734375,36.63,1,0,0.87,0:49:49
14544,1,315.6446228027344,36.63,0,1,0.87,0:53:16
14545,1,259.998291015625,36.63,1,0,0.87,0:54:13
14546,1,141.2901458740234,36.63,0,1,0.87,0:50:47
14547,1,213.9208221435547,36.63,0,1,0.87,0:49:40
14548,1,767.4879150390625,36.63,0,1,0.87,0:48:54
14549,1,181.5143737792969,36.63,0,1,0.87,0:50:03
14550,1,154.5012359619141,36.63,1,0,0.87,0:49:37
14551,1,15.859853744506841,36.63,0,1,0.87,0:50:35
14552,1,161.9420623779297,36.63,1,0,0.87,0:52:59
14553,1,16.58113670349121,36.63,1,0,0.87,0:50:08
14554,1,19.23562431335449,36.63,1,0,0.87,0:50:54
14555,1,286.9538269042969,36.63,0,1,0.87,0:52:34
14556,1,61.94044494628906,36.63,0,1,0.87,0:47:58
14557,1,15.224977493286133,36.63,0,1,0.87,0:52:31
14558,1,10.44183731079102,36.63,1,0,0.87,0:50:17
14559,1,259.998291015625,36.63,0,1,0.87,0:54:05
14560,1,37.61764526367188,36.63,1,0,0.87,0:49:07
14561,1,188.2588348388672,36.63,0,1,0.87,0:51:16
14562,1,42.47363662719727,36.63,0,1,0.87,0:52:32
14563,1,181.5143737792969,36.63,0,1,0.87,0:51:40
14564,1,197.583984375,36.63,1,0,0.87,0:49:32
14565,1,215.0807952880859,36.63,0,1,0.87,0:50:43
14566,1,1525.08740234375,36.63,0,1,0.87,0:50:59
14567,1,22.17125129699707,36.63,0,1,0.87,0:51:06
14568,1,260.0,36.63,0,1,0.87,0:53:43
14569,1,194.4031066894531,36.63,0,1,0.87,0:48:09
14570,1,5.020810604095459,36.63,1,0,0.87,0:59:16
14571,1,11.05302143096924,36.63,1,0,0.87,0:48:03
14572,1,234.2509765625,36.63,0,1,0.87,0:52:35
14573,1,259.998291015625,36.63,0,1,0.87,0:52:21
14574,1,9.87485122680664,36.63,0,1,0.87,0:50:50
14575,1,14.566981315612788,36.63,0,1,0.87,0:50:18
14576,1,89.6968994140625,36.63,1,0,0.87,0:45:16
14577,1,131.0602111816406,36.63,0,1,0.87,0:52:01
14578,1,181.5143737792969,36.63,0,1,0.87,0:51:11
14579,1,16.20237159729004,36.63,0,1,0.87,0:46:10
14580,1,366.3657531738281,36.63,0,1,0.87,0:50:47
14581,1,71.8073501586914,36.63,0,1,0.87,0:49:39
14582,1,51.03147506713867,36.63,1,0,0.87,0:52:08
14583,1,193.5811462402344,36.63,1,0,0.87,0:51:19
14584,1,222.7997283935547,36.63,0,1,0.87,0:50:00
14585,1,304.7581176757812,36.63,0,1,0.87,0:51:54
14586,1,15.55781936645508,36.63,0,1,0.87,0:52:24
14587,1,176.01483154296884,36.63,0,1,0.87,0:51:33
14588,1,18.64817237854004,36.63,0,1,0.87,0:51:14
14589,1,159.2595977783203,36.63,1,0,0.87,0:50:07
14590,1,10.44183731079102,36.63,1,0,0.87,0:49:47
14591,1,158.6006774902344,36.63,1,0,0.87,0:47:26
14592,1,444.5416870117188,36.63,1,0,0.87,0:49:18
14593,1,11.185022354125982,36.63,0,1,0.87,0:54:29
14594,1,263.1090087890625,36.63,1,0,0.87,0:46:28
14595,1,259.998291015625,36.63,1,0,0.87,0:49:26
14596,1,15.93889045715332,36.63,0,1,0.87,0:52:24
14597,1,328.505859375,36.63,0,1,0.87,0:48:54
14598,1,159.2595977783203,36.63,0,1,0.87,0:52:28
14599,1,284.8039245605469,36.63,0,1,0.87,0:52:51
14600,1,194.98760986328116,36.63,0,1,0.87,0:50:23
14601,1,260.55117797851557,36.63,0,1,0.87,0:52:28
14602,1,91.46649932861328,36.63,0,1,0.87,0:49:18
14603,1,140.6603088378906,36.63,1,0,0.87,0:50:27
14604,1,200.3335113525391,36.63,0,1,0.87,0:51:29
14605,1,1831.0819091796882,36.63,0,1,0.87,0:50:23
14606,1,53.399818420410156,36.63,0,1,0.87,0:48:54
14607,1,3.297203540802002,36.63,0,1,0.87,0:53:14
14608,1,1883.18408203125,36.63,0,1,0.87,0:51:44
14609,1,157.4949645996094,36.63,1,0,0.87,0:49:04
14610,1,16.91690063476562,36.63,0,1,0.87,0:50:43
14611,1,10.44183731079102,36.63,0,1,0.87,0:51:29
14612,1,425.3714904785156,36.63,1,0,0.87,0:48:53
14613,1,36.906288146972656,36.63,0,1,0.87,0:52:58
14614,1,10.44183731079102,36.63,0,1,0.87,0:48:42
14615,1,291.1369323730469,36.63,0,1,0.87,0:51:36
14616,1,317.6456298828125,36.63,0,1,0.87,0:51:28
14617,1,77.3214340209961,36.63,1,0,0.87,0:48:33
14618,1,32.573501586914055,36.63,0,1,0.87,0:49:17
14619,1,173.33251953125,36.63,1,0,0.87,0:54:46
14620,1,1.8523489236831672,36.63,1,0,0.87,0:50:27
14621,1,1.8523489236831672,36.63,1,0,0.87,0:50:27
14622,1,16.09579086303711,36.63,0,1,0.87,0:49:06
14623,1,2.790159702301025,36.63,1,0,0.87,0:50:46
14624,1,133.0,36.63,0,1,0.87,0:49:33
14625,1,421.3871459960938,36.63,0,1,0.87,0:55:21
14626,1,178.32672119140616,36.63,1,0,0.87,0:47:42
14627,1,254.7844543457031,36.63,0,1,0.87,0:50:45
14628,1,22.02380752563477,36.63,0,1,0.87,0:53:03
14629,1,200.6321105957031,36.63,0,1,0.87,0:52:12
14630,1,54.23469924926758,36.63,0,1,0.87,0:53:01
14631,1,8.082205772399902,36.63,1,0,0.87,0:52:38
14632,1,222.6948394775391,36.63,1,0,0.87,0:52:32
14633,1,1332.598876953125,36.63,1,0,0.87,0:48:50
14634,1,314.2830200195312,36.63,0,1,0.87,0:52:53
14635,1,14.566981315612788,36.63,0,1,0.87,0:52:02
14636,1,159.2595977783203,36.63,1,0,0.87,0:52:20
14637,1,8.194785118103027,36.63,1,0,0.87,0:50:58
14638,1,3.857389688491821,36.63,1,0,0.87,0:55:13
14639,1,88.40628051757812,36.63,1,0,0.87,0:56:55
14640,1,91.7226791381836,36.63,1,0,0.87,0:46:39
14641,1,318.9283142089844,36.63,0,1,0.87,0:52:58
14642,1,1360.286376953125,36.63,0,1,0.87,0:51:24
14643,1,222.7997283935547,36.63,1,0,0.87,0:44:07
14644,1,66.19444274902344,36.63,0,1,0.87,0:52:08
14645,1,53.25222396850586,36.63,0,1,0.87,0:50:08
14646,1,112.9837417602539,36.63,0,1,0.87,0:52:55
14647,1,35.90165328979492,36.63,0,1,0.87,0:52:55
14648,1,232.7333984375,36.63,0,1,0.87,0:49:48
14649,1,259.998291015625,36.63,0,1,0.87,0:55:05
14650,1,10.44183731079102,36.63,0,1,0.87,0:50:14
14651,1,194.29931640625,36.63,0,1,0.87,0:51:23
14652,1,5.707690715789795,36.63,0,1,0.87,0:49:10
14653,1,104.0583648681641,36.63,1,0,0.87,0:50:16
14654,1,10.65874290466309,36.63,1,0,0.87,0:46:28
14655,1,633.0903930664062,36.63,1,0,0.87,0:45:39
14656,1,158.8190002441406,36.63,0,1,0.87,0:51:28
14657,1,14.566981315612788,36.63,0,1,0.87,0:47:37
14658,1,37.5223388671875,36.63,0,1,0.87,0:49:32
14659,1,12.89237785339355,36.63,0,1,0.87,0:51:12
14660,1,140.58866882324222,36.63,1,0,0.87,0:55:25
14661,1,204.43212890625,36.63,1,0,0.87,0:51:55
14662,1,16.66305160522461,36.63,0,1,0.87,0:51:30
14663,1,38.128883361816406,36.63,0,1,0.87,0:50:39
14664,1,7.79767894744873,36.63,0,1,0.87,0:52:39
14665,1,20.93185806274414,36.63,1,0,0.87,0:50:51
14666,1,33.1964111328125,36.63,1,0,0.87,0:50:24
14667,1,15.55781936645508,36.63,0,1,0.87,0:52:36
14668,1,91.7226791381836,36.63,0,1,0.87,0:52:18
14669,1,270.184326171875,36.63,1,0,0.87,0:51:14
14670,1,9.294014930725098,36.63,1,0,0.87,0:51:03
14671,1,1354.186645507812,36.63,0,1,0.87,0:50:35
14672,1,122.5372314453125,36.63,0,1,0.87,0:50:45
14673,1,102.18041229248051,36.63,0,1,0.87,0:51:07
14674,1,7.058139324188232,36.63,1,0,0.87,0:53:10
14675,1,222.7997283935547,36.63,0,1,0.87,0:52:29
14676,1,38.46767807006836,36.63,1,0,0.87,0:47:09
14677,1,131.7489013671875,36.63,1,0,0.87,0:48:39
14678,1,259.998291015625,36.63,0,1,0.87,0:51:59
14679,1,233.7287750244141,36.63,0,1,0.87,0:53:50
14680,1,665.6761474609375,36.63,0,1,0.87,0:51:30
14681,1,314.8971557617188,36.63,0,1,0.87,0:51:56
14682,1,10.44183731079102,36.63,0,1,0.87,0:49:58
14683,1,259.998291015625,36.63,0,1,0.87,0:46:48
14684,1,39.47004318237305,36.63,1,0,0.87,0:52:39
14685,1,188.2260437011719,36.63,1,0,0.87,0:49:39
14686,1,62.85785675048828,36.63,0,1,0.87,0:53:02
14687,1,259.998291015625,36.63,0,1,0.87,0:54:17
14688,1,3.4519014358520512,36.63,0,1,0.87,0:50:04
14689,1,206.3250579833984,36.63,0,1,0.87,0:51:31
14690,1,13.027480125427251,36.63,0,1,0.87,0:51:27
14691,1,219.4850006103516,36.63,0,1,0.87,0:53:24
14692,1,33.91964721679688,36.63,1,0,0.87,0:50:16
14693,1,86.05166625976562,36.63,1,0,0.87,0:50:57
14694,1,249.9365234375,36.63,0,1,0.87,0:51:50
14695,1,126.1217880249023,36.63,0,1,0.87,0:51:24
14696,1,16.84739112854004,36.63,1,0,0.87,0:52:24
14697,1,55.65824508666992,36.63,0,1,0.87,0:53:05
14698,1,237.44512939453116,36.63,1,0,0.87,0:47:39
14699,1,186.5994720458984,36.63,0,1,0.87,0:53:18
14700,1,285.6537780761719,36.63,0,1,0.87,0:51:27
14701,1,17.05924987792969,36.63,0,1,0.87,0:49:36
14702,1,128.8790588378906,36.63,1,0,0.87,0:50:29
14703,1,374.1132507324219,36.63,0,1,0.87,0:51:38
14704,1,64.65290069580078,36.63,1,0,0.87,0:51:21
14705,1,2136.445068359375,36.63,0,1,0.87,0:51:30
14706,1,149.1394653320312,36.63,1,0,0.87,0:49:56
14707,1,47.62214660644531,36.63,1,0,0.87,0:49:55
14708,1,57.82163619995117,36.63,1,0,0.87,0:49:01
14709,1,137.57452392578122,36.63,1,0,0.87,0:48:54
14710,1,342.0,36.63,0,1,0.87,0:47:53
14711,1,15.55781936645508,36.63,0,1,0.87,0:48:13
14712,1,10.75895500183105,36.63,1,0,0.87,0:52:30
14713,1,41.98091506958008,36.63,0,1,0.87,0:54:10
14714,1,400.4389343261719,36.63,1,0,0.87,0:48:08
14715,1,253.5734710693359,36.63,1,0,0.87,0:51:36
14716,1,34.247421264648445,36.63,1,0,0.87,0:50:33
14717,1,12.98973751068115,36.63,1,0,0.87,0:43:20
14718,1,374.1132507324219,36.63,0,1,0.87,0:49:31
14719,1,202.05096435546884,36.63,0,1,0.87,0:52:22
14720,1,10.44183731079102,36.63,0,1,0.87,0:52:37
14721,1,43.62190246582031,36.63,0,1,0.87,0:50:51
14722,1,254.8965301513672,36.63,1,0,0.87,0:52:48
14723,1,291.1369323730469,36.63,0,1,0.87,0:52:26
14724,1,398.2716369628906,36.63,1,0,0.87,0:50:49
14725,1,271.85086059570307,36.63,0,1,0.87,0:54:01
14726,1,2147.357421875,36.63,1,0,0.87,0:51:16
14727,1,132.909912109375,36.63,0,1,0.87,0:50:28
14728,1,12.418041229248052,36.63,0,1,0.87,0:50:49
14729,1,10.44183731079102,36.63,0,1,0.87,0:52:10
14730,1,66.70815277099611,36.63,0,1,0.87,0:54:17
14731,1,259.998291015625,36.63,0,1,0.87,0:49:06
14732,1,43.62190246582031,36.63,0,1,0.87,0:50:43
14733,1,89.8837890625,36.63,1,0,0.87,0:52:51
14734,1,97.86534881591795,36.63,0,1,0.87,0:52:48
14735,1,5.772377490997314,36.63,0,1,0.87,0:51:01
14736,1,18.05331420898438,36.63,0,1,0.87,0:52:39
14737,1,93.23233032226562,36.63,0,1,0.87,0:52:54
14738,1,1332.598876953125,36.63,0,1,0.87,0:47:03
14739,1,18.26416397094727,36.63,0,1,0.87,0:52:08
14740,1,17.3270263671875,36.63,0,1,0.87,0:53:27
14741,1,233.2363739013672,36.63,0,1,0.87,0:45:04
14742,1,159.2595977783203,36.63,0,1,0.87,0:54:35
14743,1,1594.9761962890618,36.63,1,0,0.87,0:46:45
14744,1,26.88188362121582,36.63,0,1,0.87,0:52:54
14745,1,187.0788269042969,36.63,1,0,0.87,0:50:43
14746,1,14.60348510742188,36.63,0,1,0.87,0:52:10
14747,1,5.445359230041504,36.63,0,1,0.87,0:52:41
14748,1,273.54550170898443,36.63,0,1,0.87,0:47:49
14749,1,56.084815979003906,36.63,0,1,0.87,0:46:08
14750,1,301.8386535644531,36.63,0,1,0.87,0:50:50
14751,1,277.0410766601562,36.63,1,0,0.87,0:47:44
14752,1,263.1090087890625,36.63,1,0,0.87,0:49:22
14753,1,767.4879150390625,36.63,1,0,0.87,0:48:33
14754,1,31.97005462646484,36.63,0,1,0.87,0:55:27
14755,1,102.7132339477539,36.63,1,0,0.87,0:50:10
14756,1,16.84739112854004,36.63,0,1,0.87,0:48:57
14757,1,14.566981315612788,36.63,0,1,0.87,0:51:08
14758,1,10.44776248931885,36.63,0,1,0.87,0:50:25
14759,1,169.4735870361328,36.63,1,0,0.87,0:50:41
14760,1,2251.90380859375,36.63,1,0,0.87,0:56:30
14761,1,20.15006828308105,36.63,1,0,0.87,0:53:13
14762,1,20.15006828308105,36.63,0,1,0.87,0:50:48
14763,1,10.44776248931885,36.63,1,0,0.87,0:48:11
14764,1,104.15274047851558,36.63,0,1,0.87,0:45:22
14765,1,611.3375244140625,36.63,0,1,0.87,0:51:07
14766,1,77.44851684570312,36.63,1,0,0.87,0:48:53
14767,1,35.90165328979492,36.63,1,0,0.87,0:56:53
14768,1,13.0,36.63,1,0,0.87,0:45:23
14769,1,1897.159912109375,36.63,0,1,0.87,0:51:25
14770,1,987.7908325195312,36.63,0,1,0.87,0:48:19
14771,1,15.224977493286133,36.63,0,1,0.87,0:49:17
14772,1,17.5898609161377,36.63,0,1,0.87,0:53:45
14773,1,21.98100280761719,36.63,1,0,0.87,0:51:13
14774,1,75.1241455078125,36.63,0,1,0.87,0:51:05
14775,1,75.1241455078125,36.63,1,0,0.87,0:47:54
14776,1,259.998291015625,36.63,1,0,0.87,0:49:18
14777,1,89.60826873779297,36.63,1,0,0.87,0:50:48
14778,1,7.965522289276122,36.63,1,0,0.87,0:50:18
14779,1,247.98284912109384,36.63,0,1,0.87,0:50:53
14780,1,330.9388732910156,36.63,0,1,0.87,0:50:34
14781,1,614.4942016601562,36.63,0,1,0.87,0:54:16
14782,1,5.455867290496826,36.63,0,1,0.87,0:51:10
14783,1,260.0,36.63,0,1,0.87,0:51:26
14784,1,10.44776248931885,36.63,1,0,0.87,0:57:10
14785,1,14.566981315612788,36.63,0,1,0.87,0:52:10
14786,1,71.8073501586914,36.63,1,0,0.87,0:53:02
14787,1,376.7197570800781,36.63,0,1,0.87,0:53:17
14788,1,50.82839584350586,36.63,0,1,0.87,0:52:55
14789,1,137.49957275390622,36.63,0,1,0.87,0:48:44
14790,1,24.13339424133301,36.63,1,0,0.87,0:49:11
14791,1,225.0845947265625,36.63,1,0,0.87,0:49:55
14792,1,364.6007995605469,36.63,1,0,0.87,0:56:04
14793,1,143.5821380615234,36.63,0,1,0.87,0:52:33
14794,1,331.5245056152344,36.63,0,1,0.87,0:50:04
14795,1,77.97574615478516,36.63,0,1,0.87,0:53:49
14796,1,666.8341674804688,36.63,0,1,0.87,0:54:37
14797,1,50.04737091064453,36.63,1,0,0.87,0:52:23
14798,1,224.4490051269531,36.63,0,1,0.87,0:48:49
14799,1,7.965522289276122,36.63,0,1,0.87,0:47:56
14800,1,127.01202392578121,36.63,0,1,0.87,0:51:55
14801,1,11.085031509399409,36.63,1,0,0.87,0:50:24
14802,1,148.9870300292969,36.63,1,0,0.87,0:47:53
14803,1,33.587997436523445,36.63,0,1,0.87,0:50:01
14804,1,315.9778747558594,36.63,0,1,0.87,0:53:10
14805,1,259.998291015625,36.63,0,1,0.87,0:52:44
14806,1,7.965522289276122,36.63,1,0,0.87,0:50:44
14807,1,306.636474609375,36.63,1,0,0.87,0:49:54
14808,1,666.8135986328125,36.63,1,0,0.87,0:46:18
14809,1,259.998291015625,36.63,0,1,0.87,0:50:02
14810,1,3.198105812072754,36.63,1,0,0.87,0:52:48
14811,1,10.44776248931885,36.63,1,0,0.87,0:51:16
14812,1,207.8486175537109,36.63,1,0,0.87,0:49:51
14813,1,378.2447204589844,36.63,0,1,0.87,0:52:26
14814,1,120.0,36.63,0,1,0.87,0:51:58
14815,1,10.452230453491213,36.63,0,1,0.87,0:51:12
14816,1,203.5947723388672,36.63,1,0,0.87,0:48:47
14817,1,377.1307067871094,36.63,0,1,0.87,0:50:08
14818,1,1412.0616455078118,36.63,0,1,0.87,0:49:17
14819,1,142.3699798583984,36.63,1,0,0.87,0:53:24
14820,1,10.44776248931885,36.63,1,0,0.87,0:52:33
14821,1,181.5143737792969,36.63,1,0,0.87,0:46:12
14822,1,8.85274600982666,36.63,1,0,0.87,0:50:19
14823,1,5.664112567901611,36.63,1,0,0.87,0:47:58
14824,1,431.0298461914062,36.63,0,1,0.87,0:51:50
14825,1,7.603908061981201,36.63,0,1,0.87,0:54:09
14826,1,153.0057525634766,36.63,0,1,0.87,0:54:38
14827,1,140.9563293457031,36.63,0,1,0.87,0:48:34
14828,1,237.44512939453116,36.63,0,1,0.87,0:52:57
14829,1,7.058139324188232,36.63,1,0,0.87,0:55:34
14830,1,9.87485122680664,36.63,1,0,0.87,0:48:06
14831,1,10.44776248931885,36.63,1,0,0.87,0:47:55
14832,1,189.2773132324219,36.63,1,0,0.87,0:52:04
14833,1,1300.004516601562,36.63,0,1,0.87,0:49:47
14834,1,19.4232006072998,36.63,0,1,0.87,0:52:02
14835,1,307.5173950195312,36.63,0,1,0.87,0:53:12
14836,1,-0.9653611183166504,36.63,0,1,0.87,0:50:07
14837,1,368.8739624023438,36.63,0,1,0.87,0:52:47
14838,1,320.0387878417969,36.63,0,1,0.87,0:52:47
14839,1,453.0059814453125,36.63,0,1,0.87,0:49:48
14840,1,137.57452392578122,36.63,1,0,0.87,0:49:52
14841,1,194.7049560546875,36.63,1,0,0.87,0:49:07
14842,1,51.10973358154297,36.63,1,0,0.87,0:50:41
14843,1,2.7546546459198,36.63,0,1,0.87,0:49:05
14844,1,614.4942016601562,36.63,0,1,0.87,0:49:59
14845,1,226.05609130859384,36.63,1,0,0.87,0:49:56
14846,1,312.8492736816406,36.63,1,0,0.87,0:51:26
14847,1,4.784560680389403,36.63,0,1,0.87,0:48:22
14848,1,301.5379333496094,36.63,0,1,0.87,0:51:01
14849,1,39.47004318237305,36.63,1,0,0.87,0:52:43
14850,1,301.5379333496094,36.63,0,1,0.87,0:51:01
14851,1,91.7226791381836,36.63,0,1,0.87,0:53:03
14852,1,181.5143737792969,36.63,0,1,0.87,0:51:24
14853,1,104.5440673828125,36.63,1,0,0.87,0:47:28
14854,1,3.245586395263672,36.63,0,1,0.87,0:51:58
14855,1,36.19046020507812,36.63,1,0,0.87,0:51:36
14856,1,47.91899108886719,36.63,1,0,0.87,0:49:20
14857,1,25.88694953918457,36.63,1,0,0.87,0:46:11
14858,1,263.0969848632812,36.63,1,0,0.87,0:51:38
14859,1,27.48541641235352,36.63,0,1,0.87,0:53:02
14860,1,17.31131172180176,36.63,0,1,0.87,0:49:50
14861,1,204.2112731933594,36.63,0,1,0.87,0:51:29
14862,1,213.42681884765616,36.63,0,1,0.87,0:51:12
14863,1,52.2042465209961,36.63,1,0,0.87,0:49:56
14864,1,35.90165328979492,36.63,0,1,0.87,0:51:25
14865,1,193.57073974609384,36.63,1,0,0.87,0:48:56
14866,1,17.5898609161377,36.63,1,0,0.87,0:50:31
14867,1,282.704345703125,36.63,1,0,0.87,0:50:29
14868,1,17.3270263671875,36.63,1,0,0.87,0:52:31
14869,1,337.4805297851562,36.63,0,1,0.87,0:52:02
14870,1,202.9051818847656,36.63,1,0,0.87,0:42:48
14871,1,2.790159702301025,36.63,1,0,0.87,0:58:41
14872,1,20.80054664611816,36.63,1,0,0.87,0:47:19
14873,1,181.5143737792969,36.63,0,1,0.87,0:53:34
14874,1,15.030237197875982,36.63,1,0,0.87,0:52:26
14875,1,184.3111114501953,36.63,1,0,0.87,0:48:37
14876,1,841.2716064453125,36.63,0,1,0.87,0:52:14
14877,1,0.5368872284889221,36.63,0,1,0.87,0:52:34
14878,1,1452.274169921875,36.63,1,0,0.87,0:52:15
14879,1,36.19046020507812,36.63,0,1,0.87,0:53:46
14880,1,291.1369323730469,36.63,0,1,0.87,0:51:52
14881,1,2.790159702301025,36.63,1,0,0.87,0:58:42
14882,1,372.1288757324219,36.63,0,1,0.87,0:51:28
14883,1,8.94913387298584,36.63,1,0,0.87,0:52:41
14884,1,85.25727081298828,36.63,1,0,0.87,0:47:08
14885,1,10.44776248931885,36.63,0,1,0.87,0:49:54
14886,1,318.0594787597656,36.63,1,0,0.87,0:47:19
14887,2,1300.004516601562,36.63,0,1,0.87,0:49:41
14888,1,286.1327819824219,36.63,1,0,0.87,0:51:25
14889,1,2154.8720703125,36.63,0,1,0.87,0:51:15
14890,1,10.44183731079102,36.63,0,1,0.87,0:52:16
14891,1,124.5990829467773,36.63,0,1,0.87,0:51:36
14892,1,15.5554141998291,36.63,1,0,0.87,0:52:47
14893,1,260.406982421875,36.63,0,1,0.87,0:52:07
14894,1,71.8073501586914,36.63,1,0,0.87,0:52:51
14895,1,11.603414535522461,36.63,0,1,0.87,0:52:28
14896,1,484.7640075683594,36.63,1,0,0.87,0:52:53
14897,1,226.4858703613281,36.63,0,1,0.87,0:49:43
14898,1,35.99068832397461,36.63,0,1,0.87,0:53:15
14899,1,24.13339424133301,36.63,0,1,0.87,0:52:18
14900,1,320.0387878417969,36.63,0,1,0.87,0:53:22
14901,1,212.349853515625,36.63,1,0,0.87,0:47:10
14902,1,181.5143737792969,36.63,0,1,0.87,0:51:10
14903,1,27.25058937072754,36.63,0,1,0.87,0:51:28
14904,1,5.0914034843444815,36.63,0,1,0.87,0:47:06
14905,1,47.94073104858398,36.63,0,1,0.87,0:53:24
14906,1,10.44183731079102,36.63,0,1,0.87,0:50:13
14907,1,283.4095153808594,36.63,1,0,0.87,0:53:26
14908,1,51.877418518066406,36.63,1,0,0.87,0:48:31
14909,1,184.2229766845703,36.63,0,1,0.87,0:52:02
14910,1,9.294014930725098,36.63,1,0,0.87,0:52:57
14911,1,9.294014930725098,36.63,0,1,0.87,0:52:58
14912,1,19.01333236694336,36.63,1,0,0.87,0:51:11
14913,1,1046.732788085938,36.63,0,1,0.87,0:51:58
14914,1,231.8138275146484,36.63,0,1,0.87,0:49:52
14915,1,250.7317199707031,36.63,1,0,0.87,0:52:53
14916,1,614.4942016601562,36.63,0,1,0.87,0:54:52
14917,1,319.3475646972656,36.63,1,0,0.87,0:50:57
14918,1,58.93083190917969,36.63,0,1,0.87,0:51:51
14919,1,657.2290649414062,36.63,0,1,0.87,0:50:58
14920,1,28.34122467041016,36.63,0,1,0.87,0:52:46
14921,1,337.4805297851562,36.63,0,1,0.87,0:52:01
14922,1,18.05331420898438,36.63,0,1,0.87,0:52:45
14923,1,1604.4976806640618,36.63,1,0,0.87,0:54:39
14924,1,6.0,36.63,1,0,0.87,0:49:25
14925,1,125.5648345947266,36.63,0,1,0.87,0:48:36
14926,1,779.2720947265625,36.63,0,1,0.87,0:50:53
14927,1,207.7099151611328,36.63,1,0,0.87,0:46:33
14928,1,14.32654094696045,36.63,1,0,0.87,0:49:37
14929,1,9.22296905517578,36.63,0,1,0.87,0:51:08
14930,1,15.4834680557251,36.63,1,0,0.87,0:52:55
14931,1,9.017118453979492,36.63,1,0,0.87,0:53:19
14932,1,148.55224609375,36.63,0,1,0.87,0:50:24
14933,1,19.78066635131836,36.63,0,1,0.87,0:52:00
14934,1,152.9582672119141,36.63,0,1,0.87,0:51:00
14935,1,5.767207145690918,36.63,0,1,0.87,0:53:02
14936,1,98.79670715332031,36.63,0,1,0.87,0:49:08
14937,1,181.5143737792969,36.63,0,1,0.87,0:51:04
14938,1,6.240824699401856,36.63,1,0,0.87,0:49:54
14939,1,104.0583648681641,36.63,1,0,0.87,0:51:00
14940,1,10.44776248931885,36.63,0,1,0.87,0:51:36
14941,1,7.965522289276122,36.63,0,1,0.87,0:54:52
14942,1,18.05331420898438,36.63,0,1,0.87,0:53:04
14943,1,10.44183731079102,36.63,0,1,0.87,0:49:20
14944,1,11.0,36.63,1,0,0.87,0:49:22
14945,1,8.071707725524902,36.63,1,0,0.87,0:49:44
14946,1,55.22239303588867,36.63,1,0,0.87,0:51:56
14947,1,272.28091430664057,36.63,0,1,0.87,0:51:20
14948,1,6.262023448944093,36.63,1,0,0.87,0:51:15
14949,1,100.36962127685551,36.63,0,1,0.87,0:50:49
14950,1,9.664861679077148,36.63,0,1,0.87,0:50:55
14951,1,39.64147567749023,36.63,0,1,0.87,0:52:38
14952,1,275.03494262695307,36.63,1,0,0.87,0:57:14
14953,1,311.047607421875,36.63,1,0,0.87,0:47:24
14954,1,181.5143737792969,36.63,0,1,0.87,0:52:28
14955,1,222.7997283935547,36.63,0,1,0.87,0:52:26
14956,1,15.224977493286133,36.63,0,1,0.87,0:51:28
14957,1,7.965522289276122,36.63,1,0,0.87,0:45:26
14958,1,215.5704803466797,36.63,0,1,0.87,0:49:07
14959,1,134.9916687011719,36.63,0,1,0.87,0:54:23
14960,1,14.566981315612788,36.63,1,0,0.87,0:51:30
14961,1,120.8983688354492,36.63,1,0,0.87,0:48:44
14962,1,151.7768249511719,36.63,1,0,0.87,0:45:57
14963,1,374.1132507324219,36.63,0,1,0.87,0:53:07
14964,1,225.7191925048828,36.63,0,1,0.87,0:51:36
14965,1,315.9778747558594,36.63,1,0,0.87,0:51:26
14966,1,56.084815979003906,36.63,0,1,0.87,0:52:51
14967,1,141.1389312744141,36.63,0,1,0.87,0:48:22
14968,1,319.6967468261719,36.63,1,0,0.87,0:51:12
14969,1,181.5143737792969,36.63,0,1,0.87,0:49:45
14970,1,314.1141662597656,36.63,0,1,0.87,0:52:28
14971,1,231.64434814453116,36.63,0,1,0.87,0:49:23
14972,1,51.877418518066406,36.63,1,0,0.87,0:52:14
14973,1,10.96754741668701,36.63,1,0,0.87,0:49:51
14974,1,22.33357238769531,36.63,1,0,0.87,0:49:56
14975,1,4.303764820098877,36.63,0,1,0.87,0:51:25
14976,1,159.2595977783203,36.63,0,1,0.87,0:53:27
14977,1,13.074999809265142,36.63,0,1,0.87,0:53:27
14978,1,42.68008041381836,36.63,0,1,0.87,0:53:03
14979,1,106.87122344970699,36.63,1,0,0.87,0:45:00
14980,1,151.7768249511719,36.63,0,1,0.87,0:50:44
14981,1,10.44776248931885,36.63,1,0,0.87,0:56:24
14982,1,484.7640075683594,36.63,1,0,0.87,0:48:35
14983,1,207.2844543457031,36.63,0,1,0.87,0:49:44
14984,1,211.8292083740234,36.63,1,0,0.87,0:49:35
14985,1,47.11692810058594,36.63,1,0,0.87,0:50:34
14986,1,50.26950454711914,36.63,0,1,0.87,0:54:37
14987,1,13.973583221435552,36.63,1,0,0.87,0:51:30
14988,1,71.8073501586914,36.63,0,1,0.87,0:52:12
14989,1,337.2790222167969,36.63,1,0,0.87,0:46:11
14990,1,2.1581254005432133,36.63,0,1,0.87,0:51:53
14991,1,251.80560302734384,36.63,1,0,0.87,0:46:11
14992,1,278.0033569335938,36.63,0,1,0.87,0:49:15
14993,1,115.74493408203121,36.63,1,0,0.87,0:48:24
14994,1,666.8341674804688,36.63,1,0,0.87,0:49:02
14995,1,2554.609619140625,36.63,0,1,0.87,0:51:11
14996,1,205.6886901855469,36.63,0,1,0.87,0:55:08
14997,1,428.7605285644531,36.63,0,1,0.87,0:50:55
14998,1,131.7489013671875,36.63,1,0,0.87,0:49:01
14999,1,23.67902565002441,36.63,0,1,0.87,0:51:47
15000,1,137.57452392578122,36.63,0,1,0.87,0:50:59
15001,1,168.5711822509766,36.63,0,1,0.87,0:54:11
15002,1,331.5245056152344,36.63,0,1,0.87,0:52:05
15003,1,321.1102600097656,36.63,0,1,0.87,0:50:52
15004,1,113.38473510742192,36.63,0,1,0.87,0:57:01
15005,1,1596.6729736328118,36.63,0,1,0.87,0:53:44
15006,1,52.69355010986328,36.63,1,0,0.87,0:47:05
15007,1,194.29931640625,36.63,1,0,0.87,0:51:56
15008,1,6.262023448944093,36.63,0,1,0.87,0:50:05
15009,1,320.0387878417969,36.63,0,1,0.87,0:50:34
15010,1,1596.6729736328118,36.63,0,1,0.87,0:49:44
15011,1,14.566981315612788,36.63,1,0,0.87,0:48:52
15012,1,100.3898162841797,36.63,0,1,0.87,0:50:11
15013,1,247.7964324951172,36.63,0,1,0.87,0:52:16
15014,1,171.5522155761719,36.63,0,1,0.87,0:50:41
15015,1,159.2595977783203,36.63,1,0,0.87,0:49:55
15016,1,259.998291015625,36.63,0,1,0.87,0:52:19
15017,1,53.62057876586914,36.63,0,1,0.87,0:52:54
15018,1,25.96640586853027,36.63,0,1,0.87,0:52:54
15019,1,184.2229766845703,36.63,1,0,0.87,0:46:51
15020,1,149.1394653320312,36.63,0,1,0.87,0:53:14
15021,1,0.6114726066589355,36.63,1,0,0.87,0:47:44
15022,1,14.36327362060547,36.63,0,1,0.87,0:51:36
15023,1,51.85509490966797,36.63,1,0,0.87,0:47:46
15024,1,2.790159702301025,36.63,1,0,0.87,0:46:55
15025,1,21.13623237609863,36.63,0,1,0.87,0:50:28
15026,1,331.5245056152344,36.63,0,1,0.87,0:53:30
15027,1,18.05331420898438,36.63,0,1,0.87,0:53:33
15028,1,266.2826538085938,36.63,1,0,0.87,0:52:51
15029,1,321.9679870605469,36.63,1,0,0.87,0:51:03
15030,1,24.55533409118652,36.63,1,0,0.87,0:50:13
15031,1,237.6291656494141,36.63,0,1,0.87,0:52:09
15032,1,15.55781936645508,36.63,1,0,0.87,0:50:16
15033,1,162.4347686767578,36.63,0,1,0.87,0:50:57
15034,1,156.9666442871094,36.63,0,1,0.87,0:52:55
15035,1,77.97574615478516,36.63,0,1,0.87,0:49:18
15036,1,183.4629821777344,36.63,1,0,0.87,0:52:24
15037,1,12.44330501556396,36.63,0,1,0.87,0:50:16
15038,1,15.224977493286133,36.63,0,1,0.87,0:49:00
15039,1,16.698308944702152,36.63,1,0,0.87,0:52:38
15040,1,12.58986759185791,36.63,0,1,0.87,0:50:59
15041,1,516.6248779296875,36.63,0,1,0.87,0:52:36
15042,1,181.5143737792969,36.63,0,1,0.87,0:50:25
15043,1,62.27024841308594,36.63,0,1,0.87,0:51:34
15044,1,20.80054664611816,36.63,1,0,0.87,0:49:43
15045,1,421.3871459960938,36.63,1,0,0.87,0:54:01
15046,1,214.3064422607422,36.63,0,1,0.87,0:47:21
15047,1,31.97005462646484,36.63,1,0,0.87,0:54:01
15048,1,376.4162902832031,36.63,0,1,0.87,0:52:38
15049,1,1290.2666015625,36.63,1,0,0.87,0:47:53
15050,1,27.39501571655273,36.63,0,1,0.87,0:50:09
15051,1,222.5667419433594,36.63,1,0,0.87,0:50:40
15052,1,1.475898504257202,36.63,1,0,0.87,0:52:43
15053,1,242.7269287109375,36.63,1,0,0.87,0:50:12
15054,1,290.8581237792969,36.63,0,1,0.87,0:47:04
15055,1,46.49349594116211,36.63,0,1,0.87,0:50:05
15056,1,254.7844543457031,36.63,0,1,0.87,0:48:29
15057,1,214.3064422607422,36.63,1,0,0.87,0:47:53
15058,1,182.7666320800781,36.63,0,1,0.87,0:51:10
15059,1,290.9824829101562,36.63,1,0,0.87,0:52:14
15060,1,221.2517395019531,36.63,0,1,0.87,0:49:55
15061,1,2375.322509765625,36.63,1,0,0.87,0:49:30
15062,1,37.14537048339844,36.63,1,0,0.87,0:51:31
15063,1,148.9870300292969,36.63,0,1,0.87,0:49:54
15064,1,64.17111968994139,36.63,1,0,0.87,0:50:01
15065,1,181.5143737792969,36.63,0,1,0.87,0:53:34
15066,1,505.1585388183594,36.63,0,1,0.87,0:53:11
15067,1,197.583984375,36.63,0,1,0.87,0:49:56
15068,1,33.1964111328125,36.63,0,1,0.87,0:54:02
15069,1,152.9394073486328,36.63,1,0,0.87,0:50:50
15070,1,39.47004318237305,36.63,1,0,0.87,0:52:00
15071,1,266.2826538085938,36.63,0,1,0.87,0:54:04
15072,1,9.416722297668457,36.63,0,1,0.87,0:50:57
15073,1,146.087158203125,36.63,0,1,0.87,0:54:09
15074,1,287.5038757324219,36.63,0,1,0.87,0:50:34
15075,1,17.05924987792969,36.63,1,0,0.87,0:54:13
15076,1,37.14537048339844,36.63,1,0,0.87,0:48:37
15077,1,16.00102424621582,36.63,0,1,0.87,0:51:10
15078,1,43.51861572265625,36.63,0,1,0.87,0:52:42
15079,1,105.59640502929692,36.63,0,1,0.87,0:51:32
15080,1,1084.511352539062,36.63,0,1,0.87,0:46:42
15081,1,22.78268432617188,36.63,0,1,0.87,0:49:24
15082,1,369.1832275390625,36.63,0,1,0.87,0:50:15
15083,1,35.99068832397461,36.63,0,1,0.87,0:53:14
15084,1,11.65360832214355,36.63,1,0,0.87,0:51:13
15085,1,7.150104522705077,36.63,0,1,0.87,0:49:34
15086,1,26.14098167419434,36.63,0,1,0.87,0:50:14
15087,1,14.566981315612788,36.63,1,0,0.87,0:49:03
15088,1,9.017118453979492,36.63,0,1,0.87,0:53:20
15089,1,367.612060546875,36.63,0,1,0.87,0:51:17
15090,1,46.06496810913086,36.63,0,1,0.87,0:50:10
15091,2,22.78268432617188,36.63,1,0,0.87,0:52:00
15092,1,1525.08740234375,36.63,0,1,0.87,0:48:37
15093,1,6.029303550720215,36.63,0,1,0.87,0:49:38
15094,1,5.767207145690918,36.63,0,1,0.87,0:51:53
15095,1,1300.004516601562,36.63,0,1,0.87,0:51:15
15096,1,5.734809875488281,36.63,0,1,0.87,0:51:22
15097,1,140.6603088378906,36.63,0,1,0.87,0:52:44
15098,1,5.734809875488281,36.63,0,1,0.87,0:51:22
15099,1,1046.732788085938,36.63,0,1,0.87,0:49:50
15100,1,3.995809555053712,36.63,1,0,0.87,0:53:12
15101,1,227.44183349609384,36.63,0,1,0.87,0:51:59
15102,1,56.084815979003906,36.63,1,0,0.87,0:40:32
15103,1,665.6761474609375,36.63,0,1,0.87,0:52:19
15104,1,14.534531593322749,36.63,0,1,0.87,0:52:02
15105,1,3.8890023231506343,36.63,1,0,0.87,0:51:14
15106,1,260.0,36.63,0,1,0.87,0:51:22
15107,1,59.33108520507812,36.63,0,1,0.87,0:50:21
15108,1,8.919455528259277,36.63,0,1,0.87,0:54:58
15109,1,31.52193450927734,36.63,0,1,0.87,0:51:55
15110,1,37.85586547851562,36.63,0,1,0.87,0:52:15
15111,1,185.813720703125,36.63,0,1,0.87,0:48:53
15112,1,284.4856872558594,36.63,0,1,0.87,0:52:07
15113,1,407.7540283203125,36.63,0,1,0.87,0:46:59
15114,1,14.566981315612788,36.63,0,1,0.87,0:51:58
15115,1,26.88188362121582,36.63,1,0,0.87,0:50:07
15116,1,1300.004516601562,36.63,0,1,0.87,0:48:55
15117,1,6.240824699401856,36.63,0,1,0.87,0:55:53
15118,1,24.11320304870605,36.63,0,1,0.87,0:52:19
15119,1,109.4568328857422,36.63,0,1,0.87,0:52:23
15120,1,182.7666320800781,36.63,1,0,0.87,0:50:21
15121,1,184.9769134521484,36.63,0,1,0.87,0:50:05
15122,1,9.989747047424316,36.63,0,1,0.87,0:53:25
15123,1,343.5472106933594,36.63,0,1,0.87,0:52:29
15124,1,57.1440315246582,36.63,0,1,0.87,0:51:06
15125,1,239.3311767578125,36.63,1,0,0.87,0:49:12
15126,1,296.8314819335938,36.63,0,1,0.87,0:53:39
15127,1,326.47265625,36.63,0,1,0.87,0:53:29
15128,1,1401.8861083984382,36.63,0,1,0.87,0:50:23
15129,1,37.9741325378418,36.63,0,1,0.87,0:50:59
15130,1,10.44183731079102,36.63,0,1,0.87,0:48:56
15131,1,259.998291015625,36.63,0,1,0.87,0:49:47
15132,1,288.1201171875,36.63,1,0,0.87,0:50:58
15133,1,13.973583221435552,36.63,0,1,0.87,0:51:31
15134,1,6.938945770263673,36.63,0,1,0.87,0:53:33
15135,1,821.1314086914062,36.63,0,1,0.87,0:51:55
15136,1,149.1394653320312,36.63,1,0,0.87,0:53:40
15137,1,14.566981315612788,36.63,1,0,0.87,0:49:51
15138,1,259.998291015625,36.63,0,1,0.87,0:49:23
15139,1,260.0,36.63,1,0,0.87,0:58:06
15140,1,16.84739112854004,36.63,0,1,0.87,0:53:45
15141,1,10.44776248931885,36.63,0,1,0.87,0:53:45
15142,1,116.9839324951172,36.63,1,0,0.87,0:52:05
15143,1,1046.732788085938,36.63,0,1,0.87,0:51:48
15144,1,232.5149993896484,36.63,0,1,0.87,0:51:02
15145,1,21.48448181152344,36.63,0,1,0.87,0:51:04
15146,1,183.4296722412109,36.63,1,0,0.87,0:50:52
15147,1,403.1315612792969,36.63,0,1,0.87,0:53:54
15148,1,1386.9697265625,36.63,0,1,0.87,0:48:47
15149,1,1413.3297119140618,36.63,0,1,0.87,0:53:31
15150,1,126.1217880249023,36.63,0,1,0.87,0:49:39
15151,1,382.388427734375,36.63,1,0,0.87,0:50:11
15152,1,24.5399284362793,36.63,0,1,0.87,0:50:43
15153,1,11.261268615722662,36.63,1,0,0.87,0:45:42
15154,1,29.1304931640625,36.63,0,1,0.87,0:49:54
15155,1,205.3276519775391,36.63,0,1,0.87,0:52:21
15156,1,380.0,36.63,1,0,0.87,0:46:56
15157,1,270.910888671875,36.63,1,0,0.87,0:46:56
15158,1,152.0,36.63,0,1,0.87,0:51:42
15159,1,24.17752647399902,36.63,0,1,0.87,0:50:55
15160,1,17.71962928771973,36.63,0,1,0.87,0:52:20
15161,1,37.45990753173828,36.63,0,1,0.87,0:54:29
15162,1,50.82839584350586,36.63,1,0,0.87,0:55:03
15163,1,303.936279296875,36.63,1,0,0.87,0:48:03
15164,1,236.34197998046884,36.63,0,1,0.87,0:51:55
15165,2,724.8308715820312,36.63,0,1,0.87,0:53:50
15166,1,309.4542541503906,36.63,1,0,0.87,0:52:24
15167,1,7.058139324188232,36.63,1,0,0.87,0:55:54
15168,1,108.5567169189453,36.63,0,1,0.87,0:53:01
15169,1,19.07254981994629,36.63,1,0,0.87,1:03:37
15170,1,12.63682746887207,36.63,0,1,0.87,0:51:32
15171,1,35.90165328979492,36.63,0,1,0.87,0:49:35
15172,1,724.8308715820312,36.63,0,1,0.87,0:51:03
15173,1,256.91897583007807,36.63,0,1,0.87,0:51:27
15174,1,10.44183731079102,36.63,0,1,0.87,0:48:58
15175,1,91.7226791381836,36.63,0,1,0.87,0:53:28
15176,1,377.5501098632812,36.63,1,0,0.87,0:42:35
15177,1,109.5065460205078,36.63,1,0,0.87,0:48:40
15178,1,141.9242706298828,36.63,1,0,0.87,0:51:40
15179,1,215.4762725830078,36.63,1,0,0.87,0:50:37
15180,1,380.0,36.63,0,1,0.87,0:52:32
15181,1,10.44776248931885,36.63,1,0,0.87,0:51:17
15182,1,205.1015930175781,36.63,1,0,0.87,0:53:48
15183,1,222.6948394775391,36.63,1,0,0.87,0:50:45
15184,1,292.7144165039062,36.63,0,1,0.87,0:52:34
15185,1,283.1936340332031,36.63,1,0,0.87,0:55:25
15186,1,32.12794876098633,36.63,0,1,0.87,0:50:22
15187,1,197.3086090087891,36.63,0,1,0.87,0:49:46
15188,1,102.4204788208008,36.63,1,0,0.87,0:53:50
15189,1,259.998291015625,36.63,1,0,0.87,0:52:50
15190,1,86.84709167480469,36.63,0,1,0.87,0:55:03
15191,1,7.193763732910156,36.63,0,1,0.87,0:53:02
15192,1,8.94913387298584,36.63,1,0,0.87,0:49:10
15193,1,287.5038757324219,36.63,0,1,0.87,0:54:20
15194,1,259.998291015625,36.63,1,0,0.87,0:47:40
15195,1,364.0152587890625,36.63,0,1,0.87,0:48:53
15196,1,24.78768730163574,36.63,0,1,0.87,0:53:58
15197,1,185.6349792480469,36.63,0,1,0.87,0:50:24
15198,1,56.46971130371094,36.63,0,1,0.87,0:50:47
15199,1,1.981086492538452,36.63,1,0,0.87,0:45:55
15200,1,187.5206451416016,36.63,0,1,0.87,0:50:48
15201,1,159.2595977783203,36.63,1,0,0.87,0:49:55
15202,1,10.44776248931885,36.63,0,1,0.87,0:53:35
15203,1,1134.373168945312,36.63,0,1,0.87,0:49:23
15204,1,15.55781936645508,36.63,0,1,0.87,0:48:48
15205,1,12.58986759185791,36.63,0,1,0.87,0:52:22
15206,1,14.534531593322749,36.63,0,1,0.87,0:52:02
15207,1,186.2136383056641,36.63,0,1,0.87,0:54:17
15208,1,59.02432632446289,36.63,1,0,0.87,0:52:21
15209,1,71.8073501586914,36.63,0,1,0.87,0:52:11
15210,1,288.391845703125,36.63,0,1,0.87,0:51:11
15211,1,81.51506042480469,36.63,1,0,0.87,0:47:59
15212,1,249.4813232421875,36.63,1,0,0.87,0:45:11
15213,1,11.89264678955078,36.63,0,1,0.87,0:47:15
15214,1,799.8717651367188,36.63,0,1,0.87,0:50:50
15215,1,107.6158905029297,36.63,0,1,0.87,0:49:40
15216,1,421.3871459960938,36.63,0,1,0.87,0:55:21
15217,1,9.807595252990724,36.63,1,0,0.87,0:52:21
15218,1,17.54564476013184,36.63,0,1,0.87,0:49:52
15219,1,17.54564476013184,36.63,0,1,0.87,0:49:52
15220,1,195.8337860107422,36.63,0,1,0.87,0:53:33
15221,1,31.97005462646484,36.63,0,1,0.87,0:49:09
15222,1,376.4162902832031,36.63,0,1,0.87,0:51:04
15223,1,8.94913387298584,36.63,0,1,0.87,0:49:45
15224,1,9.22296905517578,36.63,1,0,0.87,0:49:54
15225,1,298.6752014160156,36.63,0,1,0.87,0:51:51
15226,1,187.2318572998047,36.63,0,1,0.87,0:48:22
15227,1,189.2773132324219,36.63,1,0,0.87,0:45:25
15228,1,614.4942016601562,36.63,0,1,0.87,0:50:51
15229,1,15.224977493286133,36.63,1,0,0.87,0:51:31
15230,1,120.3196563720703,36.63,1,0,0.87,0:49:30
15231,1,283.1936340332031,36.63,0,1,0.87,0:54:17
15232,1,25.96640586853027,36.63,0,1,0.87,0:51:23
15233,1,10.44776248931885,36.63,1,0,0.87,0:48:08
15234,1,109.13800048828121,36.63,1,0,0.87,0:57:34
15235,1,12.82390880584717,36.63,1,0,0.87,0:53:20
15236,1,53.12876510620117,36.63,0,1,0.87,0:53:35
15237,1,135.8379821777344,36.63,1,0,0.87,0:49:17
15238,1,29.1304931640625,36.63,0,1,0.87,0:51:55
15239,1,67.31046295166016,36.63,1,0,0.87,0:52:31
15240,1,195.6720886230469,36.63,1,0,0.87,0:49:53
15241,1,3.857389688491821,36.63,0,1,0.87,0:51:19
15242,1,544.2213134765625,36.63,1,0,0.87,0:51:04
15243,1,54.23469924926758,36.63,0,1,0.87,0:50:53
15244,1,72.12626647949219,36.63,1,0,0.87,0:53:44
15245,1,10.65797519683838,36.63,0,1,0.87,0:50:30
15246,1,309.072265625,36.63,0,1,0.87,0:50:55
15247,1,86.84709167480469,36.63,0,1,0.87,0:52:50
15248,1,196.8123321533203,36.63,0,1,0.87,0:53:28
15249,3,42.47363662719727,36.63,0,1,0.87,0:52:30
15250,1,37.0,36.63,0,1,0.87,0:53:42
15251,1,75.07860565185547,36.63,0,1,0.87,0:51:21
15252,1,13.973583221435552,36.63,0,1,0.87,0:49:37
15253,1,232.9170684814453,36.63,0,1,0.87,0:51:28
15254,1,237.44512939453116,36.63,1,0,0.87,0:58:34
15255,1,1831.0819091796882,36.63,1,0,0.87,0:54:31
15256,1,234.2509765625,36.63,0,1,0.87,0:51:38
15257,1,16.83182334899902,36.63,0,1,0.87,0:51:14
15258,1,270.96609497070307,36.63,0,1,0.87,0:53:09
15259,1,183.2224578857422,36.63,1,0,0.87,0:57:15
15260,1,10.44183731079102,36.63,0,1,0.87,0:52:22
15261,1,142.791748046875,36.63,0,1,0.87,0:48:07
15262,1,13.973583221435552,36.63,0,1,0.87,0:49:18
15263,1,123.1515731811523,36.63,0,1,0.87,0:53:36
15264,1,1596.6729736328118,36.63,1,0,0.87,0:47:57
15265,1,41.21141815185547,36.63,0,1,0.87,0:50:57
15266,1,36.16746139526367,36.63,0,1,0.87,0:50:06
15267,1,10.44776248931885,36.63,0,1,0.87,0:51:37
15268,1,316.1890563964844,36.63,1,0,0.87,0:55:46
15269,1,588.7814331054688,36.63,1,0,0.87,0:52:05
15270,1,26.32793998718262,36.63,0,1,0.87,0:53:02
15271,1,7.640995979309082,36.63,1,0,0.87,0:51:26
15272,1,290.667724609375,36.63,0,1,0.87,0:50:55
15273,1,12.82390880584717,36.63,0,1,0.87,0:48:04
15274,1,88.09368896484375,36.63,1,0,0.87,0:51:07
15275,1,951.3828735351562,36.63,0,1,0.87,0:49:58
15276,1,16.38760757446289,36.63,1,0,0.87,0:51:22
15277,1,12.35730648040771,36.63,0,1,0.87,0:48:36
15278,1,50.26950454711914,36.63,0,1,0.87,0:49:51
15279,1,291.1369323730469,36.63,0,1,0.87,0:46:04
15280,1,205.3109893798828,36.63,1,0,0.87,0:48:55
15281,1,16.84739112854004,36.63,0,1,0.87,0:51:38
15282,1,1509.999267578125,36.63,1,0,0.87,0:48:05
15283,1,75.76431274414062,36.63,0,1,0.87,0:53:07
15284,1,315.6446228027344,36.63,1,0,0.87,0:51:38
15285,1,3.920108318328857,36.63,0,1,0.87,0:54:52
15286,1,248.9492492675781,36.63,0,1,0.87,0:51:50
15287,1,35.90165328979492,36.63,1,0,0.87,0:52:25
15288,1,108.9886856079102,36.63,1,0,0.87,0:50:57
15289,1,5.020810604095459,36.63,0,1,0.87,0:48:46
15290,1,841.2716064453125,36.63,0,1,0.87,0:52:14
15291,1,43.333152770996094,36.63,0,1,0.87,0:49:17
15292,1,116.73037719726558,36.63,0,1,0.87,0:49:06
15293,1,104.1072006225586,36.63,1,0,0.87,0:49:23
15294,1,22.02380752563477,36.63,0,1,0.87,0:50:44
15295,1,15.224977493286133,36.63,0,1,0.87,0:52:39
15296,1,260.0966186523438,36.63,0,1,0.87,0:45:44
15297,1,665.229248046875,36.63,1,0,0.87,0:54:52
15298,1,226.05609130859384,36.63,1,0,0.87,0:57:04
15299,1,1311.276123046875,36.63,0,1,0.87,0:50:34
15300,1,10.44183731079102,36.63,0,1,0.87,0:51:45
15301,1,120.8983688354492,36.63,0,1,0.87,0:46:59
15302,1,321.1102600097656,36.63,1,0,0.87,0:51:59
15303,1,15.859853744506841,36.63,1,0,0.87,0:50:22
15304,1,1046.732788085938,36.63,1,0,0.87,0:50:38
15305,1,1631.184326171875,36.63,1,0,0.87,0:53:38
15306,1,5.673779487609862,36.63,1,0,0.87,0:52:12
15307,1,149.1394653320312,36.63,0,1,0.87,0:52:48
15308,1,77.3214340209961,36.63,0,1,0.87,0:52:59
15309,1,133.0,36.63,1,0,0.87,0:46:56
15310,1,17.05924987792969,36.63,1,0,0.87,0:43:27
15311,1,354.3406982421875,36.63,0,1,0.87,0:50:21
15312,1,7.058139324188232,36.63,0,1,0.87,0:54:56
15313,1,288.391845703125,36.63,0,1,0.87,0:50:00
15314,1,26.03965759277344,36.63,1,0,0.87,0:49:46
15315,1,10.054220199584961,36.63,0,1,0.87,0:55:24
15316,1,153.0057525634766,36.63,0,1,0.87,0:52:15
15317,1,5.22021484375,36.63,0,1,0.87,0:52:45
15318,1,149.1394653320312,36.63,0,1,0.87,0:52:48
15319,1,20.15006828308105,36.63,1,0,0.87,0:49:58
15320,1,1623.9774169921882,36.63,0,1,0.87,0:53:10
15321,1,109.5122451782227,36.63,1,0,0.87,0:53:42
15322,1,196.8123321533203,36.63,1,0,0.87,0:52:32
15323,1,14.566981315612788,36.63,0,1,0.87,0:52:57
15324,1,51.94340515136719,36.63,0,1,0.87,0:51:41
15325,1,47.74106216430664,36.63,0,1,0.87,0:53:43
15326,1,179.9742889404297,36.63,0,1,0.87,0:53:22
15327,1,295.9783935546875,36.63,0,1,0.87,0:49:03
15328,1,277.9613037109375,36.63,1,0,0.87,0:47:09
15329,1,55.22239303588867,36.63,1,0,0.87,0:50:03
15330,1,5.22021484375,36.63,0,1,0.87,0:52:40
15331,1,259.998291015625,36.63,1,0,0.87,0:55:15
15332,1,50.50469589233398,36.63,1,0,0.87,0:50:02
15333,1,10.44776248931885,36.63,1,0,0.87,0:53:35
15334,1,1831.0819091796882,36.63,0,1,0.87,0:50:36
15335,1,67.15016174316406,36.63,0,1,0.87,0:51:09
15336,1,71.8073501586914,36.63,1,0,0.87,0:52:04
15337,1,1631.184326171875,36.63,1,0,0.87,0:50:46
15338,1,206.0412750244141,36.63,0,1,0.87,0:48:45
15339,1,43.62190246582031,36.63,1,0,0.87,0:50:34
15340,1,309.5330810546875,36.63,0,1,0.87,0:49:24
15341,1,334.2425842285156,36.63,0,1,0.87,0:53:21
15342,1,326.47265625,36.63,0,1,0.87,0:50:16
15343,1,31.97005462646484,36.63,1,0,0.87,0:56:10
15344,1,14.566981315612788,36.63,0,1,0.87,0:54:44
15345,1,11.603414535522461,36.63,1,0,0.87,0:49:11
15346,1,49.66553115844727,36.63,0,1,0.87,0:54:02
15347,1,42.68008041381836,36.63,1,0,0.87,0:53:17
15348,1,27.72600936889648,36.63,0,1,0.87,0:53:25
15349,1,90.65587615966795,36.63,1,0,0.87,0:49:13
15350,1,179.9742889404297,36.63,1,0,0.87,0:46:51
15351,1,219.4850006103516,36.63,1,0,0.87,0:49:27
15352,1,271.45523071289057,36.63,0,1,0.87,0:51:00
15353,1,259.2710571289062,36.63,0,1,0.87,0:52:38
15354,1,189.2627716064453,36.63,0,1,0.87,0:53:09
15355,1,381.7543029785156,36.63,1,0,0.87,0:49:37
15356,1,10.44183731079102,36.63,0,1,0.87,0:52:45
15357,1,181.5143737792969,36.63,0,1,0.87,0:51:22
15358,1,263.6666870117188,36.63,0,1,0.87,0:51:06
15359,1,196.8123321533203,36.63,1,0,0.87,0:53:29
15360,1,222.5667419433594,36.63,0,1,0.87,0:53:22
15361,1,20.10119247436523,36.63,0,1,0.87,0:51:43
15362,1,139.7082214355469,36.63,0,1,0.87,0:52:33
15363,1,194.29931640625,36.63,0,1,0.87,0:50:32
15364,1,15.224977493286133,36.63,0,1,0.87,0:52:14
15365,1,252.6790618896484,36.63,0,1,0.87,0:47:19
15366,1,568.9352416992188,36.63,1,0,0.87,0:50:32
15367,1,15.224977493286133,36.63,0,1,0.87,0:52:27
15368,1,91.75029754638672,36.63,0,1,0.87,0:54:08
15369,1,227.6149444580078,36.63,1,0,0.87,0:50:54
15370,1,1046.732788085938,36.63,0,1,0.87,0:50:43
15371,1,134.5782775878906,36.63,1,0,0.87,0:50:51
15372,1,225.5588531494141,36.63,0,1,0.87,0:49:41
15373,1,155.6639099121094,36.63,0,1,0.87,0:49:55
15374,1,39.67882919311523,36.63,0,1,0.87,0:52:54
15375,1,250.0541687011719,36.63,0,1,0.87,0:49:20
15376,1,91.7226791381836,36.63,0,1,0.87,0:49:56
15377,1,77.44851684570312,36.63,0,1,0.87,0:52:36
15378,1,2554.609619140625,36.63,1,0,0.87,0:50:32
15379,1,1336.354370117188,36.63,0,1,0.87,0:51:18
15380,1,246.8048858642578,36.63,0,1,0.87,0:53:51
15381,1,181.5143737792969,36.63,0,1,0.87,0:52:21
15382,1,236.7088165283203,36.63,1,0,0.87,0:52:25
15383,1,384.0559692382812,36.63,0,1,0.87,0:51:44
15384,1,7.79767894744873,36.63,1,0,0.87,0:49:11
15385,1,203.7541961669922,36.63,0,1,0.87,0:52:18
15386,1,1643.08056640625,36.63,0,1,0.87,0:54:05
15387,1,2.771689176559448,36.63,1,0,0.87,0:48:07
15388,1,144.13720703125,36.63,0,1,0.87,0:52:31
15389,1,49.35443496704102,36.63,1,0,0.87,0:49:18
15390,1,291.2162780761719,36.63,0,1,0.87,0:53:52
15391,1,10.44183731079102,36.63,0,1,0.87,0:51:58
15392,1,35.44179916381836,36.63,1,0,0.87,0:53:01
15393,1,168.5711822509766,36.63,0,1,0.87,0:49:13
15394,1,1089.23193359375,36.63,0,1,0.87,0:50:55
15395,1,101.82272338867192,36.63,0,1,0.87,0:52:38
15396,1,10.44776248931885,36.63,0,1,0.87,0:52:21
15397,1,31.52193450927734,36.63,0,1,0.87,0:52:45
15398,1,126.1217880249023,36.63,0,1,0.87,0:48:57
15399,1,119.56497192382808,36.63,1,0,0.87,0:51:31
15400,1,182.8224945068359,36.63,0,1,0.87,0:53:27
15401,1,20.03082084655762,36.63,0,1,0.87,0:48:28
15402,1,50.26950454711914,36.63,1,0,0.87,0:47:10
15403,1,7.209052085876465,36.63,1,0,0.87,0:50:44
15404,1,77.97574615478516,36.63,0,1,0.87,0:52:13
15405,1,86.84709167480469,36.63,1,0,0.87,0:53:24
15406,1,275.064453125,36.63,0,1,0.87,0:50:04
15407,1,122.6507949829102,36.63,0,1,0.87,0:52:10
15408,1,86.84709167480469,36.63,1,0,0.87,0:55:05
15409,1,200.7367095947266,36.63,0,1,0.87,0:51:56
15410,1,10.44776248931885,36.63,0,1,0.87,0:51:51
15411,1,73.2974853515625,36.63,1,0,0.87,0:53:07
15412,1,15.55781936645508,36.63,0,1,0.87,0:51:46
15413,1,10.44776248931885,36.63,0,1,0.87,0:54:54
15414,1,108.0,36.63,0,1,0.87,0:52:34
15415,1,180.7409820556641,36.63,1,0,0.87,0:53:19
15416,1,51.94340515136719,36.63,0,1,0.87,0:50:30
15417,1,1511.9442138671882,36.63,0,1,0.87,0:50:03
15418,1,91.7226791381836,36.63,0,1,0.87,0:52:16
15419,1,4.69460391998291,36.63,0,1,0.87,0:50:10
15420,1,11.8902006149292,36.63,0,1,0.87,0:50:25
15421,1,10.44776248931885,36.63,0,1,0.87,0:50:07
15422,1,314.8971557617188,36.63,0,1,0.87,0:54:02
15423,1,181.6018371582031,36.63,0,1,0.87,0:52:16
15424,1,27.39501571655273,36.63,1,0,0.87,0:50:50
15425,1,10.44776248931885,36.63,0,1,0.87,0:53:34
15426,1,1518.96630859375,36.63,0,1,0.87,0:52:13
15427,1,13.027480125427251,36.63,0,1,0.87,0:51:43
15428,1,18.05331420898438,36.63,1,0,0.87,0:45:02
15429,1,505.1585388183594,36.63,1,0,0.87,0:56:23
15430,1,31.97005462646484,36.63,0,1,0.87,0:53:12
15431,1,2758.343505859375,36.63,0,1,0.87,0:52:41
15432,1,174.9878692626953,36.63,0,1,0.87,0:53:14
15433,1,71.8073501586914,36.63,0,1,0.87,0:47:32
15434,1,107.1270523071289,36.63,1,0,0.87,0:54:07
15435,1,11.57025718688965,36.63,0,1,0.87,0:53:41
15436,1,11.378504753112788,36.63,0,1,0.87,0:48:48
15437,1,198.6672515869141,36.63,1,0,0.87,0:46:40
15438,1,39.21760559082031,36.63,1,0,0.87,0:53:51
15439,1,35.71042251586914,36.63,0,1,0.87,0:53:12
15440,1,6.029303550720215,36.63,0,1,0.87,0:48:58
15441,1,200.7367095947266,36.63,0,1,0.87,0:47:51
15442,1,181.5143737792969,36.63,0,1,0.87,0:52:16
15443,1,16.84457588195801,36.63,1,0,0.87,0:44:21
15444,1,184.9748992919922,36.63,0,1,0.87,0:50:55
15445,1,1541.9351806640618,36.63,0,1,0.87,0:50:42
15446,1,10.44776248931885,36.63,0,1,0.87,0:53:51
15447,1,51.25374603271485,36.63,0,1,0.87,0:53:17
15448,1,22.33357238769531,36.63,0,1,0.87,0:52:44
15449,1,1046.732788085938,36.63,0,1,0.87,0:52:10
15450,1,300.2761840820312,36.63,0,1,0.87,0:53:22
15451,1,15.5554141998291,36.63,0,1,0.87,0:52:33
15452,1,11.42669010162354,36.63,0,1,0.87,0:52:51
15453,1,126.1217880249023,36.63,0,1,0.87,0:50:51
15454,1,258.4131469726562,36.63,1,0,0.87,0:55:36
15455,1,149.9898223876953,36.63,1,0,0.87,0:52:57
15456,1,17.20283889770508,36.63,1,0,0.87,0:49:59
15457,1,194.7049560546875,36.63,1,0,0.87,0:48:56
15458,1,71.8073501586914,36.63,1,0,0.87,0:47:45
15459,1,486.5151062011719,36.63,0,1,0.87,0:53:28
15460,1,67.15016174316406,36.63,0,1,0.87,0:52:20
15461,1,37.5223388671875,36.63,0,1,0.87,0:51:00
15462,1,74.65789031982422,36.63,0,1,0.87,0:52:08
15463,1,189.5145568847656,36.63,0,1,0.87,0:51:29
15464,1,276.82778930664057,36.63,0,1,0.87,0:52:43
15465,1,332.7853698730469,36.63,1,0,0.87,0:51:46
15466,1,78.41130065917969,36.63,0,1,0.87,0:51:14
15467,1,289.4905090332031,36.63,0,1,0.87,0:50:18
15468,1,41.98091506958008,36.63,1,0,0.87,0:51:50
15469,1,244.1101379394531,36.63,1,0,0.87,0:47:34
15470,1,291.1369323730469,36.63,0,1,0.87,0:54:01
15471,1,41.98091506958008,36.63,1,0,0.87,0:51:50
15472,1,321.1102600097656,36.63,0,1,0.87,0:49:57
15473,1,180.7409820556641,36.63,0,1,0.87,0:49:49
15474,1,28.02807998657227,36.63,0,1,0.87,0:52:04
15475,1,320.0387878417969,36.63,1,0,0.87,0:52:06
15476,1,1.475898504257202,36.63,0,1,0.87,0:52:24
15477,1,131.4553527832031,36.63,0,1,0.87,0:50:01
15478,1,9.906204223632812,36.63,0,1,0.87,0:51:04
15479,1,140.58866882324222,36.63,0,1,0.87,0:49:04
15480,1,320.0387878417969,36.63,0,1,0.87,0:51:59
15481,1,91.7226791381836,36.63,0,1,0.87,0:51:12
15482,1,361.3132934570312,36.63,1,0,0.87,0:51:44
15483,1,167.9832916259766,36.63,0,1,0.87,0:50:25
15484,1,8.194785118103027,36.63,0,1,0.87,0:51:47
15485,1,311.047607421875,36.63,1,0,0.87,0:49:39
15486,1,266.2826538085938,36.63,1,0,0.87,0:50:10
15487,1,189.5145568847656,36.63,0,1,0.87,0:51:24
15488,1,151.7768249511719,36.63,0,1,0.87,0:49:57
15489,1,151.7768249511719,36.63,1,0,0.87,0:49:57
15490,1,36.19046020507812,36.63,1,0,0.87,0:54:21
15491,1,66.60700225830078,36.63,1,0,0.87,0:50:06
15492,1,544.2213134765625,36.63,0,1,0.87,0:50:59
15493,1,141.0436401367188,36.63,0,1,0.87,0:49:12
15494,1,648.312744140625,36.63,1,0,0.87,0:52:14
15495,1,264.586181640625,36.63,0,1,0.87,0:51:02
15496,1,21.54753112792969,36.63,0,1,0.87,0:52:13
15497,1,614.4942016601562,36.63,1,0,0.87,0:48:36
15498,1,10.44183731079102,36.63,0,1,0.87,0:52:58
15499,1,1460.8671875,36.63,0,1,0.87,0:52:44
15500,1,318.9974670410156,36.63,1,0,0.87,0:49:06
15501,1,10.44776248931885,36.63,0,1,0.87,0:50:53
15502,1,192.3983917236328,36.63,0,1,0.87,0:52:26
15503,1,16.84739112854004,36.63,1,0,0.87,0:53:07
15504,1,182.8298187255859,36.63,0,1,0.87,0:48:56
15505,1,19.45760154724121,36.63,1,0,0.87,0:48:09
15506,1,31.15179443359375,36.63,1,0,0.87,0:49:34
15507,1,428.7605285644531,36.63,0,1,0.87,0:50:44
15508,1,17.31131172180176,36.63,0,1,0.87,0:52:07
15509,1,122.36923217773442,36.63,1,0,0.87,0:51:17
15510,1,91.7226791381836,36.63,0,1,0.87,0:53:04
15511,1,71.8073501586914,36.63,1,0,0.87,0:53:41
15512,1,38.22609329223633,36.63,0,1,0.87,0:52:52
15513,1,31.97005462646484,36.63,1,0,0.87,0:55:13
15514,1,14.070459365844732,36.63,1,0,0.87,0:50:21
15515,1,71.8073501586914,36.63,0,1,0.87,0:51:54
15516,1,28.02807998657227,36.63,0,1,0.87,0:53:24
15517,1,26.17888259887695,36.63,1,0,0.87,0:55:37
15518,1,11.0,36.63,0,1,0.87,0:51:58
15519,1,182.8298187255859,36.63,0,1,0.87,0:54:03
15520,1,1597.0006103515618,36.63,0,1,0.87,0:52:17
15521,1,44.07643127441406,36.63,0,1,0.87,0:52:20
15522,1,6.090157508850098,36.63,1,0,0.87,0:48:53
15523,1,59.36979293823242,36.63,0,1,0.87,0:52:58
15524,1,354.3406982421875,36.63,0,1,0.87,0:57:03
15525,1,198.6544494628906,36.63,1,0,0.87,0:45:52
15526,1,259.998291015625,36.63,0,1,0.87,0:50:08
15527,1,1440.0677490234382,36.63,0,1,0.87,0:51:34
15528,1,259.998291015625,36.63,1,0,0.87,0:53:16
15529,1,174.0,36.63,1,0,0.87,0:51:34
15530,2,7.476866245269775,36.63,1,0,0.87,0:54:11
15531,1,93.74309539794922,36.63,1,0,0.87,0:47:29
15532,1,149.1394653320312,36.63,0,1,0.87,0:51:34
15533,1,2.790159702301025,36.63,1,0,0.87,0:52:29
15534,1,181.5143737792969,36.63,0,1,0.87,0:54:08
15535,1,44.07643127441406,36.63,0,1,0.87,0:48:21
15536,1,224.5060272216797,36.63,0,1,0.87,0:53:04
15537,1,211.3526458740234,36.63,0,1,0.87,0:52:56
15538,1,219.4654235839844,36.63,0,1,0.87,0:52:16
15539,1,822.3980712890625,36.63,0,1,0.87,0:53:45
15540,1,59.45031356811523,36.63,1,0,0.87,0:54:42
15541,1,28.003864288330078,36.63,1,0,0.87,0:50:51
15542,1,14.566981315612788,36.63,0,1,0.87,0:46:36
15543,1,18.28389739990234,36.63,1,0,0.87,0:52:16
15544,1,200.7367095947266,36.63,1,0,0.87,0:51:27
15545,1,1.4977959394454958,36.63,0,1,0.87,0:50:39
15546,1,285.1954345703125,36.63,0,1,0.87,0:51:20
15547,1,124.8535842895508,36.63,0,1,0.87,0:53:22
15548,1,0.1000000014901161,36.63,0,1,0.87,0:52:03
15549,1,12.766953468322749,36.63,0,1,0.87,0:52:24
15550,1,260.0966186523438,36.63,0,1,0.87,0:53:26
15551,1,186.8978118896484,36.63,1,0,0.87,0:50:47
15552,1,315.6446228027344,36.63,1,0,0.87,0:50:15
15553,1,169.7375946044922,36.63,1,0,0.87,0:46:57
15554,1,380.0,36.63,0,1,0.87,0:54:36
15555,1,5.251800537109375,36.63,1,0,0.87,0:50:49
15556,1,1941.854248046875,36.63,0,1,0.87,0:48:23
15557,1,291.6005554199219,36.63,1,0,0.87,0:47:34
15558,1,11.57025718688965,36.63,1,0,0.87,0:47:02
15559,1,167.9832916259766,36.63,0,1,0.87,0:54:11
15560,1,24.55533409118652,36.63,1,0,0.87,0:52:44
15561,1,9.294014930725098,36.63,1,0,0.87,0:51:24
15562,1,189.1244049072266,36.63,0,1,0.87,0:52:18
15563,1,41.98091506958008,36.63,1,0,0.87,0:47:26
15564,1,189.1244049072266,36.63,1,0,0.87,0:52:17
15565,1,331.5245056152344,36.63,1,0,0.87,0:51:46
15566,1,398.2716369628906,36.63,0,1,0.87,0:51:57
15567,1,16.83182334899902,36.63,0,1,0.87,0:51:44
15568,1,56.084815979003906,36.63,1,0,0.87,0:48:57
15569,1,259.998291015625,36.63,1,0,0.87,0:52:18
15570,1,14.070459365844732,36.63,0,1,0.87,0:52:40
15571,1,9.22296905517578,36.63,0,1,0.87,0:49:51
15572,1,105.6290054321289,36.63,1,0,0.87,0:50:54
15573,1,1.539181590080261,36.63,1,0,0.87,0:45:57
15574,1,180.3200225830078,36.63,0,1,0.87,0:50:00
15575,1,187.9427490234375,36.63,1,0,0.87,0:49:44
15576,1,120.9079360961914,36.63,1,0,0.87,0:50:46
15577,1,82.84881591796875,36.63,0,1,0.87,0:49:38
15578,1,8.194785118103027,36.63,0,1,0.87,0:51:47
15579,1,237.6291656494141,36.63,1,0,0.87,0:47:37
15580,1,39.12737655639648,36.63,0,1,0.87,0:50:17
15581,1,137.57452392578122,36.63,0,1,0.87,0:50:28
15582,1,822.3980712890625,36.63,0,1,0.87,0:49:34
15583,1,1544.9874267578118,36.63,1,0,0.87,0:52:02
15584,1,19.50230598449707,36.63,1,0,0.87,0:51:16
15585,1,287.84716796875,36.63,0,1,0.87,0:49:51
15586,1,222.7997283935547,36.63,0,1,0.87,0:52:38
15587,1,51.85509490966797,36.63,0,1,0.87,0:51:45
15588,1,4.641374111175537,36.63,0,1,0.87,0:50:08
15589,1,201.4784851074219,36.63,0,1,0.87,0:52:07
15590,1,492.4649047851562,36.63,0,1,0.87,0:52:45
15591,1,225.5588531494141,36.63,0,1,0.87,0:52:34
15592,1,194.29931640625,36.63,1,0,0.87,0:49:50
15593,1,149.1394653320312,36.63,0,1,0.87,0:52:48
15594,1,29.08253288269043,36.63,1,0,0.87,0:50:38
15595,1,194.29931640625,36.63,1,0,0.87,0:49:50
15596,1,137.6639404296875,36.63,0,1,0.87,0:53:20
15597,1,318.9283142089844,36.63,1,0,0.87,0:41:39
15598,1,186.06475830078116,36.63,1,0,0.87,0:51:24
15599,1,13.445884704589838,36.63,1,0,0.87,0:53:04
15600,1,71.6093521118164,36.63,0,1,0.87,0:52:55
15601,1,107.8356781005859,36.63,0,1,0.87,0:51:49
15602,1,75.89776611328125,36.63,1,0,0.87,0:49:06
15603,1,237.6291656494141,36.63,1,0,0.87,0:55:38
15604,1,5.111319541931152,36.63,1,0,0.87,0:53:15
15605,1,245.134033203125,36.63,1,0,0.87,0:42:49
15606,1,1105.029907226562,36.63,0,1,0.87,0:49:54
15607,1,196.8123321533203,36.63,1,0,0.87,0:52:42
15608,1,50.82839584350586,36.63,1,0,0.87,0:46:18
15609,1,138.9033355712891,36.63,1,0,0.87,0:49:21
15610,1,301.8386535644531,36.63,0,1,0.87,0:51:01
15611,1,16.83182334899902,36.63,0,1,0.87,0:52:07
15612,1,1360.286376953125,36.63,1,0,0.87,0:49:21
15613,1,1300.004516601562,36.63,0,1,0.87,0:52:21
15614,1,11.57025718688965,36.63,0,1,0.87,0:51:58
15615,1,20.68802642822266,36.63,1,0,0.87,0:52:21
15616,1,248.9492492675781,36.63,0,1,0.87,0:53:10
15617,1,248.9492492675781,36.63,0,1,0.87,0:52:50
15618,1,89.8837890625,36.63,0,1,0.87,0:50:10
15619,1,186.6773223876953,36.63,0,1,0.87,0:50:41
15620,1,17.90449142456055,36.63,1,0,0.87,0:48:27
15621,1,275.6912841796875,36.63,0,1,0.87,0:49:01
15622,1,10.44776248931885,36.63,1,0,0.87,0:54:20
15623,1,36.968177795410156,36.63,1,0,0.87,0:48:27
15624,1,10.44776248931885,36.63,0,1,0.87,0:54:20
15625,1,56.084815979003906,36.63,0,1,0.87,0:52:00
15626,1,146.0377807617188,36.63,0,1,0.87,0:51:55
15627,1,271.45523071289057,36.63,1,0,0.87,0:45:07
15628,1,117.1217575073242,36.63,1,0,0.87,0:54:14
15629,1,1511.2135009765618,36.63,0,1,0.87,0:49:24
15630,1,1596.6729736328118,36.63,0,1,0.87,0:53:01
15631,1,57.0,36.63,1,0,0.87,0:48:38
15632,1,226.9747467041016,36.63,1,0,0.87,0:50:39
15633,1,297.2536010742188,36.63,0,1,0.87,0:52:39
15634,1,11.34140872955322,36.63,0,1,0.87,0:52:55
15635,1,19.78066635131836,36.63,0,1,0.87,0:53:08
15636,1,181.5143737792969,36.63,0,1,0.87,0:53:09
15637,1,32.52695846557617,36.63,1,0,0.87,0:50:16
15638,1,75.07860565185547,36.63,0,1,0.87,0:43:56
15639,1,220.4464874267578,36.63,0,1,0.87,0:54:01
15640,1,275.03494262695307,36.63,0,1,0.87,0:53:52
15641,1,15.5554141998291,36.63,0,1,0.87,0:54:02
15642,1,7.058139324188232,36.63,0,1,0.87,0:53:25
15643,1,181.6105804443359,36.63,0,1,0.87,0:51:17
15644,1,16.83619689941406,36.63,0,1,0.87,0:51:37
15645,1,39.47004318237305,36.63,0,1,0.87,0:50:54
15646,1,16.83182334899902,36.63,1,0,0.87,0:53:11
15647,1,255.6479949951172,36.63,0,1,0.87,0:54:00
15648,1,57.9035758972168,36.63,0,1,0.87,0:54:00
15649,1,64.02103424072266,36.63,0,1,0.87,0:51:02
15650,1,56.084815979003906,36.63,0,1,0.87,0:55:44
15651,1,291.1369323730469,36.63,0,1,0.87,0:53:38
15652,1,22.25241279602051,36.63,1,0,0.87,0:50:50
15653,1,444.6157531738281,36.63,1,0,0.87,0:49:55
15654,1,202.67291259765616,36.63,1,0,0.87,0:53:18
15655,1,356.2755432128906,36.63,1,0,0.87,0:47:47
15656,1,12.55933380126953,36.63,0,1,0.87,0:51:25
15657,1,212.96917724609384,36.63,0,1,0.87,0:52:56
15658,1,662.5640869140625,36.63,0,1,0.87,0:52:04
15659,1,499.8729553222656,36.63,0,1,0.87,0:48:09
15660,1,353.0921325683594,36.63,0,1,0.87,0:48:56
15661,1,122.5372314453125,36.63,1,0,0.87,0:49:10
15662,1,255.7363433837891,36.63,0,1,0.87,0:51:22
15663,1,24.5399284362793,36.63,1,0,0.87,0:54:16
15664,1,6.351354598999023,36.63,0,1,0.87,0:51:43
15665,1,39.21760559082031,36.63,0,1,0.87,0:50:39
15666,1,0.5217891335487366,36.63,0,1,0.87,0:55:17
15667,1,1518.96630859375,36.63,0,1,0.87,0:51:33
15668,1,6.240824699401856,36.63,0,1,0.87,0:52:16
15669,1,421.3871459960938,36.63,0,1,0.87,0:52:03
15670,1,7.965522289276122,36.63,0,1,0.87,0:49:28
15671,1,111.1497421264648,36.63,1,0,0.87,0:52:24
15672,1,43.750282287597656,36.63,0,1,0.87,0:52:58
15673,1,241.50628662109384,36.63,0,1,0.87,0:46:37
15674,1,53.62057876586914,36.63,0,1,0.87,0:52:13
15675,1,31.15179443359375,36.63,1,0,0.87,0:50:34
15676,1,611.3375244140625,36.63,0,1,0.87,0:52:50
15677,1,375.6900024414062,36.63,0,1,0.87,0:47:43
15678,1,1.152796030044556,36.63,1,0,0.87,0:55:08
15679,1,47.26740264892578,36.63,0,1,0.87,0:52:26
15680,1,1354.186645507812,36.63,0,1,0.87,0:49:31
15681,1,110.2462005615234,36.63,0,1,0.87,0:53:46
15682,1,13.315147399902338,36.63,1,0,0.87,0:47:24
15683,1,181.5143737792969,36.63,0,1,0.87,0:54:23
15684,1,237.6291656494141,36.63,0,1,0.87,0:50:33
15685,1,1.7231634855270392,36.63,0,1,0.87,0:49:09
15686,1,48.10107803344727,36.63,1,0,0.87,0:49:46
15687,1,6.262023448944093,36.63,1,0,0.87,0:51:05
15688,1,175.8120269775391,36.63,0,1,0.87,0:53:03
15689,1,320.0387878417969,36.63,0,1,0.87,0:49:58
15690,1,31.97005462646484,36.63,1,0,0.87,0:56:12
15691,1,314.3878479003906,36.63,0,1,0.87,0:52:42
15692,1,127.28612518310551,36.63,0,1,0.87,0:53:37
15693,1,380.0,36.63,0,1,0.87,0:51:39
15694,1,324.6480712890625,36.63,0,1,0.87,0:55:08
15695,1,13.657986640930181,36.63,0,1,0.87,0:49:56
15696,1,611.3375244140625,36.63,0,1,0.87,0:55:08
15697,1,343.5472106933594,36.63,0,1,0.87,0:49:10
15698,1,31.52193450927734,36.63,0,1,0.87,0:49:37
15699,1,1525.08740234375,36.63,0,1,0.87,0:52:32
15700,1,67.31046295166016,36.63,1,0,0.87,0:48:57
15701,1,258.83737182617193,36.63,0,1,0.87,0:49:30
15702,1,134.9916687011719,36.63,0,1,0.87,0:52:21
15703,1,611.3375244140625,36.63,0,1,0.87,0:52:55
15704,1,187.2219390869141,36.63,0,1,0.87,0:50:34
15705,1,89.75692749023438,36.63,0,1,0.87,0:47:07
15706,1,26.97613716125488,36.63,0,1,0.87,0:53:47
15707,1,37.53836441040039,36.63,0,1,0.87,0:54:02
15708,1,254.6494445800781,36.63,0,1,0.87,0:54:18
15709,1,235.9955139160156,36.63,0,1,0.87,0:52:16
15710,1,266.2826538085938,36.63,0,1,0.87,0:54:18
15711,1,36.19046020507812,36.63,0,1,0.87,0:50:06
15712,1,16.66305160522461,36.63,1,0,0.87,0:51:20
15713,1,273.8560791015625,36.63,0,1,0.87,0:51:27
15714,1,127.01202392578121,36.63,0,1,0.87,0:54:17
15715,1,71.07490539550781,36.63,0,1,0.87,0:53:03
15716,1,270.6813354492188,36.63,0,1,0.87,0:54:14
15717,1,2554.609619140625,36.63,0,1,0.87,0:54:54
15718,1,1046.732788085938,36.63,0,1,0.87,0:53:50
15719,1,4.303764820098877,36.63,0,1,0.87,0:53:06
15720,1,4.303764820098877,36.63,0,1,0.87,0:53:06
15721,1,13.027480125427251,36.63,0,1,0.87,0:47:00
15722,1,142.791748046875,36.63,0,1,0.87,0:52:10
15723,1,25.37751960754395,36.63,0,1,0.87,0:52:37
15724,1,350.0142822265625,36.63,1,0,0.87,0:49:53
15725,1,1371.919311523438,36.63,1,0,0.87,0:53:09
15726,1,10.44776248931885,36.63,0,1,0.87,0:44:54
15727,1,421.3871459960938,36.63,0,1,0.87,0:54:48
15728,1,1596.6729736328118,36.63,1,0,0.87,0:53:50
15729,1,109.5065460205078,36.63,0,1,0.87,0:50:18
15730,1,484.7640075683594,36.63,0,1,0.87,0:48:55
15731,1,302.7876281738281,36.63,0,1,0.87,0:48:14
15732,1,15.224977493286133,36.63,0,1,0.87,0:52:02
15733,1,51.77383422851562,36.63,1,0,0.87,0:51:22
15734,1,263.76736450195307,36.63,1,0,0.87,0:51:59
15735,1,379.12353515625,36.63,0,1,0.87,0:51:08
15736,1,106.4913101196289,36.63,0,1,0.87,0:51:37
15737,1,7.965522289276122,36.63,0,1,0.87,0:51:59
15738,1,7.459250450134277,36.63,1,0,0.87,0:48:01
15739,1,9.87485122680664,36.63,0,1,0.87,0:48:33
15740,1,180.2863311767578,36.63,1,0,0.87,0:54:39
15741,1,278.07406616210943,36.63,1,0,0.87,0:51:34
15742,1,242.7269287109375,36.63,0,1,0.87,0:49:34
15743,1,206.0323028564453,36.63,1,0,0.87,0:53:35
15744,1,259.998291015625,36.63,0,1,0.87,0:51:59
15745,1,228.6362762451172,36.63,1,0,0.87,0:51:56
15746,1,16.54193496704102,36.63,0,1,0.87,0:55:02
15747,1,259.998291015625,36.63,0,1,0.87,0:50:45
15748,1,6.090157508850098,36.63,1,0,0.87,0:51:56
15749,1,225.5588531494141,36.63,0,1,0.87,0:50:59
15750,1,50.94047164916992,36.63,1,0,0.87,0:50:03
15751,1,17.3270263671875,36.63,0,1,0.87,0:51:35
15752,1,291.1369323730469,36.63,1,0,0.87,0:48:44
15753,1,430.595458984375,36.63,0,1,0.87,0:51:12
15754,1,134.9916687011719,36.63,1,0,0.87,0:52:02
15755,1,77.44851684570312,36.63,0,1,0.87,0:52:11
15756,1,10.44776248931885,36.63,0,1,0.87,0:53:36
15757,1,259.998291015625,36.63,1,0,0.87,0:51:43
15758,1,71.8073501586914,36.63,0,1,0.87,0:54:08
15759,1,71.6093521118164,36.63,0,1,0.87,0:51:24
15760,1,219.0861511230469,36.63,0,1,0.87,0:48:13
15761,1,146.087158203125,36.63,0,1,0.87,0:51:41
15762,1,312.5457458496094,36.63,0,1,0.87,0:52:32
15763,1,56.084815979003906,36.63,1,0,0.87,0:49:28
15764,1,176.5647430419922,36.63,1,0,0.87,0:51:29
15765,1,39.47004318237305,36.63,0,1,0.87,0:52:34
15766,1,8.949239730834961,36.63,0,1,0.87,0:49:47
15767,1,204.2112731933594,36.63,0,1,0.87,0:51:47
15768,1,767.4879150390625,36.63,1,0,0.87,0:51:10
15769,1,259.998291015625,36.63,0,1,0.87,0:52:11
15770,1,21.21549415588379,36.63,0,1,0.87,0:54:14
15771,1,91.46649932861328,36.63,0,1,0.87,0:53:49
15772,1,92.65635681152344,36.63,0,1,0.87,0:50:50
15773,1,354.3406982421875,36.63,0,1,0.87,0:51:54
15774,1,48.10107803344727,36.63,0,1,0.87,0:52:17
15775,1,240.1884002685547,36.63,1,0,0.87,0:49:25
15776,1,9.664861679077148,36.63,1,0,0.87,0:45:46
15777,1,514.8724365234375,36.63,1,0,0.87,0:48:05
15778,1,4.303764820098877,36.63,0,1,0.87,0:53:30
15779,1,298.4037475585938,36.63,0,1,0.87,0:50:19
15780,1,1186.648193359375,36.63,1,0,0.87,0:51:23
15781,1,315.9778747558594,36.63,0,1,0.87,0:53:21
15782,1,143.1148223876953,36.63,0,1,0.87,0:50:39
15783,1,3.310425281524658,36.63,1,0,0.87,0:45:55
15784,1,254.7844543457031,36.63,1,0,0.87,0:50:54
15785,1,159.2595977783203,36.63,0,1,0.87,0:51:25
15786,1,38.52471923828125,36.63,0,1,0.87,0:50:04
15787,1,24.80785369873047,36.63,1,0,0.87,0:53:36
15788,1,0.5217891335487366,36.63,0,1,0.87,0:50:09
15789,1,31.2812614440918,36.63,0,1,0.87,0:48:05
15790,1,220.3058929443359,36.63,1,0,0.87,0:46:34
15791,1,159.2595977783203,36.63,1,0,0.87,0:52:28
15792,1,167.1740875244141,36.63,1,0,0.87,0:50:00
15793,1,202.5028076171875,36.63,0,1,0.87,0:49:59
15794,1,57.21894454956055,36.63,1,0,0.87,0:51:29
15795,1,34.05735397338867,36.63,1,0,0.87,0:53:21
15796,1,29.45329856872559,36.63,1,0,0.87,0:49:00
15797,1,224.95013427734384,36.63,0,1,0.87,0:53:06
15798,1,17.3270263671875,36.63,0,1,0.87,0:48:26
15799,1,344.7054748535156,36.63,0,1,0.87,0:52:51
15800,1,244.1101379394531,36.63,0,1,0.87,0:52:08
15801,1,5.020810604095459,36.63,0,1,0.87,0:52:02
15802,1,73.2974853515625,36.63,0,1,0.87,0:51:46
15803,1,58.93083190917969,36.63,0,1,0.87,0:51:41
15804,1,259.998291015625,36.63,1,0,0.87,0:54:15
15805,1,259.7741088867188,36.63,1,0,0.87,0:49:34
15806,1,10.44776248931885,36.63,0,1,0.87,0:51:33
15807,1,241.1495513916016,36.63,1,0,0.87,0:51:52
15808,1,241.1495513916016,36.63,0,1,0.87,0:51:51
15809,1,9.807595252990724,36.63,1,0,0.87,0:47:43
15810,1,399.9556579589844,36.63,0,1,0.87,0:53:16
15811,1,176.9227142333984,36.63,0,1,0.87,0:50:56
15812,1,179.9742889404297,36.63,0,1,0.87,0:51:54
15813,1,31.97005462646484,36.63,1,0,0.87,0:55:38
15814,1,77.97574615478516,36.63,0,1,0.87,0:55:09
15815,1,45.23057174682617,36.63,1,0,0.87,0:50:28
15816,1,200.7367095947266,36.63,0,1,0.87,0:51:46
15817,1,197.583984375,36.63,1,0,0.87,0:53:00
15818,1,6.110790252685548,36.63,0,1,0.87,0:52:02
15819,1,10.874281883239751,36.63,0,1,0.87,0:48:43
15820,1,24.10358238220215,36.63,0,1,0.87,0:51:44
15821,1,105.6290054321289,36.63,0,1,0.87,0:50:33
15822,1,81.51506042480469,36.63,1,0,0.87,0:50:22
15823,1,15.55781936645508,36.63,0,1,0.87,0:53:07
15824,1,14.566981315612788,36.63,0,1,0.87,0:50:18
15825,1,138.0612945556641,36.63,0,1,0.87,0:53:25
15826,1,290.8581237792969,36.63,0,1,0.87,0:51:14
15827,1,111.1402435302734,36.63,0,1,0.87,0:54:05
15828,1,8.241552352905272,36.63,0,1,0.87,0:48:57
15829,1,105.6290054321289,36.63,1,0,0.87,0:52:03
15830,1,47.26740264892578,36.63,1,0,0.87,0:52:47
15831,1,132.1349182128906,36.63,0,1,0.87,0:53:19
15832,1,3.245586395263672,36.63,0,1,0.87,0:50:34
15833,1,189.2843475341797,36.63,0,1,0.87,0:50:20
15834,1,47.26740264892578,36.63,0,1,0.87,0:50:57
15835,1,408.2718811035156,36.63,0,1,0.87,0:51:54
15836,1,1046.732788085938,36.63,0,1,0.87,0:52:33
15837,1,7.965522289276122,36.63,0,1,0.87,0:50:59
15838,1,36.52098846435547,36.63,1,0,0.87,0:54:26
15839,1,18.80724906921387,36.63,1,0,0.87,0:51:10
15840,1,259.998291015625,36.63,1,0,0.87,0:54:26
15841,1,266.2826538085938,36.63,1,0,0.87,0:51:03
15842,1,408.2718811035156,36.63,0,1,0.87,0:51:54
15843,1,181.5143737792969,36.63,0,1,0.87,0:50:43
15844,1,320.0387878417969,36.63,1,0,0.87,0:48:49
15845,1,33.1964111328125,36.63,0,1,0.87,0:52:48
15846,1,160.6305541992188,36.63,0,1,0.87,0:51:22
15847,1,209.4566192626953,36.63,0,1,0.87,0:53:23
15848,1,181.5143737792969,36.63,0,1,0.87,0:51:32
15849,1,67.15016174316406,36.63,0,1,0.87,0:52:27
15850,1,213.9249420166016,36.63,0,1,0.87,0:53:00
15851,1,215.5704803466797,36.63,1,0,0.87,0:53:00
15852,1,44.67582702636719,36.63,0,1,0.87,0:51:33
15853,1,16.00102424621582,36.63,1,0,0.87,0:51:31
15854,1,215.9745635986328,36.63,1,0,0.87,0:49:43
15855,1,8.0,36.63,0,1,0.87,0:53:29
15856,1,187.3004302978516,36.63,1,0,0.87,0:50:54
15857,1,159.2595977783203,36.63,0,1,0.87,0:50:06
15858,1,22.11793327331543,36.63,1,0,0.87,0:53:17
15859,1,159.2595977783203,36.63,0,1,0.87,0:50:06
15860,1,62.17602157592773,36.63,0,1,0.87,0:49:54
15861,1,237.47161865234384,36.63,0,1,0.87,0:52:27
15862,1,10.44776248931885,36.63,1,0,0.87,0:49:13
15863,1,7.309962749481201,36.63,1,0,0.87,0:51:45
15864,1,16.00442504882812,36.63,0,1,0.87,0:50:50
15865,1,12.82390880584717,36.63,1,0,0.87,0:51:09
15866,1,611.3375244140625,36.63,0,1,0.87,0:51:03
15867,1,553.7554321289061,36.63,1,0,0.87,0:52:16
15868,1,611.3375244140625,36.63,1,0,0.87,0:51:03
15869,1,94.43704986572266,36.63,1,0,0.87,0:49:50
15870,1,278.0640869140625,36.63,1,0,0.87,0:55:55
15871,1,21.16438865661621,36.63,1,0,0.87,0:49:28
15872,1,300.1762084960938,36.63,0,1,0.87,0:51:14
15873,1,273.8560791015625,36.63,0,1,0.87,0:53:48
15874,1,46.89765167236328,36.63,1,0,0.87,0:53:48
15875,1,28.003864288330078,36.63,1,0,0.87,0:51:53
15876,1,19.07254981994629,36.63,0,1,0.87,0:50:41
15877,1,3.245586395263672,36.63,1,0,0.87,0:54:06
15878,1,398.2716369628906,36.63,0,1,0.87,0:51:57
15879,1,81.35850524902344,36.63,1,0,0.87,0:50:58
15880,1,91.7226791381836,36.63,0,1,0.87,0:52:06
15881,1,288.2652893066406,36.63,1,0,0.87,0:49:00
15882,1,15.74605464935303,36.63,0,1,0.87,0:49:24
15883,1,484.7640075683594,36.63,0,1,0.87,0:54:15
15884,1,13.445884704589838,36.63,0,1,0.87,0:49:15
15885,1,10.054220199584961,36.63,0,1,0.87,0:50:42
15886,1,167.9832916259766,36.63,0,1,0.87,0:50:25
15887,1,1460.8671875,36.63,0,1,0.87,0:49:17
15888,1,241.50628662109384,36.63,0,1,0.87,0:51:06
15889,1,380.4561157226562,36.63,1,0,0.87,0:48:50
15890,1,359.4574279785156,36.63,0,1,0.87,0:50:14
15891,1,91.49476623535156,36.63,0,1,0.87,0:50:26
15892,1,50.26950454711914,36.63,1,0,0.87,0:55:52
15893,1,244.1101379394531,36.63,1,0,0.87,0:53:27
15894,1,288.391845703125,36.63,0,1,0.87,0:53:04
15895,1,6.952293395996094,36.63,1,0,0.87,0:52:29
15896,1,96.6086196899414,36.63,0,1,0.87,0:52:35
15897,1,71.07490539550781,36.63,0,1,0.87,0:48:37
15898,1,4.784560680389403,36.63,0,1,0.87,0:53:53
15899,1,9.87485122680664,36.63,0,1,0.87,0:55:06
15900,1,118.7596664428711,36.63,0,1,0.87,0:52:23
15901,1,34.05735397338867,36.63,0,1,0.87,0:55:32
15902,1,259.2710571289062,36.63,1,0,0.87,0:49:59
15903,1,179.7444305419922,36.63,1,0,0.87,0:50:54
15904,1,5.729408264160156,36.63,1,0,0.87,0:51:45
15905,1,1460.8671875,36.63,0,1,0.87,0:49:20
15906,1,286.7321472167969,36.63,1,0,0.87,0:55:59
15907,1,64.02103424072266,36.63,1,0,0.87,0:56:00
15908,1,16.83182334899902,36.63,0,1,0.87,0:52:39
15909,1,276.6553955078125,36.63,1,0,0.87,0:53:30
15910,1,10.06689834594727,36.63,1,0,0.87,0:46:44
15911,1,88.89318084716797,36.63,0,1,0.87,0:51:23
15912,1,158.6006774902344,36.63,0,1,0.87,0:47:49
15913,1,108.9886856079102,36.63,0,1,0.87,0:54:13
15914,1,15.224977493286133,36.63,1,0,0.87,0:47:00
15915,1,8.194785118103027,36.63,0,1,0.87,0:53:21
15916,1,239.9998931884766,36.63,0,1,0.87,0:53:29
15917,1,24.17752647399902,36.63,1,0,0.87,0:51:44
15918,1,614.4942016601562,36.63,0,1,0.87,0:49:39
15919,1,259.998291015625,36.63,1,0,0.87,0:53:46
15920,1,116.9839324951172,36.63,0,1,0.87,0:50:08
15921,1,205.8604583740234,36.63,1,0,0.87,0:48:39
15922,1,193.09503173828116,36.63,1,0,0.87,0:51:26
15923,1,180.2863311767578,36.63,0,1,0.87,0:49:48
15924,1,197.583984375,36.63,0,1,0.87,0:50:21
15925,1,29.1304931640625,36.63,0,1,0.87,0:53:50
15926,1,911.8583984375,36.63,0,1,0.87,0:50:28
15927,1,140.8639526367188,36.63,0,1,0.87,0:49:39
15928,1,3.6919877529144287,36.63,0,1,0.87,0:47:55
15929,1,10.44776248931885,36.63,0,1,0.87,0:51:50
15930,1,314.2830200195312,36.63,0,1,0.87,0:50:39
15931,1,63.12728118896485,36.63,1,0,0.87,0:49:29
15932,1,59.45719909667969,36.63,0,1,0.87,0:51:35
15933,1,184.2229766845703,36.63,0,1,0.87,0:49:30
15934,1,31.97005462646484,36.63,1,0,0.87,0:49:29
15935,1,62.17602157592773,36.63,0,1,0.87,0:50:18
15936,1,270.05172729492193,36.63,0,1,0.87,0:52:36
15937,1,407.7540283203125,36.63,0,1,0.87,0:53:43
15938,1,321.1102600097656,36.63,1,0,0.87,0:51:17
15939,1,332.7853698730469,36.63,1,0,0.87,0:56:43
15940,1,91.46649932861328,36.63,0,1,0.87,0:51:26
15941,1,259.998291015625,36.63,0,1,0.87,0:54:17
15942,1,31.52193450927734,36.63,0,1,0.87,0:50:57
15943,1,231.64434814453116,36.63,1,0,0.87,0:50:24
15944,1,109.4568328857422,36.63,0,1,0.87,0:47:26
15945,1,291.1369323730469,36.63,0,1,0.87,0:51:50
15946,1,221.179931640625,36.63,0,1,0.87,0:53:14
15947,1,236.0589599609375,36.63,0,1,0.87,0:55:27
15948,1,13.445884704589838,36.63,0,1,0.87,0:55:28
15949,1,9.634559631347656,36.63,0,1,0.87,0:51:34
15950,1,13.445884704589838,36.63,0,1,0.87,0:55:28
15951,1,10.44183731079102,36.63,1,0,0.87,0:49:21
15952,1,128.80126953125,36.63,0,1,0.87,0:49:40
15953,1,19.48332405090332,36.63,1,0,0.87,0:50:26
15954,1,49.35443496704102,36.63,1,0,0.87,0:48:57
15955,1,91.7226791381836,36.63,0,1,0.87,0:53:43
15956,1,188.2260437011719,36.63,0,1,0.87,0:50:42
15957,1,10.44776248931885,36.63,0,1,0.87,0:51:21
15958,1,57.31621932983398,36.63,1,0,0.87,0:52:40
15959,1,77.97574615478516,36.63,0,1,0.87,0:52:43
15960,1,21.80615043640137,36.63,1,0,0.87,0:56:53
15961,1,19.42654228210449,36.63,1,0,0.87,0:48:45
15962,1,149.1394653320312,36.63,1,0,0.87,0:51:27
15963,1,1310.919799804688,36.63,1,0,0.87,0:50:06
15964,1,9.776250839233398,36.63,0,1,0.87,0:52:30
15965,1,266.2826538085938,36.63,0,1,0.87,0:54:25
15966,1,229.2327117919922,36.63,0,1,0.87,0:54:39
15967,1,29.34052085876465,36.63,0,1,0.87,0:52:32
15968,1,149.1394653320312,36.63,1,0,0.87,0:51:43
15969,1,101.50933837890621,36.63,0,1,0.87,0:54:53
15970,1,7.058139324188232,36.63,0,1,0.87,0:55:00
15971,1,298.6752014160156,36.63,0,1,0.87,0:50:52
15972,1,10.44776248931885,36.63,0,1,0.87,0:52:23
15973,1,13.973583221435552,36.63,1,0,0.87,0:46:28
15974,1,4.8699212074279785,36.63,1,0,0.87,0:52:43
15975,1,5.032363891601562,36.63,1,0,0.87,0:55:39
15976,1,16.84739112854004,36.63,0,1,0.87,0:55:16
15977,1,208.5572662353516,36.63,0,1,0.87,0:52:18
15978,1,96.02049255371094,36.63,1,0,0.87,0:52:34
15979,1,15.224977493286133,36.63,0,1,0.87,0:47:24
15980,1,245.6878814697266,36.63,0,1,0.87,0:54:27
15981,1,15.224977493286133,36.63,0,1,0.87,0:55:26
15982,1,290.1136779785156,36.63,0,1,0.87,0:52:42
15983,1,200.7367095947266,36.63,0,1,0.87,0:52:47
15984,1,204.560546875,36.63,1,0,0.87,0:49:23
15985,1,41.13945007324219,36.63,1,0,0.87,0:52:02
15986,1,220.4464874267578,36.63,0,1,0.87,0:53:55
15987,1,2969.772216796875,36.63,0,1,0.87,0:51:58
15988,1,307.5173950195312,36.63,0,1,0.87,0:52:46
15989,1,220.4464874267578,36.63,0,1,0.87,0:53:55
15990,1,1046.732788085938,36.63,1,0,0.87,0:55:07
15991,1,36.52098846435547,36.63,1,0,0.87,0:45:53
15992,1,142.791748046875,36.63,0,1,0.87,0:50:31
15993,1,26.03965759277344,36.63,0,1,0.87,0:53:55
15994,1,20.73955917358398,36.63,0,1,0.87,0:54:24
15995,1,220.4464874267578,36.63,0,1,0.87,0:53:55
15996,1,315.9778747558594,36.63,1,0,0.87,0:50:15
15997,1,46.9530029296875,36.63,0,1,0.87,0:50:08
15998,1,1596.6729736328118,36.63,0,1,0.87,0:53:12
15999,1,159.9830627441406,36.63,0,1,0.87,0:54:01
16000,1,181.5143737792969,36.63,1,0,0.87,0:52:26
16001,1,18.05331420898438,36.63,0,1,0.87,0:52:07
16002,1,237.6291656494141,36.63,0,1,0.87,0:51:00
16003,1,205.3109893798828,36.63,0,1,0.87,0:53:07
16004,1,205.3109893798828,36.63,1,0,0.87,0:46:44
16005,1,134.9916687011719,36.63,1,0,0.87,0:51:23
16006,1,243.0638122558594,36.63,0,1,0.87,0:49:27
16007,1,247.3672637939453,36.63,0,1,0.87,0:51:21
16008,1,2.103271007537842,36.63,0,1,0.87,0:49:34
16009,1,20.7979793548584,36.63,0,1,0.87,0:51:38
16010,1,287.3504638671875,36.63,1,0,0.87,0:55:11
16011,1,37.5223388671875,36.63,0,1,0.87,0:51:08
16012,1,39.47004318237305,36.63,1,0,0.87,0:49:07
16013,1,196.8123321533203,36.63,1,0,0.87,0:56:15
16014,1,134.4911193847656,36.63,0,1,0.87,0:52:10
16015,1,187.2219390869141,36.63,0,1,0.87,0:50:51
16016,1,17.3270263671875,36.63,1,0,0.87,0:46:02
16017,1,233.2363739013672,36.63,0,1,0.87,0:52:56
16018,1,1452.274169921875,36.63,1,0,0.87,0:48:32
16019,1,142.3699798583984,36.63,1,0,0.87,0:52:04
16020,1,67.96146392822266,36.63,0,1,0.87,0:54:23
16021,1,1811.2183837890616,36.63,0,1,0.87,0:54:39
16022,1,11.34018135070801,36.63,1,0,0.87,0:50:59
16023,1,447.4283447265625,36.63,0,1,0.87,0:52:05
16024,1,9.017118453979492,36.63,0,1,0.87,0:53:21
16025,1,29.26150894165039,36.63,0,1,0.87,0:53:47
16026,1,222.6811370849609,36.63,0,1,0.87,0:53:03
16027,1,15.55781936645508,36.63,0,1,0.87,0:46:53
16028,1,4.194859027862549,36.63,0,1,0.87,0:51:16
16029,1,354.3656005859375,36.63,1,0,0.87,0:51:55
16030,1,134.4911193847656,36.63,0,1,0.87,0:52:56
16031,1,3.920108318328857,36.63,1,0,0.87,0:49:36
16032,1,767.4879150390625,36.63,0,1,0.87,0:51:56
16033,1,13.027480125427251,36.63,0,1,0.87,0:51:34
16034,1,7.005546569824219,36.63,1,0,0.87,0:52:40
16035,1,2.059071063995361,36.63,1,0,0.87,0:49:07
16036,1,138.3571929931641,36.63,1,0,0.87,0:53:53
16037,1,212.4737396240234,36.63,1,0,0.87,0:50:39
16038,1,276.53286743164057,36.63,1,0,0.87,0:51:45
16039,1,107.1270523071289,36.63,0,1,0.87,0:48:29
16040,1,197.85333251953116,36.63,0,1,0.87,0:49:51
16041,1,233.2363739013672,36.63,1,0,0.87,0:45:57
16042,1,10.44183731079102,36.63,0,1,0.87,0:55:16
16043,1,799.8717651367188,36.63,0,1,0.87,0:55:22
16044,1,187.0788269042969,36.63,1,0,0.87,0:54:24
16045,1,20.15006828308105,36.63,1,0,0.87,0:49:40
16046,1,259.998291015625,36.63,0,1,0.87,0:51:26
16047,1,10.765132904052727,36.63,0,1,0.87,0:53:41
16048,1,34.96400833129883,36.63,0,1,0.87,0:54:32
16049,1,48.10107803344727,36.63,1,0,0.87,0:48:15
16050,1,376.4162902832031,36.63,1,0,0.87,0:53:44
16051,1,71.8073501586914,36.63,0,1,0.87,0:52:19
16052,1,259.998291015625,36.63,0,1,0.87,0:50:16
16053,1,14.566981315612788,36.63,0,1,0.87,0:53:36
16054,1,205.3276519775391,36.63,1,0,0.87,0:51:27
16055,1,102.22308349609379,36.63,0,1,0.87,0:53:04
16056,1,64.17111968994139,36.63,0,1,0.87,0:52:33
16057,1,80.59237670898438,36.63,0,1,0.87,0:49:48
16058,1,102.22308349609379,36.63,0,1,0.87,0:53:05
16059,1,288.391845703125,36.63,0,1,0.87,0:53:06
16060,1,436.7380065917969,36.63,0,1,0.87,0:52:15
16061,1,17.80105018615723,36.63,1,0,0.87,0:52:29
16062,1,102.22308349609379,36.63,0,1,0.87,0:53:05
16063,1,37.14537048339844,36.63,1,0,0.87,0:51:32
16064,1,8.194785118103027,36.63,0,1,0.87,0:48:39
16065,1,408.9497985839844,36.63,1,0,0.87,0:42:58
16066,1,18.05331420898438,36.63,0,1,0.87,0:53:54
16067,1,49.32119750976562,36.63,0,1,0.87,0:51:24
16068,1,48.00765991210938,36.63,0,1,0.87,0:49:10
16069,1,520.9115600585939,36.63,0,1,0.87,0:51:14
16070,1,183.2224578857422,36.63,0,1,0.87,0:50:19
16071,1,295.3655700683594,36.63,0,1,0.87,0:55:08
16072,1,149.1394653320312,36.63,0,1,0.87,0:51:43
16073,1,37.5223388671875,36.63,1,0,0.87,0:52:54
16074,1,384.0559692382812,36.63,1,0,0.87,0:48:23
16075,1,50.26950454711914,36.63,0,1,0.87,0:53:43
16076,1,384.0559692382812,36.63,1,0,0.87,0:48:23
16077,1,188.2260437011719,36.63,1,0,0.87,0:53:14
16078,1,295.15576171875,36.63,0,1,0.87,0:50:10
16079,1,38.22609329223633,36.63,1,0,0.87,0:51:34
16080,1,153.0057525634766,36.63,0,1,0.87,0:52:57
16081,1,380.0,36.63,1,0,0.87,0:53:32
16082,1,10.44776248931885,36.63,0,1,0.87,0:52:25
16083,1,149.1394653320312,36.63,0,1,0.87,0:54:27
16084,1,0.5368872284889221,36.63,0,1,0.87,0:52:10
16085,1,201.6867523193359,36.63,0,1,0.87,0:54:35
16086,1,9.664861679077148,36.63,0,1,0.87,0:51:04
16087,1,49.30255508422852,36.63,0,1,0.87,0:51:41
16088,1,11.8902006149292,36.63,0,1,0.87,0:53:19
16089,1,358.2298278808594,36.63,1,0,0.87,0:52:22
16090,1,79.19601440429688,36.63,1,0,0.87,0:53:41
16091,1,2.7546546459198,36.63,0,1,0.87,0:48:39
16092,1,25.06613731384277,36.63,1,0,0.87,0:52:14
16093,1,266.2826538085938,36.63,1,0,0.87,0:52:36
16094,1,270.97509765625,36.63,1,0,0.87,0:48:39
16095,1,102.071533203125,36.63,1,0,0.87,0:51:52
16096,1,94.3544921875,36.63,1,0,0.87,0:51:17
16097,1,398.2716369628906,36.63,0,1,0.87,0:51:39
16098,1,259.998291015625,36.63,0,1,0.87,0:53:18
16099,1,1300.004516601562,36.63,0,1,0.87,0:47:27
16100,1,16.83182334899902,36.63,0,1,0.87,0:51:59
16101,1,40.94342422485352,36.63,1,0,0.87,0:53:15
16102,1,114.66488647460942,36.63,1,0,0.87,0:52:13
16103,1,209.2055511474609,36.63,0,1,0.87,0:48:32
16104,1,5.854857444763184,36.63,0,1,0.87,0:54:11
16105,1,263.0969848632812,36.63,1,0,0.87,0:45:41
16106,1,38.02688980102539,36.63,1,0,0.87,0:53:03
16107,1,4.103606700897217,36.63,0,1,0.87,0:51:56
16108,1,9.634559631347656,36.63,0,1,0.87,0:52:20
16109,1,236.22540283203116,36.63,0,1,0.87,0:53:01
16110,1,143.1148223876953,36.63,0,1,0.87,0:54:11
16111,1,1631.184326171875,36.63,0,1,0.87,0:55:23
16112,1,181.5143737792969,36.63,0,1,0.87,0:54:09
16113,1,724.8308715820312,36.63,1,0,0.87,0:52:16
16114,1,266.2826538085938,36.63,1,0,0.87,0:50:37
16115,1,149.1394653320312,36.63,0,1,0.87,0:48:01
16116,1,135.00054931640622,36.63,0,1,0.87,0:51:29
16117,1,187.2219390869141,36.63,0,1,0.87,0:54:28
16118,1,2229.72216796875,36.63,1,0,0.87,0:51:43
16119,1,254.7844543457031,36.63,0,1,0.87,0:54:05
16120,1,272.28091430664057,36.63,1,0,0.87,0:54:05
16121,1,4.296838283538818,36.63,0,1,0.87,0:53:00
16122,1,822.3980712890625,36.63,0,1,0.87,0:53:28
16123,1,1623.9774169921882,36.63,1,0,0.87,0:53:04
16124,1,213.8687438964844,36.63,0,1,0.87,0:51:30
16125,1,16.84739112854004,36.63,0,1,0.87,0:48:49
16126,1,181.5143737792969,36.63,0,1,0.87,0:50:42
16127,1,320.0387878417969,36.63,1,0,0.87,0:51:24
16128,1,19.77367401123047,36.63,0,1,0.87,0:53:05
16129,1,181.5143737792969,36.63,0,1,0.87,0:50:51
16130,1,10.44183731079102,36.63,1,0,0.87,0:53:38
16131,1,137.57452392578122,36.63,1,0,0.87,0:51:57
16132,1,450.2377624511719,36.63,1,0,0.87,0:50:23
16133,1,288.9022216796875,36.63,1,0,0.87,0:47:39
16134,1,35.53342819213867,36.63,0,1,0.87,0:50:14
16135,1,178.5460357666016,36.63,1,0,0.87,0:46:52
16136,1,1332.598876953125,36.63,0,1,0.87,0:53:05
16137,1,19.92920303344727,36.63,1,0,0.87,0:51:49
16138,1,57.9035758972168,36.63,1,0,0.87,0:51:46
16139,1,13.70660877227783,36.63,0,1,0.87,0:50:01
16140,1,1976.76318359375,36.63,0,1,0.87,0:52:42
16141,1,561.71484375,36.63,0,1,0.87,0:52:41
16142,1,50.82839584350586,36.63,1,0,0.87,0:49:15
16143,1,119.56497192382808,36.63,1,0,0.87,0:51:09
16144,1,17.3270263671875,36.63,0,1,0.87,0:49:16
16145,1,37.14537048339844,36.63,0,1,0.87,0:49:35
16146,1,7.058139324188232,36.63,1,0,0.87,0:54:03
16147,1,218.2397003173828,36.63,0,1,0.87,0:55:25
16148,1,178.4340057373047,36.63,0,1,0.87,0:53:23
16149,1,110.9721298217773,36.63,0,1,0.87,0:51:44
16150,1,154.5186157226562,36.63,0,1,0.87,0:51:23
16151,1,254.7844543457031,36.63,0,1,0.87,0:52:44
16152,1,78.5858383178711,36.63,0,1,0.87,0:53:55
16153,1,41.98091506958008,36.63,1,0,0.87,0:48:04
16154,1,317.7398071289062,36.63,0,1,0.87,0:49:59
16155,1,588.7814331054688,36.63,1,0,0.87,0:46:57
16156,1,17.74314880371094,36.63,1,0,0.87,0:56:31
16157,1,18.05331420898438,36.63,1,0,0.87,0:51:17
16158,1,7.058139324188232,36.63,0,1,0.87,0:54:56
16159,1,46.01627731323242,36.63,1,0,0.87,0:54:19
16160,1,3.6919877529144287,36.63,1,0,0.87,0:53:59
16161,1,1631.184326171875,36.63,1,0,0.87,0:50:15
16162,1,140.9563293457031,36.63,1,0,0.87,0:54:31
16163,1,6.952293395996094,36.63,1,0,0.87,0:50:06
16164,1,132.44648742675778,36.63,0,1,0.87,0:51:14
16165,1,259.998291015625,36.63,1,0,0.87,0:51:38
16166,1,16.83182334899902,36.63,0,1,0.87,0:54:11
16167,1,259.998291015625,36.63,0,1,0.87,0:51:39
16168,1,195.2724914550781,36.63,0,1,0.87,0:53:06
16169,1,219.4850006103516,36.63,1,0,0.87,0:51:49
16170,1,59.45031356811523,36.63,0,1,0.87,0:53:03
16171,1,1643.08056640625,36.63,1,0,0.87,0:51:16
16172,1,15.46232318878174,36.63,1,0,0.87,0:52:11
16173,1,10.44776248931885,36.63,1,0,0.87,0:53:35
16174,1,4.784560680389403,36.63,0,1,0.87,0:53:54
16175,1,183.58514404296884,36.63,0,1,0.87,0:52:53
16176,1,13.0,36.63,0,1,0.87,0:54:16
16177,1,41.13945007324219,36.63,1,0,0.87,0:52:02
16178,1,2554.609619140625,36.63,0,1,0.87,0:54:20
16179,1,142.3699798583984,36.63,1,0,0.87,0:50:02
16180,1,149.1394653320312,36.63,0,1,0.87,0:54:27
16181,1,37.5223388671875,36.63,0,1,0.87,0:52:47
16182,1,126.1217880249023,36.63,1,0,0.87,0:49:18
16183,1,29.34052085876465,36.63,0,1,0.87,0:53:55
16184,1,182.7339782714844,36.63,0,1,0.87,0:48:13
16185,1,287.84716796875,36.63,0,1,0.87,0:52:32
16186,1,205.8311920166016,36.63,0,1,0.87,0:54:29
16187,1,287.9187927246094,36.63,1,0,0.87,0:52:50
16188,1,447.4283447265625,36.63,0,1,0.87,0:53:28
16189,1,287.9187927246094,36.63,0,1,0.87,0:52:50
16190,1,47.49871826171875,36.63,0,1,0.87,0:49:36
16191,1,198.6544494628906,36.63,0,1,0.87,0:52:55
16192,1,273.093505859375,36.63,0,1,0.87,0:51:29
16193,1,75.1241455078125,36.63,1,0,0.87,0:51:39
16194,1,189.8132629394531,36.63,1,0,0.87,0:51:57
16195,1,91.7226791381836,36.63,1,0,0.87,0:53:06
16196,1,15.224977493286133,36.63,0,1,0.87,0:51:23
16197,1,320.0387878417969,36.63,0,1,0.87,0:51:16
16198,1,222.9377899169922,36.63,1,0,0.87,0:48:11
16199,1,49.9882698059082,36.63,0,1,0.87,0:53:01
16200,1,190.1930236816406,36.63,1,0,0.87,0:46:46
16201,1,146.087158203125,36.63,0,1,0.87,0:53:19
16202,1,271.6610107421875,36.63,1,0,0.87,0:53:19
16203,1,263.49282836914057,36.63,0,1,0.87,0:54:31
16204,1,71.8073501586914,36.63,0,1,0.87,0:53:31
16205,1,12.58986759185791,36.63,0,1,0.87,0:53:56
16206,1,36.52098846435547,36.63,0,1,0.87,0:51:17
16207,1,2.983871698379517,36.63,1,0,0.87,0:48:54
16208,1,275.6912841796875,36.63,1,0,0.87,0:53:11
16209,1,83.9320068359375,36.63,1,0,0.87,0:48:14
16210,1,73.63004302978516,36.63,0,1,0.87,0:55:37
16211,1,39.47004318237305,36.63,0,1,0.87,0:53:02
16212,1,66.11064147949219,36.63,1,0,0.87,0:49:04
16213,1,197.583984375,36.63,0,1,0.87,0:49:14
16214,1,440.8630981445312,36.63,1,0,0.87,0:52:12
16215,1,10.44183731079102,36.63,1,0,0.87,0:52:40
16216,1,5.997476577758789,36.63,0,1,0.87,0:53:14
16217,1,29.18976593017578,36.63,1,0,0.87,0:53:14
16218,1,262.01296997070307,36.63,0,1,0.87,0:49:58
16219,1,440.8630981445312,36.63,1,0,0.87,0:52:12
16220,1,10.44776248931885,36.63,0,1,0.87,0:56:26
16221,1,186.8978118896484,36.63,1,0,0.87,0:47:22
16222,1,208.72052001953116,36.63,1,0,0.87,0:50:13
16223,1,199.3862457275391,36.63,0,1,0.87,0:50:48
16224,1,56.084815979003906,36.63,0,1,0.87,0:53:00
16225,1,55.65824508666992,36.63,0,1,0.87,0:48:39
16226,1,1015.653198242188,36.63,0,1,0.87,0:53:00
16227,1,236.6261138916016,36.63,0,1,0.87,0:50:20
16228,1,7.79767894744873,36.63,0,1,0.87,0:48:26
16229,1,171.5263824462891,36.63,1,0,0.87,0:52:00
16230,1,107.4973297119141,36.63,0,1,0.87,0:53:41
16231,1,1046.732788085938,36.63,1,0,0.87,0:52:57
16232,1,21.97243499755859,36.63,0,1,0.87,0:51:16
16233,1,233.4883270263672,36.63,1,0,0.87,0:49:12
16234,1,132.78535461425778,36.63,0,1,0.87,0:52:22
16235,1,211.1024017333984,36.63,1,0,0.87,0:42:26
16236,1,182.7666320800781,36.63,0,1,0.87,0:54:08
16237,1,45.124366760253906,36.63,1,0,0.87,0:51:11
16238,1,51.877418518066406,36.63,1,0,0.87,0:54:10
16239,1,151.7768249511719,36.63,0,1,0.87,0:51:05
16240,1,11.05302143096924,36.63,1,0,0.87,0:54:29
16241,1,285.3211059570312,36.63,0,1,0.87,0:51:25
16242,1,41.32191467285156,36.63,0,1,0.87,0:50:42
16243,1,350.7449645996094,36.63,1,0,0.87,0:48:40
16244,1,81.45307159423828,36.63,0,1,0.87,0:49:00
16245,1,7.309962749481201,36.63,0,1,0.87,0:52:44
16246,1,10.44776248931885,36.63,1,0,0.87,1:01:17
16247,1,15.467066764831538,36.63,0,1,0.87,0:53:41
16248,1,288.9022216796875,36.63,0,1,0.87,0:54:55
16249,1,306.0,36.63,0,1,0.87,0:49:38
16250,1,73.40917205810547,36.63,1,0,0.87,0:53:14
16251,1,19.23562431335449,36.63,1,0,0.87,0:51:09
16252,1,14.32654094696045,36.63,1,0,0.87,0:51:09
16253,1,197.41845703125,36.63,1,0,0.87,0:52:48
16254,1,49.32119750976562,36.63,1,0,0.87,0:48:53
16255,1,14.32654094696045,36.63,1,0,0.87,0:52:07
16256,1,9.634559631347656,36.63,0,1,0.87,0:51:50
16257,1,10.65797519683838,36.63,0,1,0.87,0:52:47
16258,1,355.7060852050781,36.63,0,1,0.87,0:53:12
16259,1,29.34052085876465,36.63,1,0,0.87,0:51:49
16260,1,1046.732788085938,36.63,0,1,0.87,0:50:55
16261,1,4.8699212074279785,36.63,1,0,0.87,0:59:03
16262,1,50.82839584350586,36.63,1,0,0.87,0:53:31
16263,1,1088.349243164062,36.63,0,1,0.87,0:50:35
16264,1,137.6639404296875,36.63,0,1,0.87,0:52:20
16265,1,56.084815979003906,36.63,0,1,0.87,0:53:18
16266,1,215.9745635986328,36.63,0,1,0.87,0:53:14
16267,1,424.7549133300781,36.63,0,1,0.87,0:54:02
16268,1,236.22540283203116,36.63,1,0,0.87,0:54:20
16269,1,1012.0682983398441,36.63,1,0,0.87,0:45:27
16270,1,232.5149993896484,36.63,1,0,0.87,0:52:12
16271,1,384.0559692382812,36.63,0,1,0.87,0:52:46
16272,1,200.3173065185547,36.63,0,1,0.87,0:50:54
16273,1,228.1687316894531,36.63,0,1,0.87,0:55:15
16274,1,957.2949829101562,36.63,0,1,0.87,0:52:25
16275,1,351.8357238769531,36.63,1,0,0.87,0:51:23
16276,1,0.8937251567840576,36.63,1,0,0.87,0:50:06
16277,1,69.10917663574219,36.63,0,1,0.87,0:54:55
16278,1,275.340576171875,36.63,1,0,0.87,0:50:17
16279,1,1771.6531982421882,36.63,1,0,0.87,0:49:04
16280,1,255.6195831298828,36.63,1,0,0.87,0:53:46
16281,1,1310.919799804688,36.63,1,0,0.87,0:48:46
16282,1,377.5501098632812,36.63,0,1,0.87,0:59:10
16283,1,49.19923400878906,36.63,0,1,0.87,0:52:44
16284,1,249.9365234375,36.63,0,1,0.87,0:51:15
16285,1,25.47182655334473,36.63,0,1,0.87,0:47:08
16286,1,96.02049255371094,36.63,0,1,0.87,0:49:53
16287,1,258.83737182617193,36.63,1,0,0.87,0:51:25
16288,1,486.5151062011719,36.63,0,1,0.87,0:52:49
16289,1,229.17529296875,36.63,0,1,0.87,0:53:25
16290,1,484.7640075683594,36.63,0,1,0.87,0:48:44
16291,1,117.6073379516602,36.63,0,1,0.87,0:53:58
16292,1,185.0966796875,36.63,0,1,0.87,0:53:59
16293,1,1479.5489501953118,36.63,1,0,0.87,0:46:42
16294,1,4.637299060821533,36.63,1,0,0.87,0:49:53
16295,1,0.5217891335487366,36.63,1,0,0.87,0:50:01
16296,1,14.070459365844732,36.63,0,1,0.87,0:49:39
16297,1,16.83182334899902,36.63,0,1,0.87,0:54:47
16298,1,33.42565536499023,36.63,1,0,0.87,0:54:21
16299,1,12.58986759185791,36.63,1,0,0.87,0:51:02
16300,1,197.583984375,36.63,1,0,0.87,0:49:49
16301,1,181.5143737792969,36.63,0,1,0.87,0:53:15
16302,1,15.224977493286133,36.63,1,0,0.87,0:49:23
16303,1,278.0640869140625,36.63,0,1,0.87,0:53:00
16304,1,380.0,36.63,0,1,0.87,0:53:34
16305,1,181.5143737792969,36.63,1,0,0.87,0:53:16
16306,1,15.224977493286133,36.63,0,1,0.87,0:49:24
16307,1,364.0152587890625,36.63,0,1,0.87,0:53:43
16308,1,16.698308944702152,36.63,1,0,0.87,0:49:11
16309,1,421.3871459960938,36.63,0,1,0.87,0:50:37
16310,1,217.5126495361328,36.63,0,1,0.87,0:50:34
16311,1,266.2826538085938,36.63,0,1,0.87,0:51:08
16312,1,16.49083518981934,36.63,1,0,0.87,0:54:30
16313,1,66.01445007324219,36.63,1,0,0.87,0:56:16
16314,1,184.4700164794922,36.63,0,1,0.87,0:53:54
16315,1,71.8073501586914,36.63,0,1,0.87,0:55:00
16316,1,318.9283142089844,36.63,0,1,0.87,0:53:51
16317,1,212.4296722412109,36.63,0,1,0.87,0:52:11
16318,1,421.3871459960938,36.63,0,1,0.87,0:57:40
16319,1,10.054220199584961,36.63,0,1,0.87,0:53:13
16320,1,8.194785118103027,36.63,0,1,0.87,0:50:00
16321,1,151.7768249511719,36.63,1,0,0.87,0:52:10
16322,1,282.0519104003906,36.63,0,1,0.87,0:53:48
16323,1,15.224977493286133,36.63,0,1,0.87,0:50:59
16324,1,987.7908325195312,36.63,0,1,0.87,0:54:42
16325,1,724.8308715820312,36.63,0,1,0.87,0:51:59
16326,1,408.8565673828125,36.63,1,0,0.87,0:57:43
16327,1,219.4654235839844,36.63,0,1,0.87,0:53:23
16328,1,58.24190902709961,36.63,1,0,0.87,0:47:18
16329,1,108.46487426757808,36.63,0,1,0.87,0:52:30
16330,1,403.1315612792969,36.63,0,1,0.87,0:51:18
16331,1,15.55781936645508,36.63,1,0,0.87,0:53:47
16332,1,261.49755859375,36.63,0,1,0.87,0:53:37
16333,1,350.0142822265625,36.63,0,1,0.87,0:53:37
16334,1,9.057069778442383,36.63,1,0,0.87,0:50:14
16335,1,211.6295166015625,36.63,1,0,0.87,0:49:15
16336,1,184.38775634765616,36.63,0,1,0.87,0:50:50
16337,1,104.0583648681641,36.63,1,0,0.87,0:52:07
16338,1,207.2844543457031,36.63,1,0,0.87,0:52:50
16339,1,16.83619689941406,36.63,0,1,0.87,0:49:57
16340,1,11.085031509399409,36.63,0,1,0.87,0:54:56
16341,1,74.28327941894531,36.63,1,0,0.87,0:50:26
16342,1,91.7226791381836,36.63,0,1,0.87,0:49:50
16343,1,380.0,36.63,0,1,0.87,0:54:36
16344,1,43.62190246582031,36.63,0,1,0.87,0:53:08
16345,1,377.5501098632812,36.63,0,1,0.87,0:49:11
16346,1,42.45837020874023,36.63,1,0,0.87,0:49:42
16347,1,16.84739112854004,36.63,0,1,0.87,0:51:22
16348,1,47.62214660644531,36.63,1,0,0.87,0:49:47
16349,1,198.6672515869141,36.63,0,1,0.87,0:54:07
16350,1,16.84739112854004,36.63,0,1,0.87,0:49:29
16351,1,227.4219207763672,36.63,1,0,0.87,0:48:35
16352,1,1755.99658203125,36.63,1,0,0.87,0:54:36
16353,1,119.56497192382808,36.63,0,1,0.87,0:53:31
16354,1,186.5994720458984,36.63,0,1,0.87,0:52:29
16355,1,267.13119506835943,36.63,0,1,0.87,0:52:55
16356,1,159.2595977783203,36.63,1,0,0.87,0:41:00
16357,1,15.55781936645508,36.63,0,1,0.87,0:47:05
16358,1,10.44183731079102,36.63,1,0,0.87,0:51:18
16359,1,92.71110534667969,36.63,1,0,0.87,0:50:03
16360,1,46.49349594116211,36.63,0,1,0.87,0:52:16
16361,1,181.5143737792969,36.63,0,1,0.87,0:51:49
16362,1,10.44776248931885,36.63,0,1,0.87,0:51:40
16363,1,1596.6729736328118,36.63,0,1,0.87,0:53:31
16364,1,15.224977493286133,36.63,1,0,0.87,0:53:09
16365,1,292.7398376464844,36.63,1,0,0.87,0:49:25
16366,1,222.6948394775391,36.63,0,1,0.87,0:53:11
16367,1,386.1435546875,36.63,1,0,0.87,0:52:35
16368,1,251.0852508544922,36.63,0,1,0.87,0:51:49
16369,1,33.1964111328125,36.63,0,1,0.87,0:52:34
16370,1,198.6672515869141,36.63,0,1,0.87,0:53:12
16371,1,15.224977493286133,36.63,1,0,0.87,0:53:54
16372,1,16.83182334899902,36.63,0,1,0.87,0:54:34
16373,1,126.1217880249023,36.63,0,1,0.87,0:52:39
16374,1,57.9035758972168,36.63,1,0,0.87,0:57:24
16375,1,187.9427490234375,36.63,1,0,0.87,0:51:16
16376,1,28.79966735839844,36.63,1,0,0.87,0:46:18
16377,1,250.41265869140616,36.63,0,1,0.87,0:51:40
16378,1,259.998291015625,36.63,0,1,0.87,0:54:42
16379,1,48.10107803344727,36.63,1,0,0.87,0:53:38
16380,1,7.150104522705077,36.63,0,1,0.87,0:53:28
16381,1,259.998291015625,36.63,1,0,0.87,0:48:30
16382,1,10.44776248931885,36.63,1,0,0.87,0:53:11
16383,1,502.0331420898438,36.63,0,1,0.87,0:50:32
16384,1,237.1200256347656,36.63,0,1,0.87,0:53:13
16385,1,32.52695846557617,36.63,0,1,0.87,0:50:42
16386,1,71.07490539550781,36.63,0,1,0.87,0:52:36
16387,1,376.7197570800781,36.63,1,0,0.87,0:50:08
16388,1,20.82563400268555,36.63,0,1,0.87,0:51:42
16389,1,51.877418518066406,36.63,0,1,0.87,0:50:09
16390,1,86.27144622802734,36.63,0,1,0.87,0:54:00
16391,1,102.071533203125,36.63,1,0,0.87,0:49:15
16392,1,51.94340515136719,36.63,1,0,0.87,0:45:58
16393,1,48.14954376220703,36.63,0,1,0.87,0:52:57
16394,1,66.11064147949219,36.63,0,1,0.87,0:50:23
16395,1,197.583984375,36.63,0,1,0.87,0:52:42
16396,1,6.090157508850098,36.63,0,1,0.87,0:53:09
16397,1,20.75730895996094,36.63,0,1,0.87,0:54:11
16398,1,273.1287841796875,36.63,1,0,0.87,0:48:10
16399,1,330.2688598632812,36.63,1,0,0.87,0:50:25
16400,1,24.08057594299316,36.63,1,0,0.87,0:53:17
16401,1,569.87158203125,36.63,0,1,0.87,0:54:32
16402,1,286.1327819824219,36.63,1,0,0.87,0:50:03
16403,1,666.8341674804688,36.63,0,1,0.87,0:50:27
16404,1,403.0738830566406,36.63,1,0,0.87,0:49:39
16405,1,223.0571441650391,36.63,0,1,0.87,0:53:09
16406,1,157.4949645996094,36.63,1,0,0.87,0:50:58
16407,1,98.79670715332031,36.63,1,0,0.87,0:51:17
16408,1,53.9427490234375,36.63,1,0,0.87,0:50:14
16409,1,195.6222991943359,36.63,0,1,0.87,0:48:41
16410,1,38.32305526733398,36.63,0,1,0.87,0:50:19
16411,1,15.224977493286133,36.63,1,0,0.87,0:49:41
16412,1,247.7964324951172,36.63,1,0,0.87,0:51:21
16413,1,131.7489013671875,36.63,0,1,0.87,0:52:53
16414,1,276.05001831054693,36.63,1,0,0.87,0:51:28
16415,1,614.4942016601562,36.63,0,1,0.87,0:48:39
16416,1,24.7951545715332,36.63,1,0,0.87,0:50:47
16417,1,190.7033538818359,36.63,0,1,0.87,0:53:10
16418,1,5.032363891601562,36.63,1,0,0.87,0:52:47
16419,1,89.8837890625,36.63,1,0,0.87,0:53:07
16420,1,159.9830627441406,36.63,0,1,0.87,0:53:11
16421,1,223.5868377685547,36.63,1,0,0.87,0:49:21
16422,1,31.52193450927734,36.63,1,0,0.87,0:53:17
16423,1,235.5023956298828,36.63,0,1,0.87,0:50:03
16424,1,20.63361167907715,36.63,0,1,0.87,0:50:26
16425,1,380.0,36.63,0,1,0.87,0:54:04
16426,1,544.2213134765625,36.63,1,0,0.87,0:51:57
16427,1,11.57025718688965,36.63,0,1,0.87,0:51:59
16428,1,197.85333251953116,36.63,1,0,0.87,0:53:21
16429,1,115.60287475585942,36.63,0,1,0.87,0:52:41
16430,1,1352.164184570312,36.63,0,1,0.87,0:52:01
16431,1,14.32654094696045,36.63,0,1,0.87,0:55:59
16432,1,86.02850341796875,36.63,0,1,0.87,0:50:38
16433,1,115.60287475585942,36.63,1,0,0.87,0:52:41
16434,1,139.7259826660156,36.63,1,0,0.87,0:53:23
16435,1,97.90020751953124,36.63,0,1,0.87,0:51:23
16436,1,15.224977493286133,36.63,1,0,0.87,0:57:08
16437,1,344.7054748535156,36.63,0,1,0.87,0:54:13
16438,1,376.7197570800781,36.63,0,1,0.87,0:48:59
16439,1,56.91091918945312,36.63,0,1,0.87,0:51:02
16440,1,10.44183731079102,36.63,0,1,0.87,0:58:27
16441,1,278.0033569335938,36.63,0,1,0.87,0:51:30
16442,1,176.6798248291016,36.63,1,0,0.87,0:50:47
16443,1,90.6382827758789,36.63,0,1,0.87,0:52:16
16444,1,2.068990468978882,36.63,0,1,0.87,0:52:59
16445,1,199.52099609375,36.63,0,1,0.87,0:53:28
16446,1,29.0,36.63,0,1,0.87,0:54:15
16447,1,259.998291015625,36.63,0,1,0.87,0:48:51
16448,1,374.1132507324219,36.63,0,1,0.87,0:52:44
16449,1,7.965522289276122,36.63,0,1,0.87,0:54:26
16450,1,1630.3333740234382,36.63,0,1,0.87,0:52:19
16451,1,15.55781936645508,36.63,0,1,0.87,0:54:32
16452,1,336.8722839355469,36.63,0,1,0.87,0:48:38
16453,1,10.44776248931885,36.63,1,0,0.87,0:55:09
16454,1,251.0852508544922,36.63,1,0,0.87,0:47:58
16455,1,13.55171585083008,36.63,0,1,0.87,0:54:41
16456,1,7.776358127593994,36.63,0,1,0.87,0:54:10
16457,1,41.13945007324219,36.63,1,0,0.87,0:49:58
16458,1,611.3375244140625,36.63,0,1,0.87,0:51:22
16459,1,399.5064086914062,36.63,1,0,0.87,0:53:35
16460,1,109.5122451782227,36.63,0,1,0.87,0:53:40
16461,1,392.8235778808594,36.63,1,0,0.87,0:50:40
16462,1,140.6603088378906,36.63,0,1,0.87,0:47:48
16463,1,13.973583221435552,36.63,0,1,0.87,0:51:31
16464,1,50.00377655029297,36.63,0,1,0.87,0:50:50
16465,1,205.6886901855469,36.63,0,1,0.87,0:55:08
16466,1,13.973583221435552,36.63,0,1,0.87,0:51:30
16467,1,179.3947906494141,36.63,0,1,0.87,0:50:59
16468,1,421.3871459960938,36.63,1,0,0.87,0:54:26
16469,1,16.84739112854004,36.63,1,0,0.87,0:56:36
16470,1,90.16681671142578,36.63,0,1,0.87,0:54:54
16471,1,319.1960144042969,36.63,0,1,0.87,0:51:48
16472,1,157.8869781494141,36.63,0,1,0.87,0:53:05
16473,1,393.7900390625,36.63,1,0,0.87,0:50:56
16474,1,166.2202301025391,36.63,0,1,0.87,0:53:20
16475,1,40.07844161987305,36.63,0,1,0.87,0:49:33
16476,1,225.5588531494141,36.63,1,0,0.87,0:50:57
16477,1,571.0994873046875,36.63,0,1,0.87,0:51:51
16478,1,16.83182334899902,36.63,0,1,0.87,0:55:09
16479,1,25.37751960754395,36.63,1,0,0.87,0:52:44
16480,1,9.03772258758545,36.63,0,1,0.87,0:52:49
16481,1,1.979974031448364,36.63,1,0,0.87,0:51:15
16482,1,22.98846054077148,36.63,0,1,0.87,0:51:34
16483,1,1855.5650634765616,36.63,0,1,0.87,0:51:34
16484,1,10.44776248931885,36.63,0,1,0.87,0:50:08
16485,1,60.74023818969727,36.63,1,0,0.87,0:56:35
16486,1,150.3178405761719,36.63,1,0,0.87,0:53:24
16487,1,181.5143737792969,36.63,0,1,0.87,0:52:32
16488,1,37.5223388671875,36.63,1,0,0.87,0:52:38
16489,1,232.5149993896484,36.63,0,1,0.87,0:54:17
16490,1,286.8392639160156,36.63,1,0,0.87,0:49:20
16491,1,197.583984375,36.63,1,0,0.87,0:43:55
16492,1,3.798119306564331,36.63,1,0,0.87,0:53:08
16493,1,55.65824508666992,36.63,0,1,0.87,0:54:49
16494,1,356.2755432128906,36.63,0,1,0.87,0:53:53
16495,1,118.5949020385742,36.63,0,1,0.87,0:51:14
16496,1,105.6290054321289,36.63,0,1,0.87,0:56:03
16497,1,468.1267395019531,36.63,0,1,0.87,0:54:22
16498,1,614.4942016601562,36.63,0,1,0.87,0:51:47
16499,1,71.8073501586914,36.63,1,0,0.87,0:53:38
16500,1,100.2840957641602,36.63,0,1,0.87,0:52:36
16501,1,24.11320304870605,36.63,0,1,0.87,0:55:08
16502,1,468.1267395019531,36.63,0,1,0.87,0:54:22
16503,1,182.04888916015616,36.63,0,1,0.87,0:52:59
16504,1,16.965141296386722,36.63,0,1,0.87,0:52:54
16505,1,13.445884704589838,36.63,0,1,0.87,0:47:10
16506,1,169.5493469238281,36.63,0,1,0.87,0:51:28
16507,1,101.87521362304692,36.63,1,0,0.87,0:50:02
16508,1,113.2635650634766,36.63,0,1,0.87,0:51:23
16509,1,55.22239303588867,36.63,1,0,0.87,0:52:00
16510,1,16.84739112854004,36.63,1,0,0.87,0:49:13
16511,1,1976.76318359375,36.63,1,0,0.87,0:49:28
16512,1,775.9696044921875,36.63,1,0,0.87,0:50:34
16513,2,27.96543884277344,36.63,1,0,0.87,0:56:00
16514,1,6.027743339538574,36.63,0,1,0.87,0:51:32
16515,1,239.3311767578125,36.63,0,1,0.87,0:53:38
16516,1,302.9169311523438,36.63,1,0,0.87,0:52:57
16517,1,149.1394653320312,36.63,0,1,0.87,0:53:13
16518,1,148.55224609375,36.63,0,1,0.87,0:52:25
16519,1,12.58986759185791,36.63,1,0,0.87,0:49:35
16520,1,54.46154022216797,36.63,1,0,0.87,0:51:12
16521,1,408.8565673828125,36.63,0,1,0.87,0:47:24
16522,1,17.3270263671875,36.63,0,1,0.87,0:53:26
16523,1,14.566981315612788,36.63,0,1,0.87,0:52:31
16524,1,614.4942016601562,36.63,1,0,0.87,0:50:09
16525,1,12.58986759185791,36.63,0,1,0.87,0:54:17
16526,1,21.91367149353027,36.63,0,1,0.87,0:52:08
16527,1,181.5143737792969,36.63,1,0,0.87,0:48:07
16528,1,0.1636374741792679,36.63,1,0,0.87,0:57:00
16529,1,28.003864288330078,36.63,0,1,0.87,0:51:47
16530,1,181.5143737792969,36.63,0,1,0.87,0:52:58
16531,1,232.5149993896484,36.63,1,0,0.87,0:53:30
16532,1,39.21760559082031,36.63,1,0,0.87,0:52:44
16533,1,232.5149993896484,36.63,0,1,0.87,0:53:30
16534,1,11.57025718688965,36.63,1,0,0.87,0:54:36
16535,1,5.22021484375,36.63,1,0,0.87,0:52:21
16536,1,1623.9774169921882,36.63,1,0,0.87,0:51:27
16537,1,48.10107803344727,36.63,1,0,0.87,0:55:58
16538,1,15.023329734802251,36.63,1,0,0.87,0:47:13
16539,1,27.19778060913086,36.63,0,1,0.87,0:51:21
16540,1,157.0987854003906,36.63,1,0,0.87,0:49:26
16541,1,402.0382385253906,36.63,0,1,0.87,0:51:43
16542,1,82.16121673583984,36.63,1,0,0.87,0:55:10
16543,1,11.7332706451416,36.63,0,1,0.87,0:54:24
16544,1,159.2595977783203,36.63,0,1,0.87,0:51:04
16545,1,259.998291015625,36.63,0,1,0.87,0:53:35
16546,1,1631.184326171875,36.63,1,0,0.87,0:53:49
16547,1,74.23316192626953,36.63,1,0,0.87,0:49:41
16548,1,64.14952850341797,36.63,1,0,0.87,0:50:53
16549,1,77.22608184814453,36.63,0,1,0.87,0:52:40
16550,1,4.375861644744873,36.63,1,0,0.87,0:48:59
16551,1,421.3871459960938,36.63,1,0,0.87,0:56:20
16552,1,50.50469589233398,36.63,1,0,0.87,0:55:27
16553,1,133.931640625,36.63,1,0,0.87,0:53:06
16554,1,319.501708984375,36.63,0,1,0.87,0:53:22
16555,1,5.020810604095459,36.63,1,0,0.87,0:51:50
16556,1,326.5201110839844,36.63,1,0,0.87,0:53:22
16557,1,29.92440032958984,36.63,0,1,0.87,0:51:55
16558,1,180.2863311767578,36.63,1,0,0.87,0:50:24
16559,1,1046.732788085938,36.63,0,1,0.87,0:55:36
16560,1,1517.81298828125,36.63,1,0,0.87,0:54:49
16561,1,4.143080711364746,36.63,1,0,0.87,0:55:23
16562,1,159.9830627441406,36.63,0,1,0.87,0:53:38
16563,1,16.83182334899902,36.63,0,1,0.87,0:48:58
16564,1,236.900634765625,36.63,0,1,0.87,0:53:54
16565,1,222.7997283935547,36.63,1,0,0.87,0:47:40
16566,1,7.965522289276122,36.63,1,0,0.87,0:47:49
16567,1,21.80615043640137,36.63,0,1,0.87,0:47:48
16568,1,91.7226791381836,36.63,0,1,0.87,0:51:44
16569,1,4.784560680389403,36.63,0,1,0.87,0:49:02
16570,1,16.33736801147461,36.63,1,0,0.87,0:53:40
16571,1,8.28082275390625,36.63,1,0,0.87,0:53:02
16572,1,80.88738250732422,36.63,1,0,0.87,0:53:01
16573,1,345.8526306152344,36.63,1,0,0.87,0:52:05
16574,1,254.7844543457031,36.63,0,1,0.87,0:51:52
16575,1,330.508056640625,36.63,1,0,0.87,0:50:02
16576,1,152.9394073486328,36.63,0,1,0.87,0:53:59
16577,1,7.965522289276122,36.63,1,0,0.87,0:55:38
16578,1,65.05636596679689,36.63,1,0,0.87,0:53:41
16579,1,46.89765167236328,36.63,1,0,0.87,0:50:38
16580,1,24.55533409118652,36.63,1,0,0.87,0:53:38
16581,1,20.63361167907715,36.63,0,1,0.87,0:55:15
16582,1,213.9249420166016,36.63,1,0,0.87,0:50:30
16583,1,31.71040916442871,36.63,0,1,0.87,0:52:47
16584,1,343.5472106933594,36.63,1,0,0.87,0:49:34
16585,1,14.359289169311518,36.63,1,0,0.87,0:53:34
16586,1,185.2336273193359,36.63,1,0,0.87,0:53:32
16587,1,105.6290054321289,36.63,0,1,0.87,0:49:14
16588,1,134.7990417480469,36.63,1,0,0.87,0:52:50
16589,2,368.4687805175781,36.63,1,0,0.87,0:51:03
16590,1,223.0571441650391,36.63,0,1,0.87,0:54:07
16591,1,223.0571441650391,36.63,0,1,0.87,0:54:07
16592,1,5.3900957107543945,36.63,1,0,0.87,0:49:53
16593,1,55.27118682861328,36.63,0,1,0.87,0:54:19
16594,1,222.7952117919922,36.63,0,1,0.87,0:52:21
16595,1,24.55533409118652,36.63,1,0,0.87,0:50:05
16596,1,132.909912109375,36.63,1,0,0.87,0:51:07
16597,1,2.9630379676818848,36.63,1,0,0.87,0:52:06
16598,1,226.5792541503906,36.63,1,0,0.87,0:51:05
16599,1,116.2873992919922,36.63,0,1,0.87,0:49:19
16600,1,259.998291015625,36.63,0,1,0.87,0:50:07
16601,1,189.5145568847656,36.63,0,1,0.87,0:53:39
16602,1,39.64147567749023,36.63,0,1,0.87,0:51:25
16603,1,7.704025745391848,36.63,0,1,0.87,0:51:34
16604,1,239.9998931884766,36.63,0,1,0.87,0:52:11
16605,1,361.3132934570312,36.63,0,1,0.87,0:51:52
16606,1,10.44183731079102,36.63,1,0,0.87,0:50:00
16607,1,2465.108642578125,36.63,0,1,0.87,0:53:09
16608,1,1511.2135009765618,36.63,0,1,0.87,0:51:23
16609,1,144.0,36.63,1,0,0.87,0:53:26
16610,1,180.7942352294922,36.63,0,1,0.87,0:52:13
16611,1,7.425701141357423,36.63,0,1,0.87,0:54:25
16612,1,260.55117797851557,36.63,0,1,0.87,0:53:49
16613,1,259.998291015625,36.63,0,1,0.87,0:53:56
16614,1,144.0990447998047,36.63,0,1,0.87,0:52:34
16615,1,378.2447204589844,36.63,0,1,0.87,0:53:06
16616,1,122.92086791992192,36.63,0,1,0.87,0:51:26
16617,1,155.4471130371094,36.63,0,1,0.87,0:47:06
16618,1,261.49755859375,36.63,0,1,0.87,0:51:33
16619,1,1525.08740234375,36.63,1,0,0.87,0:53:55
16620,1,822.3980712890625,36.63,0,1,0.87,0:55:04
16621,1,219.4850006103516,36.63,1,0,0.87,0:53:28
16622,1,47.6925277709961,36.63,1,0,0.87,0:52:26
16623,1,16.91690063476562,36.63,1,0,0.87,0:53:56
16624,1,24.55402755737305,36.63,1,0,0.87,0:45:53
16625,1,320.0387878417969,36.63,0,1,0.87,0:52:19
16626,1,47.437461853027344,36.63,1,0,0.87,0:51:26
16627,1,228.6362762451172,36.63,1,0,0.87,0:51:02
16628,1,38.78234481811523,36.63,0,1,0.87,0:52:30
16629,1,2.377232074737549,36.63,1,0,0.87,0:52:41
16630,1,189.2773132324219,36.63,1,0,0.87,0:45:24
16631,1,181.5143737792969,36.63,0,1,0.87,0:51:41
16632,1,181.5143737792969,36.63,0,1,0.87,0:52:37
16633,1,33.72554397583008,36.63,0,1,0.87,0:54:40
16634,1,181.5143737792969,36.63,1,0,0.87,0:51:42
16635,1,254.6612243652344,36.63,0,1,0.87,0:54:04
16636,1,384.0559692382812,36.63,0,1,0.87,0:54:29
16637,1,542.0845947265625,36.63,0,1,0.87,0:52:45
16638,1,1.471178650856018,36.63,0,1,0.87,0:54:04
16639,1,260.55117797851557,36.63,0,1,0.87,0:53:52
16640,1,61.94044494628906,36.63,0,1,0.87,0:53:11
16641,1,205.3109893798828,36.63,1,0,0.87,0:52:39
16642,1,215.57110595703116,36.63,0,1,0.87,0:48:23
16643,1,92.6033706665039,36.63,0,1,0.87,0:52:28
16644,1,284.6058349609375,36.63,0,1,0.87,0:51:46
16645,2,156.1229248046875,36.63,1,0,0.87,0:46:23
16646,1,89.9334945678711,36.63,1,0,0.87,0:55:19
16647,1,975.9893798828124,36.63,0,1,0.87,0:54:25
16648,1,31.52193450927734,36.63,1,0,0.87,0:53:07
16649,1,14.939809799194341,36.63,0,1,0.87,0:54:28
16650,1,92.49187469482422,36.63,1,0,0.87,0:53:10
16651,1,3.8890023231506343,36.63,0,1,0.87,0:50:46
16652,1,102.071533203125,36.63,0,1,0.87,0:53:10
16653,1,35.48947143554688,36.63,0,1,0.87,0:52:38
16654,1,1300.004516601562,36.63,1,0,0.87,0:50:20
16655,1,103.3260650634766,36.63,0,1,0.87,0:52:38
16656,1,546.0197143554689,36.63,1,0,0.87,0:44:39
16657,1,89.8837890625,36.63,0,1,0.87,0:51:57
16658,1,222.6948394775391,36.63,0,1,0.87,0:55:08
16659,1,16.25686454772949,36.63,0,1,0.87,0:54:55
16660,1,7.058139324188232,36.63,1,0,0.87,0:55:33
16661,1,18.26416397094727,36.63,1,0,0.87,0:55:37
16662,1,18.26416397094727,36.63,0,1,0.87,0:55:37
16663,1,41.98091506958008,36.63,1,0,0.87,0:51:04
16664,1,53.74789428710938,36.63,0,1,0.87,0:53:41
16665,1,22.59490966796875,36.63,1,0,0.87,0:50:41
16666,1,349.5276489257812,36.63,0,1,0.87,0:52:38
16667,1,15.66604614257812,36.63,0,1,0.87,0:54:11
16668,1,222.7997283935547,36.63,1,0,0.87,0:47:21
16669,1,137.57452392578122,36.63,0,1,0.87,0:50:40
16670,1,14.566981315612788,36.63,0,1,0.87,0:54:11
16671,1,376.7197570800781,36.63,0,1,0.87,0:53:23
16672,1,91.46649932861328,36.63,0,1,0.87,0:49:18
16673,1,86.89449310302734,36.63,0,1,0.87,0:50:01
16674,1,331.5245056152344,36.63,0,1,0.87,0:51:13
16675,1,22.97274398803711,36.63,1,0,0.87,0:49:46
16676,1,300.2761840820312,36.63,0,1,0.87,0:54:21
16677,1,69.64772033691406,36.63,0,1,0.87,0:51:52
16678,1,3.245586395263672,36.63,0,1,0.87,0:51:05
16679,1,39.21760559082031,36.63,0,1,0.87,0:50:33
16680,1,50.37995910644531,36.63,0,1,0.87,0:54:03
16681,1,43.40957641601562,36.63,0,1,0.87,0:53:19
16682,1,51.25374603271485,36.63,1,0,0.87,0:46:16
16683,1,233.7287750244141,36.63,0,1,0.87,0:53:52
16684,1,188.2588348388672,36.63,1,0,0.87,0:54:18
16685,1,16.84739112854004,36.63,0,1,0.87,0:52:04
16686,1,6.110790252685548,36.63,1,0,0.87,0:48:37
16687,1,30.80482292175293,36.63,0,1,0.87,0:51:49
16688,1,254.7844543457031,36.63,0,1,0.87,0:54:05
16689,1,1509.999267578125,36.63,0,1,0.87,0:53:13
16690,1,101.87521362304692,36.63,0,1,0.87,0:50:56
16691,1,31.97005462646484,36.63,0,1,0.87,0:51:25
16692,1,7.150104522705077,36.63,0,1,0.87,0:52:51
16693,1,392.9354553222656,36.63,0,1,0.87,0:54:13
16694,1,392.9354553222656,36.63,0,1,0.87,0:54:14
16695,1,8.628658294677733,36.63,0,1,0.87,0:50:53
16696,1,67.05751800537111,36.63,0,1,0.87,0:52:11
16697,1,21.31677055358887,36.63,1,0,0.87,1:00:27
16698,1,19.24552345275879,36.63,1,0,0.87,0:49:16
16699,1,185.30194091796884,36.63,1,0,0.87,0:54:51
16700,1,3.1048374176025386,36.63,0,1,0.87,0:53:11
16701,1,185.56158447265616,36.63,1,0,0.87,0:52:40
16702,1,44.25897216796875,36.63,0,1,0.87,0:51:59
16703,1,17.05924987792969,36.63,0,1,0.87,0:55:17
16704,1,6.029303550720215,36.63,1,0,0.87,0:52:29
16705,1,86.84709167480469,36.63,0,1,0.87,0:51:02
16706,1,5.618453025817871,36.63,1,0,0.87,0:52:08
16707,1,250.0541687011719,36.63,0,1,0.87,0:51:01
16708,1,122.42247772216801,36.63,0,1,0.87,0:50:45
16709,1,131.0602111816406,36.63,0,1,0.87,0:53:48
16710,1,299.6451721191406,36.63,1,0,0.87,0:51:33
16711,1,17.74314880371094,36.63,1,0,0.87,0:50:37
16712,1,71.26370239257812,36.63,1,0,0.87,0:53:48
16713,1,21.00292205810547,36.63,1,0,0.87,0:53:55
16714,1,128.44091796875,36.63,1,0,0.87,0:53:55
16715,1,1473.49462890625,36.63,0,1,0.87,0:53:43
16716,1,6.0,36.63,0,1,0.87,0:53:55
16717,1,29.1304931640625,36.63,0,1,0.87,0:53:15
16718,1,257.818115234375,36.63,1,0,0.87,0:50:34
16719,1,428.7605285644531,36.63,1,0,0.87,0:49:53
16720,1,58.07442092895508,36.63,1,0,0.87,0:53:46
16721,1,6.090157508850098,36.63,0,1,0.87,0:52:26
16722,1,181.5143737792969,36.63,0,1,0.87,0:51:26
16723,1,10.44776248931885,36.63,1,0,0.87,0:57:02
16724,1,7.965522289276122,36.63,0,1,0.87,0:52:56
16725,1,246.6132659912109,36.63,0,1,0.87,0:50:43
16726,1,86.27144622802734,36.63,0,1,0.87,0:49:07
16727,1,384.0559692382812,36.63,0,1,0.87,0:53:09
16728,1,19.23562431335449,36.63,1,0,0.87,0:56:52
16729,1,263.49282836914057,36.63,0,1,0.87,0:54:09
16730,1,14.070459365844732,36.63,1,0,0.87,0:52:24
16731,1,128.1840515136719,36.63,1,0,0.87,0:52:58
16732,1,51.94340515136719,36.63,1,0,0.87,0:46:39
16733,1,106.87122344970699,36.63,0,1,0.87,0:51:47
16734,1,841.2716064453125,36.63,1,0,0.87,0:46:34
16735,1,10.44776248931885,36.63,0,1,0.87,0:57:15
16736,1,666.8341674804688,36.63,0,1,0.87,0:53:12
16737,1,74.23316192626953,36.63,0,1,0.87,0:53:49
16738,1,17.3270263671875,36.63,1,0,0.87,0:53:27
16739,1,10.44776248931885,36.63,0,1,0.87,0:55:31
16740,1,214.0022888183594,36.63,0,1,0.87,0:51:16
16741,1,177.1923370361328,36.63,1,0,0.87,0:51:59
16742,1,259.998291015625,36.63,1,0,0.87,0:54:25
16743,1,1447.141357421875,36.63,1,0,0.87,0:49:52
16744,1,11.82077217102051,36.63,1,0,0.87,0:53:40
16745,1,18.36637115478516,36.63,0,1,0.87,0:50:32
16746,1,231.436279296875,36.63,1,0,0.87,0:49:36
16747,1,196.8123321533203,36.63,0,1,0.87,0:49:37
16748,1,16.84739112854004,36.63,0,1,0.87,0:53:38
16749,1,3.6919877529144287,36.63,0,1,0.87,0:52:50
16750,1,31.15312194824219,36.63,1,0,0.87,0:48:50
16751,1,398.2716369628906,36.63,0,1,0.87,0:54:07
16752,1,14.32654094696045,36.63,0,1,0.87,0:52:54
16753,1,5.22021484375,36.63,1,0,0.87,0:45:21
16754,1,233.2363739013672,36.63,0,1,0.87,0:53:24
16755,1,10.44776248931885,36.63,0,1,0.87,0:56:34
16756,1,56.084815979003906,36.63,1,0,0.87,0:52:36
16757,1,1976.76318359375,36.63,0,1,0.87,0:48:10
16758,1,614.4942016601562,36.63,0,1,0.87,0:52:55
16759,1,108.46487426757808,36.63,1,0,0.87,0:51:46
16760,1,1831.0819091796882,36.63,0,1,0.87,0:52:45
16761,1,12.55933380126953,36.63,0,1,0.87,0:51:59
16762,1,55.22239303588867,36.63,0,1,0.87,0:52:44
16763,1,259.998291015625,36.63,0,1,0.87,0:52:52
16764,1,1.4977959394454958,36.63,1,0,0.87,0:54:04
16765,1,49.35443496704102,36.63,0,1,0.87,0:48:24
16766,1,137.57452392578122,36.63,0,1,0.87,0:52:41
16767,1,135.6158752441406,36.63,1,0,0.87,0:48:07
16768,1,222.5330810546875,36.63,0,1,0.87,0:53:27
16769,1,1831.0819091796882,36.63,0,1,0.87,0:51:39
16770,1,9.87485122680664,36.63,0,1,0.87,0:53:50
16771,1,446.512451171875,36.63,0,1,0.87,0:52:14
16772,1,212.349853515625,36.63,0,1,0.87,0:52:42
16773,1,10.44183731079102,36.63,0,1,0.87,0:53:05
16774,1,10.44776248931885,36.63,0,1,0.87,0:53:03
16775,1,219.4850006103516,36.63,0,1,0.87,0:53:03
16776,1,56.4234848022461,36.63,1,0,0.87,0:54:58
16777,1,103.4696578979492,36.63,0,1,0.87,0:54:30
16778,1,7.309962749481201,36.63,1,0,0.87,0:56:05
16779,1,85.61605834960938,36.63,0,1,0.87,0:50:34
16780,1,41.80335235595703,36.63,0,1,0.87,0:52:34
16781,1,85.61605834960938,36.63,0,1,0.87,0:50:34
16782,1,232.5149993896484,36.63,0,1,0.87,0:51:51
16783,1,50.26950454711914,36.63,1,0,0.87,0:53:39
16784,1,724.8308715820312,36.63,0,1,0.87,0:52:00
16785,1,182.940185546875,36.63,1,0,0.87,0:50:01
16786,1,42.68008041381836,36.63,0,1,0.87,0:53:03
16787,1,11.929783821105962,36.63,0,1,0.87,1:00:32
16788,1,35.65705490112305,36.63,1,0,0.87,1:00:57
16789,1,277.4137573242188,36.63,0,1,0.87,0:49:16
16790,1,231.64434814453116,36.63,1,0,0.87,0:52:43
16791,1,41.98091506958008,36.63,1,0,0.87,0:52:55
16792,1,229.17529296875,36.63,0,1,0.87,0:53:03
16793,1,4.352334499359132,36.63,0,1,0.87,0:53:59
16794,1,52.71562576293945,36.63,0,1,0.87,0:52:10
16795,1,8.818073272705078,36.63,1,0,0.87,0:51:04
16796,1,199.8629608154297,36.63,1,0,0.87,0:53:03
16797,1,1604.4976806640618,36.63,1,0,0.87,0:51:59
16798,1,15.224977493286133,36.63,0,1,0.87,0:45:07
16799,1,52.71562576293945,36.63,1,0,0.87,0:54:11
16800,1,286.3065490722656,36.63,0,1,0.87,0:52:31
16801,1,291.1369323730469,36.63,0,1,0.87,0:53:07
16802,1,11.603414535522461,36.63,1,0,0.87,0:53:08
16803,1,21.52046775817871,36.63,1,0,0.87,0:52:54
16804,1,29.92440032958984,36.63,0,1,0.87,0:52:28
16805,1,71.8073501586914,36.63,1,0,0.87,0:52:16
16806,1,369.2825317382812,36.63,1,0,0.87,0:48:32
16807,1,1046.732788085938,36.63,0,1,0.87,0:53:47
16808,1,194.29931640625,36.63,0,1,0.87,0:53:30
16809,1,71.8073501586914,36.63,0,1,0.87,0:54:11
16810,1,14.566981315612788,36.63,1,0,0.87,0:49:51
16811,1,194.29931640625,36.63,0,1,0.87,0:53:30
16812,1,86.71595001220703,36.63,1,0,0.87,0:51:24
16813,1,31.52193450927734,36.63,0,1,0.87,0:52:51
16814,1,218.9133148193359,36.63,0,1,0.87,0:50:59
16815,1,356.2755432128906,36.63,0,1,0.87,0:52:05
16816,1,50.67517471313477,36.63,0,1,0.87,0:54:44
16817,1,7.965522289276122,36.63,0,1,0.87,0:55:42
16818,1,245.0,36.63,0,1,0.87,0:49:38
16819,1,159.2595977783203,36.63,0,1,0.87,0:53:32
16820,2,89.6968994140625,36.63,1,0,0.87,0:47:32
16821,1,57.82163619995117,36.63,0,1,0.87,0:48:56
16822,1,10.44776248931885,36.63,0,1,0.87,0:56:07
16823,1,56.084815979003906,36.63,0,1,0.87,0:53:46
16824,1,36.19046020507812,36.63,0,1,0.87,0:49:56
16825,1,48.1821517944336,36.63,0,1,0.87,0:50:57
16826,1,321.1102600097656,36.63,1,0,0.87,0:48:14
16827,1,181.5143737792969,36.63,0,1,0.87,0:51:37
16828,1,211.1024017333984,36.63,0,1,0.87,0:52:41
16829,1,225.5588531494141,36.63,0,1,0.87,0:51:04
16830,1,1371.919311523438,36.63,1,0,0.87,0:51:05
16831,1,55.70695114135742,36.63,0,1,0.87,0:54:22
16832,1,78.83722686767578,36.63,0,1,0.87,0:53:01
16833,1,35.53342819213867,36.63,0,1,0.87,0:55:33
16834,1,15.23883628845215,36.63,0,1,0.87,0:53:25
16835,1,148.9870300292969,36.63,0,1,0.87,0:51:45
16836,1,288.2652893066406,36.63,1,0,0.87,0:52:26
16837,1,53.75360107421875,36.63,1,0,0.87,0:46:17
16838,1,22.78268432617188,36.63,1,0,0.87,0:53:31
16839,1,178.8844146728516,36.63,0,1,0.87,0:51:12
16840,1,35.83590698242188,36.63,1,0,0.87,0:50:02
16841,1,79.8224105834961,36.63,1,0,0.87,0:54:18
16842,1,571.0994873046875,36.63,0,1,0.87,0:51:44
16843,1,191.1289215087891,36.63,1,0,0.87,0:50:45
16844,1,14.070459365844732,36.63,0,1,0.87,0:51:57
16845,1,11.05302143096924,36.63,1,0,0.87,0:55:16
16846,1,185.5049743652344,36.63,0,1,0.87,0:53:42
16847,1,111.37350463867192,36.63,0,1,0.87,0:50:04
16848,1,3.1729369163513184,36.63,0,1,0.87,0:57:50
16849,1,2.360899686813354,36.63,1,0,0.87,0:59:33
16850,1,90.16681671142578,36.63,0,1,0.87,0:54:28
16851,1,192.6400146484375,36.63,0,1,0.87,0:51:02
16852,1,647.6728515625,36.63,1,0,0.87,0:52:41
16853,1,237.6291656494141,36.63,1,0,0.87,0:53:07
16854,1,47.94073104858398,36.63,1,0,0.87,0:52:04
16855,1,647.6728515625,36.63,1,0,0.87,0:52:42
16856,1,31.97005462646484,36.63,1,0,0.87,0:54:39
16857,1,53.74789428710938,36.63,0,1,0.87,0:54:15
16858,1,140.6603088378906,36.63,0,1,0.87,0:54:45
16859,1,117.1507339477539,36.63,0,1,0.87,0:52:24
16860,1,2.9525933265686035,36.63,0,1,0.87,0:50:17
16861,1,51.94340515136719,36.63,0,1,0.87,0:54:54
16862,1,259.998291015625,36.63,0,1,0.87,0:52:26
16863,1,43.62190246582031,36.63,0,1,0.87,0:51:18
16864,1,77.97574615478516,36.63,0,1,0.87,0:54:53
16865,1,11.085031509399409,36.63,0,1,0.87,0:51:32
16866,1,331.5713806152344,36.63,1,0,0.87,0:53:41
16867,1,12.88004207611084,36.63,0,1,0.87,0:52:19
16868,1,97.21581268310548,36.63,0,1,0.87,0:51:27
16869,1,270.184326171875,36.63,0,1,0.87,0:51:55
16870,1,195.2724914550781,36.63,1,0,0.87,0:49:35
16871,1,8.194785118103027,36.63,0,1,0.87,0:54:23
16872,1,233.2363739013672,36.63,0,1,0.87,0:53:03
16873,1,1831.0819091796882,36.63,1,0,0.87,0:46:53
16874,1,11.339376449584961,36.63,0,1,0.87,0:55:28
16875,1,421.3871459960938,36.63,1,0,0.87,0:56:41
16876,1,282.704345703125,36.63,1,0,0.87,0:51:14
16877,1,976.9442138671876,36.63,0,1,0.87,0:53:41
16878,1,10.44776248931885,36.63,1,0,0.87,0:56:41
16879,1,298.6752014160156,36.63,1,0,0.87,0:53:59
16880,1,1.91899299621582,36.63,0,1,0.87,0:53:43
16881,1,35.90165328979492,36.63,0,1,0.87,0:52:18
16882,1,330.508056640625,36.63,0,1,0.87,0:55:16
16883,1,11.656124114990227,36.63,1,0,0.87,0:56:16
16884,1,222.7997283935547,36.63,1,0,0.87,0:54:16
16885,1,222.7997283935547,36.63,0,1,0.87,0:54:16
16886,1,92.49187469482422,36.63,1,0,0.87,0:50:25
16887,1,188.2588348388672,36.63,0,1,0.87,0:49:48
16888,1,10.44183731079102,36.63,1,0,0.87,0:53:45
16889,1,245.8200225830078,36.63,0,1,0.87,0:54:52
16890,1,11.57025718688965,36.63,1,0,0.87,0:55:12
16891,1,164.3379516601562,36.63,1,0,0.87,0:55:05
16892,1,23.67902565002441,36.63,1,0,0.87,0:53:44
16893,1,32.82580184936523,36.63,0,1,0.87,0:52:47
16894,1,377.5501098632812,36.63,1,0,0.87,0:50:33
16895,1,356.2357482910156,36.63,1,0,0.87,0:51:39
16896,1,2.043102264404297,36.63,0,1,0.87,0:50:37
16897,1,267.03823852539057,36.63,0,1,0.87,0:54:00
16898,1,63.01810073852539,36.63,0,1,0.87,0:54:30
16899,1,149.1394653320312,36.63,1,0,0.87,0:52:06
16900,1,344.7054748535156,36.63,0,1,0.87,0:51:34
16901,1,152.7464294433594,36.63,1,0,0.87,0:44:56
16902,1,91.7226791381836,36.63,1,0,0.87,0:52:13
16903,1,140.9563293457031,36.63,0,1,0.87,0:54:27
16904,1,266.2826538085938,36.63,0,1,0.87,0:56:07
16905,1,2.822872638702393,36.63,1,0,0.87,0:52:27
16906,1,181.5143737792969,36.63,0,1,0.87,0:52:59
16907,1,206.0,36.63,1,0,0.87,0:52:18
16908,1,16.84739112854004,36.63,0,1,0.87,0:52:34
16909,1,80.09333801269531,36.63,0,1,0.87,0:54:17
16910,1,331.5713806152344,36.63,0,1,0.87,0:53:29
16911,1,36.75872421264648,36.63,1,0,0.87,0:52:58
16912,1,187.0788269042969,36.63,1,0,0.87,0:56:19
16913,1,186.2136383056641,36.63,0,1,0.87,0:53:53
16914,1,320.0387878417969,36.63,1,0,0.87,0:52:35
16915,1,10.44183731079102,36.63,0,1,0.87,0:49:23
16916,1,240.2882080078125,36.63,1,0,0.87,0:50:28
16917,1,1.7227665185928338,36.63,1,0,0.87,0:52:35
16918,1,544.2213134765625,36.63,1,0,0.87,0:49:10
16919,1,25.88694953918457,36.63,0,1,0.87,0:49:53
16920,1,102.4204788208008,36.63,0,1,0.87,0:53:25
16921,1,13.027480125427251,36.63,1,0,0.87,0:50:09
16922,1,30.4487247467041,36.63,0,1,0.87,0:58:59
16923,1,164.5906066894531,36.63,0,1,0.87,0:51:11
16924,1,37.5223388671875,36.63,0,1,0.87,0:58:59
16925,1,44.07478332519531,36.63,1,0,0.87,0:52:32
16926,1,34.67803573608398,36.63,1,0,0.87,0:54:22
16927,1,421.3871459960938,36.63,0,1,0.87,0:51:22
16928,1,126.3765335083008,36.63,1,0,0.87,0:52:26
16929,1,32.69082641601562,36.63,1,0,0.87,0:51:48
16930,1,9.294495582580566,36.63,1,0,0.87,0:48:00
16931,1,31.781719207763672,36.63,1,0,0.87,0:51:34
16932,1,55.27118682861328,36.63,0,1,0.87,0:52:19
16933,1,324.2500610351562,36.63,1,0,0.87,0:52:24
16934,1,260.5658569335938,36.63,0,1,0.87,0:54:06
16935,1,52.2042465209961,36.63,0,1,0.87,0:52:32
16936,1,1604.4976806640618,36.63,0,1,0.87,0:52:06
16937,1,369.8974304199219,36.63,0,1,0.87,0:55:33
16938,1,137.57452392578122,36.63,0,1,0.87,0:55:24
16939,1,3.920108318328857,36.63,1,0,0.87,0:53:36
16940,2,14.566981315612788,36.63,0,1,0.87,0:50:42
16941,1,259.998291015625,36.63,0,1,0.87,0:55:00
16942,1,270.05172729492193,36.63,0,1,0.87,0:52:33
16943,1,259.998291015625,36.63,1,0,0.87,0:53:17
16944,1,215.5704803466797,36.63,0,1,0.87,0:53:00
16945,1,31.97005462646484,36.63,0,1,0.87,0:51:50
16946,1,58.02111434936523,36.63,1,0,0.87,0:54:31
16947,1,51.94340515136719,36.63,0,1,0.87,0:54:23
16948,1,237.6291656494141,36.63,1,0,0.87,0:52:21
16949,1,281.0,36.63,0,1,0.87,0:51:18
16950,1,302.9169311523438,36.63,1,0,0.87,0:51:06
16951,1,367.612060546875,36.63,1,0,0.87,0:55:14
16952,1,24.13339424133301,36.63,0,1,0.87,0:55:43
16953,1,146.087158203125,36.63,1,0,0.87,0:54:11
16954,1,72.50554656982422,36.63,0,1,0.87,0:48:17
16955,1,102.18041229248051,36.63,0,1,0.87,0:50:53
16956,1,294.5290832519531,36.63,0,1,0.87,0:53:41
16957,1,329.9063110351562,36.63,1,0,0.87,0:49:31
16958,1,19.45760154724121,36.63,1,0,0.87,0:54:11
16959,1,5.704558849334718,36.63,1,0,0.87,0:55:24
16960,1,4.8699212074279785,36.63,0,1,0.87,0:58:17
16961,1,159.569091796875,36.63,1,0,0.87,0:46:58
16962,1,232.5149993896484,36.63,0,1,0.87,0:54:13
16963,1,27.48541641235352,36.63,0,1,0.87,0:50:50
16964,1,296.1231384277344,36.63,0,1,0.87,0:51:11
16965,3,1332.598876953125,36.63,1,0,0.87,0:53:05
16966,1,1332.598876953125,36.63,0,1,0.87,0:53:05
16967,1,10.44776248931885,36.63,1,0,0.87,0:53:48
16968,1,141.2901458740234,36.63,1,0,0.87,0:52:14
16969,1,20.75730895996094,36.63,1,0,0.87,0:52:07
16970,1,47.86614990234375,36.63,0,1,0.87,0:54:53
16971,1,259.998291015625,36.63,0,1,0.87,0:52:48
16972,1,1317.527221679688,36.63,0,1,0.87,0:52:48
16973,1,59.45719909667969,36.63,0,1,0.87,0:49:41
16974,1,167.9832916259766,36.63,0,1,0.87,0:49:36
16975,1,366.0434265136719,36.63,0,1,0.87,0:50:45
16976,1,25.96640586853027,36.63,0,1,0.87,0:51:56
16977,1,220.8075714111328,36.63,0,1,0.87,0:47:58
16978,1,78.5858383178711,36.63,0,1,0.87,0:53:55
16979,1,71.8073501586914,36.63,0,1,0.87,0:51:21
16980,1,263.1090087890625,36.63,1,0,0.87,0:53:23
16981,1,12.55933380126953,36.63,0,1,0.87,0:53:23
16982,1,114.7976837158203,36.63,1,0,0.87,0:53:03
16983,1,1544.9874267578118,36.63,0,1,0.87,0:52:27
16984,1,29.12909507751465,36.63,1,0,0.87,0:54:29
16985,1,291.1369323730469,36.63,0,1,0.87,0:52:48
16986,1,291.1369323730469,36.63,0,1,0.87,0:55:08
16987,1,83.9320068359375,36.63,1,0,0.87,0:48:07
16988,1,120.8983688354492,36.63,1,0,0.87,0:46:47
16989,1,380.0,36.63,0,1,0.87,0:54:43
16990,1,32.573501586914055,36.63,0,1,0.87,0:51:24
16991,1,10.44183731079102,36.63,0,1,0.87,0:55:17
16992,1,1415.200439453125,36.63,0,1,0.87,0:48:00
16993,1,26.88188362121582,36.63,1,0,0.87,0:55:47
16994,1,3.310425281524658,36.63,0,1,0.87,0:50:27
16995,1,19.78066635131836,36.63,0,1,0.87,0:49:32
16996,1,35.90165328979492,36.63,0,1,0.87,0:51:57
16997,1,6.893740177154541,36.63,0,1,0.87,0:50:51
16998,1,137.57452392578122,36.63,0,1,0.87,0:51:25
16999,1,398.2716369628906,36.63,0,1,0.87,0:52:32
17000,1,408.8565673828125,36.63,1,0,0.87,0:50:19
17001,1,32.20459365844727,36.63,1,0,0.87,0:52:22
17002,1,137.6639404296875,36.63,0,1,0.87,0:52:31
17003,1,19.23486328125,36.63,1,0,0.87,1:00:27
17004,1,15.224977493286133,36.63,1,0,0.87,0:52:22
17005,1,6.472280979156494,36.63,0,1,0.87,0:51:26
17006,1,71.8073501586914,36.63,1,0,0.87,0:52:36
17007,1,219.4850006103516,36.63,1,0,0.87,0:53:21
17008,1,286.3065490722656,36.63,1,0,0.87,0:52:30
17009,1,50.82839584350586,36.63,1,0,0.87,0:54:46
17010,1,260.55117797851557,36.63,1,0,0.87,0:50:44
17011,1,24.17752647399902,36.63,1,0,0.87,0:53:37
17012,1,14.566981315612788,36.63,0,1,0.87,0:54:32
17013,1,296.4485473632812,36.63,0,1,0.87,0:54:00
17014,1,258.46133422851557,36.63,1,0,0.87,0:53:53
17015,1,112.8550796508789,36.63,0,1,0.87,0:51:49
17016,1,7.058139324188232,36.63,0,1,0.87,0:51:31
17017,1,1596.6729736328118,36.63,0,1,0.87,0:51:23
17018,1,11.57025718688965,36.63,1,0,0.87,0:52:00
17019,1,140.6603088378906,36.63,0,1,0.87,0:53:50
17020,1,1630.3333740234382,36.63,0,1,0.87,0:54:14
17021,1,10.44776248931885,36.63,1,0,0.87,0:52:22
17022,1,77.97574615478516,36.63,0,1,0.87,0:53:38
17023,1,5.047508716583252,36.63,0,1,0.87,0:49:06
17024,1,10.44183731079102,36.63,0,1,0.87,0:52:11
17025,1,10.44776248931885,36.63,0,1,0.87,0:54:32
17026,1,232.9170684814453,36.63,1,0,0.87,0:52:03
17027,1,10.44183731079102,36.63,1,0,0.87,0:54:32
17028,1,12.18859100341797,36.63,1,0,0.87,0:52:14
17029,1,309.1738891601562,36.63,1,0,0.87,0:50:40
17030,1,11.57025718688965,36.63,0,1,0.87,0:54:14
17031,1,233.4120635986328,36.63,0,1,0.87,0:53:43
17032,1,219.39703369140616,36.63,0,1,0.87,0:51:37
17033,1,258.4131469726562,36.63,0,1,0.87,0:51:10
17034,1,103.6016159057617,36.63,0,1,0.87,0:54:48
17035,1,109.95941162109379,36.63,0,1,0.87,0:53:51
17036,1,11.8902006149292,36.63,0,1,0.87,0:50:17
17037,1,1440.0677490234382,36.63,0,1,0.87,0:52:56
17038,1,1440.0677490234382,36.63,0,1,0.87,0:52:56
17039,1,109.5502395629883,36.63,0,1,0.87,0:52:10
17040,1,56.084815979003906,36.63,0,1,0.87,0:49:49
17041,1,2554.609619140625,36.63,1,0,0.87,0:52:55
17042,1,1413.3297119140618,36.63,0,1,0.87,0:54:29
17043,1,9.664861679077148,36.63,0,1,0.87,0:53:48
17044,1,1413.3297119140618,36.63,1,0,0.87,0:54:28
17045,1,0.0,36.63,0,1,0.87,0:52:14
17046,1,0.6114726066589355,36.63,1,0,0.87,0:52:14
17047,1,1323.43017578125,36.63,0,1,0.87,0:48:06
17048,1,222.7997283935547,36.63,0,1,0.87,0:54:42
17049,1,395.0275268554688,36.63,1,0,0.87,0:54:31
17050,1,33.1964111328125,36.63,0,1,0.87,0:56:19
17051,1,259.998291015625,36.63,0,1,0.87,0:53:38
17052,1,1509.999267578125,36.63,0,1,0.87,0:54:24
17053,1,14.32654094696045,36.63,0,1,0.87,0:50:15
17054,1,24.5399284362793,36.63,1,0,0.87,0:52:47
17055,1,183.2224578857422,36.63,0,1,0.87,0:51:45
17056,1,35.90165328979492,36.63,1,0,0.87,0:53:27
17057,1,37.5223388671875,36.63,1,0,0.87,0:52:41
17058,1,10.44776248931885,36.63,0,1,0.87,0:54:59
17059,1,232.7451629638672,36.63,0,1,0.87,0:53:08
17060,1,20.82563400268555,36.63,0,1,0.87,0:52:30
17061,1,71.34550476074219,36.63,1,0,0.87,0:50:43
17062,1,324.6480712890625,36.63,1,0,0.87,0:54:14
17063,1,218.5335693359375,36.63,0,1,0.87,0:53:25
17064,1,1623.9774169921882,36.63,0,1,0.87,0:54:25
17065,1,277.51071166992193,36.63,0,1,0.87,0:51:12
17066,1,140.6603088378906,36.63,0,1,0.87,0:53:41
17067,1,1525.08740234375,36.63,0,1,0.87,0:54:14
17068,1,254.7844543457031,36.63,0,1,0.87,0:53:46
17069,1,6.489360332489014,36.63,0,1,0.87,0:53:38
17070,1,4.828357696533203,36.63,1,0,0.87,0:50:37
17071,1,173.0932922363281,36.63,0,1,0.87,0:52:57
17072,1,220.7496185302734,36.63,1,0,0.87,0:45:50
17073,1,259.998291015625,36.63,1,0,0.87,0:56:55
17074,1,31.17976570129395,36.63,0,1,0.87,0:53:15
17075,1,259.998291015625,36.63,0,1,0.87,0:49:15
17076,1,17.964252471923828,36.63,1,0,0.87,0:53:38
17077,1,198.9901123046875,36.63,1,0,0.87,0:50:25
17078,1,264.13528442382807,36.63,0,1,0.87,0:52:26
17079,1,486.2354736328125,36.63,1,0,0.87,0:50:13
17080,1,196.8123321533203,36.63,0,1,0.87,0:57:04
17081,1,369.6962890625,36.63,0,1,0.87,0:52:33
17082,3,105.3577194213867,36.63,1,0,0.87,0:53:38
17083,1,14.566981315612788,36.63,1,0,0.87,0:46:22
17084,1,10.44183731079102,36.63,0,1,0.87,0:55:03
17085,1,1046.732788085938,36.63,1,0,0.87,0:53:48
17086,1,1518.96630859375,36.63,1,0,0.87,0:54:59
17087,1,289.1596374511719,36.63,1,0,0.87,0:59:54
17088,1,23.97938537597656,36.63,1,0,0.87,0:52:02
17089,1,4.5079779624938965,36.63,1,0,0.87,0:52:28
17090,1,224.7559356689453,36.63,0,1,0.87,0:51:35
17091,1,71.8073501586914,36.63,0,1,0.87,0:51:35
17092,1,181.5143737792969,36.63,0,1,0.87,0:52:45
17093,1,1431.7548828125,36.63,0,1,0.87,0:50:42
17094,1,305.6573791503906,36.63,0,1,0.87,0:51:56
17095,1,273.54550170898443,36.63,0,1,0.87,0:51:57
17096,1,392.9354553222656,36.63,0,1,0.87,0:57:31
17097,1,124.2246780395508,36.63,0,1,0.87,0:53:49
17098,1,105.4363174438477,36.63,0,1,0.87,0:52:28
17099,1,10.44776248931885,36.63,0,1,0.87,0:58:43
17100,1,241.1495513916016,36.63,0,1,0.87,0:50:03
17101,1,588.7814331054688,36.63,0,1,0.87,0:52:14
17102,1,10.18533515930176,36.63,1,0,0.87,0:52:28
17103,1,260.0,36.63,0,1,0.87,0:54:43
17104,1,381.7543029785156,36.63,1,0,0.87,0:55:21
17105,1,187.0788269042969,36.63,0,1,0.87,0:53:46
17106,1,149.1394653320312,36.63,0,1,0.87,0:54:17
17107,1,27.3308277130127,36.63,0,1,0.87,0:53:56
17108,1,614.4942016601562,36.63,0,1,0.87,0:51:45
17109,1,237.6291656494141,36.63,0,1,0.87,0:48:57
17110,1,235.4221496582031,36.63,0,1,0.87,0:54:06
17111,1,15.490285873413091,36.63,0,1,0.87,0:50:23
17112,1,36.044578552246094,36.63,0,1,0.87,0:50:58
17113,1,296.1231384277344,36.63,0,1,0.87,0:52:30
17114,1,33.586013793945305,36.63,1,0,0.87,0:54:44
17115,1,223.5868377685547,36.63,1,0,0.87,0:52:29
17116,1,8.194785118103027,36.63,0,1,0.87,0:53:39
17117,1,15.55781936645508,36.63,1,0,0.87,0:52:46
17118,1,224.95013427734384,36.63,0,1,0.87,0:53:22
17119,1,265.78369140625,36.63,0,1,0.87,0:48:40
17120,1,223.5868377685547,36.63,0,1,0.87,0:52:29
17121,2,328.2835998535156,36.63,1,0,0.87,0:52:30
17122,1,16.66305160522461,36.63,0,1,0.87,0:54:12
17123,1,296.5588073730469,36.63,0,1,0.87,0:55:06
17124,1,91.75029754638672,36.63,1,0,0.87,0:50:58
17125,1,97.58963775634766,36.63,1,0,0.87,0:48:59
17126,1,15.224977493286133,36.63,0,1,0.87,0:51:35
17127,1,351.7147521972656,36.63,0,1,0.87,0:51:36
17128,1,159.9830627441406,36.63,1,0,0.87,0:50:41
17129,1,220.4040222167969,36.63,0,1,0.87,0:47:47
17130,1,9.87485122680664,36.63,0,1,0.87,0:52:12
17131,1,181.3121185302734,36.63,1,0,0.87,0:49:21
17132,1,51.94340515136719,36.63,0,1,0.87,0:54:08
17133,1,181.5143737792969,36.63,0,1,0.87,0:50:32
17134,1,484.7640075683594,36.63,0,1,0.87,0:43:30
17135,1,69.55393981933594,36.63,0,1,0.87,0:53:59
17136,1,14.070459365844732,36.63,1,0,0.87,1:00:06
17137,1,395.2044982910156,36.63,0,1,0.87,0:52:46
17138,1,207.8424377441406,36.63,0,1,0.87,0:53:31
17139,1,82.16121673583984,36.63,0,1,0.87,0:53:45
17140,1,259.998291015625,36.63,0,1,0.87,0:46:50
17141,1,181.5143737792969,36.63,1,0,0.87,0:48:38
17142,2,197.583984375,36.63,0,1,0.87,0:54:09
17143,1,41.98091506958008,36.63,1,0,0.87,0:53:06
17144,1,1300.004516601562,36.63,1,0,0.87,0:50:59
17145,1,77.97574615478516,36.63,0,1,0.87,0:55:17
17146,1,9.017118453979492,36.63,0,1,0.87,0:53:06
17147,1,1993.0521240234384,36.63,0,1,0.87,0:54:08
17148,1,303.4573364257812,36.63,0,1,0.87,0:52:11
17149,1,452.6361999511719,36.63,1,0,0.87,0:53:09
17150,1,2.790159702301025,36.63,1,0,0.87,0:54:31
17151,1,357.0286254882812,36.63,1,0,0.87,0:50:36
17152,1,13.445884704589838,36.63,0,1,0.87,0:50:25
17153,1,813.7987060546875,36.63,1,0,0.87,0:53:13
17154,1,63.713539123535156,36.63,0,1,0.87,0:52:51
17155,1,813.7987060546875,36.63,1,0,0.87,0:53:13
17156,1,178.2125396728516,36.63,1,0,0.87,0:50:20
17157,1,72.68998718261719,36.63,1,0,0.87,0:53:59
17158,1,1186.648193359375,36.63,0,1,0.87,0:52:22
17159,1,227.4163818359375,36.63,0,1,0.87,0:53:26
17160,1,227.4792175292969,36.63,0,1,0.87,0:52:13
17161,1,202.2101898193359,36.63,0,1,0.87,0:52:04
17162,1,19.77367401123047,36.63,0,1,0.87,0:52:41
17163,1,266.2826538085938,36.63,0,1,0.87,0:53:26
17164,1,4.143080711364746,36.63,1,0,0.87,0:58:52
17165,1,242.7269287109375,36.63,0,1,0.87,0:48:14
17166,1,146.0377807617188,36.63,1,0,0.87,0:53:52
17167,1,146.0377807617188,36.63,0,1,0.87,0:53:52
17168,1,5.445359230041504,36.63,1,0,0.87,0:49:31
17169,1,236.0589599609375,36.63,1,0,0.87,0:56:47
17170,1,10.75895500183105,36.63,1,0,0.87,0:49:14
17171,1,17.5898609161377,36.63,0,1,0.87,0:54:20
17172,1,13.197084426879881,36.63,1,0,0.87,0:48:06
17173,1,38.78234481811523,36.63,1,0,0.87,0:55:33
17174,1,56.084815979003906,36.63,0,1,0.87,0:52:49
17175,2,169.5493469238281,36.63,0,1,0.87,0:52:26
17176,1,17.5898609161377,36.63,0,1,0.87,0:54:06
17177,1,69.64772033691406,36.63,1,0,0.87,0:49:39
17178,1,278.49575805664057,36.63,0,1,0.87,0:51:20
17179,1,37.34151840209961,36.63,0,1,0.87,0:53:19
17180,1,112.67422485351558,36.63,0,1,0.87,0:53:03
17181,1,10.44776248931885,36.63,0,1,0.87,0:50:03
17182,1,186.5790557861328,36.63,1,0,0.87,0:52:06
17183,1,4.557826519012451,36.63,1,0,0.87,0:53:36
17184,1,140.6603088378906,36.63,0,1,0.87,0:53:39
17185,1,25.30437278747559,36.63,0,1,0.87,0:53:37
17186,1,14.36327362060547,36.63,0,1,0.87,0:48:54
17187,1,254.7844543457031,36.63,0,1,0.87,0:51:41
17188,1,146.087158203125,36.63,0,1,0.87,0:52:16
17189,1,31.97005462646484,36.63,1,0,0.87,0:56:54
17190,1,10.44776248931885,36.63,0,1,0.87,0:56:11
17191,1,0.5368872284889221,36.63,0,1,0.87,0:53:25
17192,1,131.4553527832031,36.63,0,1,0.87,0:53:31
17193,1,9.989747047424316,36.63,0,1,0.87,0:54:12
17194,1,147.0316009521484,36.63,0,1,0.87,0:55:55
17195,1,217.57061767578116,36.63,0,1,0.87,0:52:24
17196,1,208.89654541015616,36.63,0,1,0.87,0:53:34
17197,1,316.0,36.63,1,0,0.87,0:48:17
17198,1,16.54193496704102,36.63,0,1,0.87,0:54:07
17199,1,7.058139324188232,36.63,1,0,0.87,0:55:43
17200,1,161.9420623779297,36.63,0,1,0.87,0:50:46
17201,1,184.2229766845703,36.63,0,1,0.87,0:52:37
17202,1,31.71040916442871,36.63,0,1,0.87,0:51:36
17203,1,149.1394653320312,36.63,0,1,0.87,0:53:24
17204,1,67.67488098144531,36.63,1,0,0.87,0:55:10
17205,1,244.143310546875,36.63,0,1,0.87,0:48:22
17206,1,225.6998443603516,36.63,1,0,0.87,0:51:37
17207,1,188.2260437011719,36.63,0,1,0.87,0:52:07
17208,1,47.6925277709961,36.63,1,0,0.87,0:55:47
17209,1,10.44183731079102,36.63,0,1,0.87,0:52:00
17210,1,3.920108318328857,36.63,1,0,0.87,0:51:03
17211,1,259.998291015625,36.63,0,1,0.87,0:52:07
17212,1,822.3980712890625,36.63,0,1,0.87,0:51:08
17213,1,255.7295837402344,36.63,0,1,0.87,0:53:17
17214,1,13.973583221435552,36.63,0,1,0.87,0:48:37
17215,1,117.7659530639648,36.63,1,0,0.87,0:53:08
17216,1,10.44776248931885,36.63,0,1,0.87,0:54:41
17217,1,944.7749633789062,36.63,0,1,0.87,0:53:46
17218,1,259.998291015625,36.63,0,1,0.87,0:53:46
17219,1,91.46649932861328,36.63,0,1,0.87,0:53:02
17220,1,53.74789428710938,36.63,1,0,0.87,0:52:52
17221,1,181.5143737792969,36.63,0,1,0.87,0:52:07
17222,1,8.628658294677733,36.63,0,1,0.87,0:50:53
17223,1,219.4850006103516,36.63,1,0,0.87,0:53:24
17224,1,61.44948196411133,36.63,1,0,0.87,0:49:27
17225,1,112.8763580322266,36.63,1,0,0.87,0:59:40
17226,1,150.3178405761719,36.63,1,0,0.87,0:52:57
17227,1,105.59640502929692,36.63,0,1,0.87,0:55:15
17228,1,499.9349060058594,36.63,0,1,0.87,0:54:27
17229,1,254.0215759277344,36.63,0,1,0.87,0:52:28
17230,1,10.44776248931885,36.63,1,0,0.87,0:56:18
17231,1,614.4942016601562,36.63,0,1,0.87,0:52:59
17232,1,16.83182334899902,36.63,0,1,0.87,0:56:18
17233,1,4.366045951843262,36.63,0,1,0.87,0:52:31
17234,1,34.564208984375,36.63,1,0,0.87,0:53:25
17235,1,6.075747013092041,36.63,0,1,0.87,0:52:39
17236,1,222.6811370849609,36.63,1,0,0.87,0:54:13
17237,1,5.22021484375,36.63,1,0,0.87,0:54:20
17238,1,28.003864288330078,36.63,1,0,0.87,0:53:19
17239,1,21.00185775756836,36.63,0,1,0.87,0:55:10
17240,1,5.609318733215332,36.63,1,0,0.87,0:53:23
17241,1,1354.186645507812,36.63,0,1,0.87,0:51:56
17242,1,233.2363739013672,36.63,0,1,0.87,0:54:25
17243,1,194.98760986328116,36.63,0,1,0.87,0:50:46
17244,1,384.0559692382812,36.63,0,1,0.87,0:53:31
17245,1,295.15576171875,36.63,0,1,0.87,0:50:03
17246,1,331.5245056152344,36.63,1,0,0.87,0:48:30
17247,1,9.03772258758545,36.63,1,0,0.87,0:50:20
17248,1,331.5245056152344,36.63,0,1,0.87,0:48:30
17249,1,588.7814331054688,36.63,0,1,0.87,0:54:05
17250,1,39.2454833984375,36.63,1,0,0.87,0:54:09
17251,1,37.14537048339844,36.63,0,1,0.87,0:51:31
17252,1,152.9394073486328,36.63,0,1,0.87,0:50:21
17253,1,10.44183731079102,36.63,0,1,0.87,0:51:14
17254,1,514.8724365234375,36.63,1,0,0.87,0:58:20
17255,1,499.8729553222656,36.63,0,1,0.87,0:50:22
17256,1,8.85274600982666,36.63,1,0,0.87,0:48:25
17257,1,35.53342819213867,36.63,0,1,0.87,0:52:01
17258,1,10.44183731079102,36.63,0,1,0.87,0:54:14
17259,1,4.784560680389403,36.63,0,1,0.87,0:50:33
17260,1,43.62190246582031,36.63,0,1,0.87,0:53:58
17261,1,71.8073501586914,36.63,0,1,0.87,0:51:57
17262,1,372.1288757324219,36.63,0,1,0.87,0:47:14
17263,1,10.44776248931885,36.63,0,1,0.87,1:00:06
17264,1,5.053634166717528,36.63,0,1,0.87,0:54:20
17265,1,19.13476181030273,36.63,0,1,0.87,0:51:40
17266,1,27.48541641235352,36.63,0,1,0.87,0:50:46
17267,1,41.13945007324219,36.63,0,1,0.87,0:51:08
17268,1,12.58986759185791,36.63,1,0,0.87,0:48:13
17269,1,55.70695114135742,36.63,0,1,0.87,0:54:54
17270,1,137.57452392578122,36.63,0,1,0.87,0:54:54
17271,1,1509.999267578125,36.63,0,1,0.87,0:53:46
17272,1,52.04446411132812,36.63,1,0,0.87,0:56:55
17273,1,1509.999267578125,36.63,0,1,0.87,0:53:46
17274,1,237.6291656494141,36.63,0,1,0.87,0:53:23
17275,1,202.2101898193359,36.63,0,1,0.87,0:53:39
17276,1,267.1992797851562,36.63,1,0,0.87,0:52:07
17277,1,37.51520156860352,36.63,1,0,0.87,0:54:39
17278,1,189.5145568847656,36.63,0,1,0.87,0:51:22
17279,1,666.8341674804688,36.63,1,0,0.87,0:52:38
17280,1,35.75060272216797,36.63,1,0,0.87,0:55:54
17281,2,320.0387878417969,36.63,0,1,0.87,0:52:24
17282,1,116.2873992919922,36.63,1,0,0.87,0:52:41
17283,1,149.9436340332031,36.63,0,1,0.87,0:54:20
17284,1,151.7768249511719,36.63,0,1,0.87,0:53:51
17285,1,11.261268615722662,36.63,1,0,0.87,0:48:11
17286,1,138.0612945556641,36.63,1,0,0.87,0:52:07
17287,1,31.52193450927734,36.63,0,1,0.87,0:52:17
17288,1,62.24077606201172,36.63,0,1,0.87,0:53:51
17289,1,11.42669010162354,36.63,0,1,0.87,0:54:31
17290,1,44.45844268798828,36.63,0,1,0.87,0:52:02
17291,1,77.10894775390625,36.63,0,1,0.87,0:52:43
17292,1,55.65824508666992,36.63,0,1,0.87,0:49:56
17293,1,1046.732788085938,36.63,0,1,0.87,0:55:36
17294,1,14.740880966186518,36.63,0,1,0.87,0:52:41
17295,1,40.29782104492188,36.63,0,1,0.87,0:50:05
17296,1,2.197513580322266,36.63,0,1,0.87,0:54:26
17297,1,44.82641983032227,36.63,0,1,0.87,0:51:02
17298,1,10.44183731079102,36.63,0,1,0.87,0:56:34
17299,1,163.5979309082031,36.63,1,0,0.87,0:52:26
17300,1,181.0876922607422,36.63,1,0,0.87,0:51:36
17301,1,316.3588562011719,36.63,0,1,0.87,0:54:31
17302,1,421.3871459960938,36.63,0,1,0.87,0:55:09
17303,1,32.46420288085938,36.63,0,1,0.87,0:50:04
17304,1,195.8340911865234,36.63,0,1,0.87,0:51:45
17305,1,120.98013305664058,36.63,0,1,0.87,0:53:39
17306,1,95.1444320678711,36.63,1,0,0.87,0:50:56
17307,1,14.32654094696045,36.63,0,1,0.87,0:49:14
17308,1,215.57110595703116,36.63,0,1,0.87,0:51:41
17309,1,10.44776248931885,36.63,0,1,0.87,0:50:43
17310,1,15.55781936645508,36.63,0,1,0.87,0:51:07
17311,1,380.0,36.63,0,1,0.87,0:51:42
17312,1,258.83737182617193,36.63,0,1,0.87,0:54:13
17313,1,10.44183731079102,36.63,1,0,0.87,0:56:41
17314,1,309.072265625,36.63,0,1,0.87,0:50:55
17315,1,232.2133483886719,36.63,0,1,0.87,0:52:58
17316,1,5.020810604095459,36.63,0,1,0.87,0:54:28
17317,2,48.14954376220703,36.63,0,1,0.87,0:53:32
17318,1,16.83182334899902,36.63,0,1,0.87,0:53:43
17319,1,270.97509765625,36.63,0,1,0.87,0:50:10
17320,1,77.97574615478516,36.63,0,1,0.87,0:49:01
17321,1,157.0261993408203,36.63,1,0,0.87,0:52:06
17322,1,187.46075439453116,36.63,0,1,0.87,0:53:14
17323,1,69.55393981933594,36.63,1,0,0.87,0:53:46
17324,1,105.3577194213867,36.63,1,0,0.87,0:54:51
17325,1,286.1327819824219,36.63,1,0,0.87,0:48:36
17326,1,259.998291015625,36.63,0,1,0.87,0:50:44
17327,1,150.0155334472656,36.63,0,1,0.87,0:53:09
17328,1,223.5868377685547,36.63,0,1,0.87,0:47:15
17329,1,7.965522289276122,36.63,0,1,0.87,0:54:27
17330,1,1105.029907226562,36.63,1,0,0.87,0:50:06
17331,1,149.1394653320312,36.63,1,0,0.87,0:51:19
17332,1,175.5652160644531,36.63,0,1,0.87,0:52:20
17333,1,296.8638000488281,36.63,1,0,0.87,0:54:41
17334,1,295.0701599121094,36.63,1,0,0.87,0:50:38
17335,1,6.237915515899657,36.63,1,0,0.87,0:43:41
17336,1,138.9033355712891,36.63,0,1,0.87,0:55:17
17337,1,10.44183731079102,36.63,0,1,0.87,0:55:06
17338,1,2.877813339233398,36.63,0,1,0.87,0:52:10
17339,1,653.6278686523438,36.63,0,1,0.87,0:54:17
17340,1,614.4942016601562,36.63,0,1,0.87,0:51:57
17341,1,55.65824508666992,36.63,0,1,0.87,0:48:36
17342,1,31.17976570129395,36.63,0,1,0.87,0:53:11
17343,1,39.47004318237305,36.63,1,0,0.87,0:54:01
17344,1,259.998291015625,36.63,0,1,0.87,0:51:54
17345,1,428.7605285644531,36.63,0,1,0.87,0:53:58
17346,1,114.7976837158203,36.63,0,1,0.87,0:55:17
17347,1,159.2595977783203,36.63,0,1,0.87,0:54:38
17348,2,183.4629821777344,36.63,1,0,0.87,0:51:24
17349,1,322.8241882324219,36.63,0,1,0.87,0:52:04
17350,1,81.37287139892578,36.63,0,1,0.87,0:53:38
17351,1,67.15016174316406,36.63,1,0,0.87,0:50:58
17352,1,313.8475646972656,36.63,0,1,0.87,0:51:08
17353,1,254.7844543457031,36.63,1,0,0.87,0:54:07
17354,1,269.0430908203125,36.63,0,1,0.87,0:53:56
17355,1,198.6544494628906,36.63,0,1,0.87,0:50:53
17356,1,237.44512939453116,36.63,0,1,0.87,0:54:24
17357,1,104.0583648681641,36.63,0,1,0.87,0:50:12
17358,1,12.69220733642578,36.63,0,1,0.87,0:55:34
17359,1,7.965522289276122,36.63,1,0,0.87,0:53:39
17360,1,384.0559692382812,36.63,1,0,0.87,0:51:23
17361,1,369.6962890625,36.63,0,1,0.87,0:51:56
17362,1,91.7226791381836,36.63,0,1,0.87,0:53:47
17363,1,227.8478851318359,36.63,1,0,0.87,0:51:04
17364,1,0.4744264781475067,36.63,0,1,0.87,0:51:20
17365,1,6.924670219421388,36.63,0,1,0.87,0:51:27
17366,1,9.170575141906738,36.63,1,0,0.87,0:52:52
17367,1,91.7226791381836,36.63,0,1,0.87,0:53:00
17368,1,24.55402755737305,36.63,1,0,0.87,0:51:09
17369,1,14.070459365844732,36.63,0,1,0.87,0:49:22
17370,1,1756.8570556640618,36.63,0,1,0.87,0:46:35
17371,1,50.01289749145508,36.63,1,0,0.87,0:52:00
17372,1,3.920108318328857,36.63,0,1,0.87,0:51:04
17373,1,56.084815979003906,36.63,0,1,0.87,0:53:32
17374,1,199.8629608154297,36.63,0,1,0.87,0:52:19
17375,1,219.4850006103516,36.63,1,0,0.87,0:55:29
17376,1,676.4351806640625,36.63,0,1,0.87,0:53:30
17377,1,7.309962749481201,36.63,1,0,0.87,0:54:20
17378,1,22.78268432617188,36.63,0,1,0.87,0:50:48
17379,1,291.1369323730469,36.63,1,0,0.87,0:54:46
17380,1,91.7226791381836,36.63,1,0,0.87,0:50:23
17381,1,10.44183731079102,36.63,1,0,0.87,0:51:40
17382,1,10.44183731079102,36.63,0,1,0.87,0:50:26
17383,1,91.7226791381836,36.63,1,0,0.87,0:47:16
17384,1,106.87122344970699,36.63,0,1,0.87,0:51:48
17385,1,17.31131172180176,36.63,0,1,0.87,0:52:17
17386,1,35.99068832397461,36.63,1,0,0.87,0:54:19
17387,1,47.62214660644531,36.63,0,1,0.87,0:54:00
17388,1,323.107666015625,36.63,1,0,0.87,0:53:37
17389,1,658.064208984375,36.63,0,1,0.87,0:52:51
17390,1,285.3211059570312,36.63,1,0,0.87,0:54:13
17391,1,259.998291015625,36.63,0,1,0.87,0:52:03
17392,1,5.047508716583252,36.63,0,1,0.87,0:52:15
17393,1,11.57025718688965,36.63,0,1,0.87,0:54:32
17394,1,321.1102600097656,36.63,1,0,0.87,0:54:05
17395,1,165.3308258056641,36.63,1,0,0.87,0:51:00
17396,1,5.664112567901611,36.63,0,1,0.87,0:53:29
17397,1,99.97341918945312,36.63,1,0,0.87,0:54:37
17398,1,315.9778747558594,36.63,1,0,0.87,0:44:01
17399,1,2229.72216796875,36.63,0,1,0.87,0:51:01
17400,1,48.00765991210938,36.63,0,1,0.87,0:52:47
17401,1,484.7640075683594,36.63,0,1,0.87,0:54:45
17402,1,183.2224578857422,36.63,0,1,0.87,0:52:17
17403,1,55.65824508666992,36.63,0,1,0.87,0:55:20
17404,1,47.58063888549805,36.63,0,1,0.87,0:50:02
17405,1,13.973583221435552,36.63,0,1,0.87,0:54:45
17406,1,1814.3414306640616,36.63,0,1,0.87,0:52:58
17407,2,215.1114501953125,36.63,0,1,0.87,0:52:45
17408,1,77.3214340209961,36.63,0,1,0.87,0:52:00
17409,1,133.8932037353516,36.63,0,1,0.87,0:51:42
17410,1,219.4850006103516,36.63,1,0,0.87,0:57:02
17411,1,204.6719512939453,36.63,0,1,0.87,0:53:50
17412,1,16.698308944702152,36.63,0,1,0.87,0:52:33
17413,1,136.83207702636722,36.63,0,1,0.87,0:56:37
17414,1,179.0225677490234,36.63,0,1,0.87,0:55:52
17415,1,484.7640075683594,36.63,0,1,0.87,0:53:44
17416,1,51.94340515136719,36.63,1,0,0.87,0:43:40
17417,1,153.4354248046875,36.63,1,0,0.87,0:53:06
17418,1,42.68008041381836,36.63,1,0,0.87,0:54:25
17419,1,35.90165328979492,36.63,0,1,0.87,0:47:31
17420,1,421.3871459960938,36.63,0,1,0.87,0:49:49
17421,1,181.5143737792969,36.63,0,1,0.87,0:51:03
17422,1,488.4363098144531,36.63,0,1,0.87,0:52:31
17423,1,37.14537048339844,36.63,0,1,0.87,0:54:36
17424,1,9.664861679077148,36.63,0,1,0.87,0:53:20
17425,1,14.60348510742188,36.63,1,0,0.87,0:51:38
17426,1,31.2812614440918,36.63,0,1,0.87,0:53:58
17427,1,11.34018135070801,36.63,1,0,0.87,0:55:07
17428,1,259.998291015625,36.63,0,1,0.87,0:51:45
17429,1,271.45523071289057,36.63,1,0,0.87,0:49:43
17430,1,191.9058990478516,36.63,0,1,0.87,0:54:57
17431,1,349.5276489257812,36.63,1,0,0.87,0:48:36
17432,1,1628.9993896484382,36.63,0,1,0.87,0:54:57
17433,1,7.599825382232666,36.63,0,1,0.87,0:49:15
17434,1,124.17684936523442,36.63,0,1,0.87,0:53:44
17435,1,91.06613159179688,36.63,1,0,0.87,0:51:58
17436,1,121.0,36.63,0,1,0.87,0:55:55
17437,1,15.55781936645508,36.63,0,1,0.87,0:52:37
17438,1,197.41845703125,36.63,0,1,0.87,0:54:25
17439,1,614.4942016601562,36.63,0,1,0.87,0:52:14
17440,1,338.1475830078125,36.63,1,0,0.87,0:49:15
17441,1,44.175697326660156,36.63,1,0,0.87,0:51:52
17442,1,110.9721298217773,36.63,1,0,0.87,0:49:55
17443,1,268.1920166015625,36.63,1,0,0.87,0:52:18
17444,1,14.070459365844732,36.63,0,1,0.87,0:52:44
17445,1,270.566162109375,36.63,0,1,0.87,0:51:18
17446,1,10.44183731079102,36.63,1,0,0.87,0:49:16
17447,1,9.390371322631836,36.63,0,1,0.87,0:50:57
17448,1,224.1725769042969,36.63,0,1,0.87,0:51:51
17449,1,71.07490539550781,36.63,1,0,0.87,0:46:30
17450,1,224.5060272216797,36.63,0,1,0.87,0:53:14
17451,1,15.224977493286133,36.63,0,1,0.87,0:52:36
17452,1,259.998291015625,36.63,1,0,0.87,0:53:55
17453,1,324.2500610351562,36.63,1,0,0.87,0:51:13
17454,1,287.5038757324219,36.63,1,0,0.87,0:53:14
17455,1,215.4762725830078,36.63,0,1,0.87,0:52:53
17456,1,356.783935546875,36.63,1,0,0.87,0:55:49
17457,1,228.6362762451172,36.63,0,1,0.87,0:49:14
17458,1,126.7179718017578,36.63,1,0,0.87,0:55:27
17459,1,89.5972900390625,36.63,1,0,0.87,0:49:13
17460,1,41.98091506958008,36.63,1,0,0.87,0:47:59
17461,1,60.86764526367188,36.63,0,1,0.87,0:54:25
17462,1,95.77094268798828,36.63,1,0,0.87,0:49:54
17463,1,232.5149993896484,36.63,0,1,0.87,0:55:27
17464,1,34.564208984375,36.63,0,1,0.87,0:56:19
17465,1,275.6912841796875,36.63,0,1,0.87,0:47:26
17466,1,205.6886901855469,36.63,0,1,0.87,0:48:44
17467,1,251.1888580322266,36.63,0,1,0.87,0:53:35
17468,1,9.22296905517578,36.63,0,1,0.87,0:54:53
17469,1,51.94340515136719,36.63,0,1,0.87,0:54:52
17470,1,189.8126220703125,36.63,1,0,0.87,0:49:35
17471,1,67.15016174316406,36.63,1,0,0.87,0:54:49
17472,1,1631.184326171875,36.63,0,1,0.87,0:53:20
17473,1,10.44776248931885,36.63,1,0,0.87,0:55:40
17474,1,158.6006774902344,36.63,0,1,0.87,0:51:20
17475,1,1596.6729736328118,36.63,0,1,0.87,0:52:05
17476,1,254.4806976318359,36.63,0,1,0.87,0:58:21
17477,1,471.8834838867188,36.63,1,0,0.87,1:09:56
17478,1,492.8571166992188,36.63,1,0,0.87,0:54:53
17479,1,9.807595252990724,36.63,0,1,0.87,0:53:11
17480,1,37.14537048339844,36.63,0,1,0.87,0:48:49
17481,1,55.83042526245117,36.63,1,0,0.87,0:51:02
17482,1,148.55224609375,36.63,0,1,0.87,0:51:49
17483,1,73.10552978515625,36.63,0,1,0.87,0:56:27
17484,1,13.346641540527338,36.63,1,0,0.87,0:55:35
17485,1,119.56497192382808,36.63,0,1,0.87,0:54:57
17486,1,259.998291015625,36.63,0,1,0.87,0:53:58
17487,1,223.3875274658203,36.63,0,1,0.87,0:51:37
17488,1,10.65874290466309,36.63,0,1,0.87,0:51:29
17489,1,1.979974031448364,36.63,1,0,0.87,0:50:53
17490,1,418.7254943847656,36.63,0,1,0.87,0:55:33
17491,1,1752.2154541015618,36.63,0,1,0.87,0:57:07
17492,1,37.9741325378418,36.63,1,0,0.87,0:54:19
17493,1,10.44776248931885,36.63,0,1,0.87,0:54:19
17494,1,109.59325408935551,36.63,0,1,0.87,0:55:33
17495,1,39.47004318237305,36.63,0,1,0.87,0:54:52
17496,1,822.3980712890625,36.63,0,1,0.87,0:54:05
17497,1,24.55533409118652,36.63,0,1,0.87,0:51:32
17498,1,1855.5650634765616,36.63,0,1,0.87,0:52:07
17499,1,251.0852508544922,36.63,0,1,0.87,0:52:54
17500,1,1517.81298828125,36.63,1,0,0.87,0:55:32
17501,1,431.0684814453125,36.63,1,0,0.87,0:51:45
17502,1,255.7295837402344,36.63,1,0,0.87,0:55:06
17503,1,724.8308715820312,36.63,0,1,0.87,0:49:55
17504,1,2554.609619140625,36.63,1,0,0.87,0:51:48
17505,1,222.6811370849609,36.63,0,1,0.87,0:52:50
17506,1,221.2099761962891,36.63,1,0,0.87,0:47:49
17507,1,58.93083190917969,36.63,0,1,0.87,0:54:27
17508,1,5.445359230041504,36.63,0,1,0.87,0:50:50
17509,1,208.5572662353516,36.63,1,0,0.87,0:41:23
17510,1,38.46767807006836,36.63,1,0,0.87,0:59:33
17511,1,331.5245056152344,36.63,1,0,0.87,0:54:35
17512,1,331.5245056152344,36.63,0,1,0.87,0:54:35
17513,1,10.44776248931885,36.63,0,1,0.87,0:58:43
17514,1,14.32654094696045,36.63,1,0,0.87,0:50:27
17515,1,7.058139324188232,36.63,0,1,0.87,0:55:57
17516,1,266.2826538085938,36.63,0,1,0.87,0:52:33
17517,1,181.5143737792969,36.63,0,1,0.87,0:55:21
17518,1,438.7340087890625,36.63,1,0,0.87,0:56:35
17519,1,31.97005462646484,36.63,1,0,0.87,0:57:01
17520,1,221.5890655517578,36.63,1,0,0.87,0:55:43
17521,1,8.94913387298584,36.63,0,1,0.87,0:53:56
17522,1,1.4814465045928962,36.63,0,1,0.87,0:51:24
17523,1,222.6811370849609,36.63,1,0,0.87,0:52:51
17524,1,93.63286590576172,36.63,1,0,0.87,0:56:31
17525,1,194.29931640625,36.63,1,0,0.87,0:50:58
17526,1,42.68008041381836,36.63,0,1,0.87,0:53:50
17527,1,15.55781936645508,36.63,0,1,0.87,0:54:24
17528,1,4.8699212074279785,36.63,0,1,0.87,0:54:20
17529,1,1325.179443359375,36.63,1,0,0.87,0:49:41
17530,1,321.1102600097656,36.63,1,0,0.87,0:47:30
17531,1,46.611412048339844,36.63,1,0,0.87,0:56:05
17532,1,274.3619384765625,36.63,1,0,0.87,0:49:59
17533,1,26.32793998718262,36.63,0,1,0.87,0:52:27
17534,1,29.45329856872559,36.63,1,0,0.87,0:53:12
17535,1,297.2489318847656,36.63,1,0,0.87,0:55:05
17536,1,15.55781936645508,36.63,1,0,0.87,0:54:02
17537,1,17.3270263671875,36.63,1,0,0.87,0:49:01
17538,1,60.15327453613281,36.63,0,1,0.87,0:51:50
17539,1,1387.646484375,36.63,0,1,0.87,0:54:42
17540,1,1452.274169921875,36.63,0,1,0.87,0:54:43
17541,1,6.489360332489014,36.63,1,0,0.87,0:43:53
17542,1,1387.646484375,36.63,0,1,0.87,0:54:43
17543,1,88.40628051757812,36.63,0,1,0.87,0:54:25
17544,1,66.19444274902344,36.63,1,0,0.87,0:50:58
17545,1,196.8123321533203,36.63,0,1,0.87,0:55:45
17546,1,251.0852508544922,36.63,1,0,0.87,0:53:20
17547,1,48.727294921875,36.63,1,0,0.87,0:52:38
17548,1,187.0788269042969,36.63,0,1,0.87,0:52:00
17549,1,55.31649398803711,36.63,1,0,0.87,0:52:31
17550,1,666.8341674804688,36.63,1,0,0.87,0:51:16
17551,1,259.998291015625,36.63,0,1,0.87,0:53:58
17552,1,266.2826538085938,36.63,1,0,0.87,0:53:54
17553,1,318.0594787597656,36.63,0,1,0.87,0:50:49
17554,1,51.877418518066406,36.63,1,0,0.87,0:52:32
17555,2,408.3988647460938,36.63,1,0,0.87,0:51:22
17556,1,13.0,36.63,0,1,0.87,0:51:36
17557,1,215.4762725830078,36.63,1,0,0.87,0:53:25
17558,1,11.8902006149292,36.63,0,1,0.87,0:51:33
17559,1,137.49957275390622,36.63,0,1,0.87,0:53:07
17560,1,213.9208221435547,36.63,1,0,0.87,0:51:08
17561,1,320.0387878417969,36.63,0,1,0.87,0:52:54
17562,1,614.4942016601562,36.63,1,0,0.87,0:49:01
17563,1,380.1826171875,36.63,0,1,0.87,0:50:22
17564,1,275.03494262695307,36.63,1,0,0.87,0:53:05
17565,1,7.25051212310791,36.63,0,1,0.87,0:50:49
17566,1,51.877418518066406,36.63,1,0,0.87,0:54:58
17567,1,614.4942016601562,36.63,0,1,0.87,0:52:41
17568,1,5.125320911407472,36.63,1,0,0.87,0:52:48
17569,1,10.44776248931885,36.63,0,1,0.87,1:02:54
17570,1,16.84739112854004,36.63,0,1,0.87,0:56:07
17571,1,84.90104675292969,36.63,1,0,0.87,0:53:56
17572,1,10.44776248931885,36.63,0,1,0.87,0:55:33
17573,1,12.36966991424561,36.63,0,1,0.87,0:53:56
17574,1,239.9998931884766,36.63,0,1,0.87,0:54:06
17575,1,35.90165328979492,36.63,0,1,0.87,0:51:26
17576,1,181.5143737792969,36.63,1,0,0.87,0:48:39
17577,1,62.91466903686523,36.63,1,0,0.87,0:54:17
17578,1,1811.2183837890616,36.63,0,1,0.87,0:53:06
17579,1,184.265625,36.63,0,1,0.87,0:52:19
17580,1,181.5143737792969,36.63,0,1,0.87,0:54:21
17581,1,544.2213134765625,36.63,0,1,0.87,0:54:52
17582,1,565.7193603515625,36.63,0,1,0.87,0:53:22
17583,1,208.5364990234375,36.63,1,0,0.87,0:54:30
17584,1,10.44183731079102,36.63,0,1,0.87,0:51:35
17585,1,2.55957555770874,36.63,0,1,0.87,0:53:21
17586,1,16.84739112854004,36.63,0,1,0.87,0:49:08
17587,1,77.97574615478516,36.63,1,0,0.87,0:51:25
17588,1,71.8073501586914,36.63,1,0,0.87,0:51:49
17589,1,3.197103261947632,36.63,0,1,0.87,0:48:19
17590,1,233.6640472412109,36.63,1,0,0.87,0:52:30
17591,1,31.97005462646484,36.63,0,1,0.87,0:49:52
17592,1,156.6862945556641,36.63,0,1,0.87,0:54:41
17593,2,127.01202392578121,36.63,0,1,0.87,0:50:12
17594,1,131.27555847167972,36.63,1,0,0.87,0:49:10
17595,1,10.44776248931885,36.63,1,0,0.87,0:56:59
17596,1,0.9626661539077759,36.63,1,0,0.87,0:47:40
17597,1,73.63004302978516,36.63,1,0,0.87,0:48:17
17598,1,6.029303550720215,36.63,0,1,0.87,0:54:07
17599,1,10.44183731079102,36.63,0,1,0.87,0:48:36
17600,1,41.97121810913086,36.63,1,0,0.87,0:54:53
17601,1,188.2588348388672,36.63,0,1,0.87,0:54:09
17602,1,181.5143737792969,36.63,1,0,0.87,0:55:29
17603,1,185.3045349121094,36.63,1,0,0.87,0:56:43
17604,1,322.6423645019531,36.63,1,0,0.87,0:54:07
17605,1,9.794013023376463,36.63,1,0,0.87,0:53:52
17606,1,24.5399284362793,36.63,0,1,0.87,0:53:37
17607,1,407.7540283203125,36.63,0,1,0.87,0:53:32
17608,1,72.22600555419922,36.63,0,1,0.87,0:52:17
17609,1,263.2875366210938,36.63,0,1,0.87,0:51:15
17610,1,538.231689453125,36.63,0,1,0.87,0:54:16
17611,1,240.2882080078125,36.63,0,1,0.87,0:56:02
17612,1,137.57452392578122,36.63,0,1,0.87,0:53:31
17613,1,25.63100624084473,36.63,1,0,0.87,0:55:50
17614,1,2284.269775390625,36.63,0,1,0.87,0:54:24
17615,1,2.335977554321289,36.63,0,1,0.87,0:58:43
17616,1,4.303764820098877,36.63,0,1,0.87,0:53:05
17617,1,19.23562431335449,36.63,0,1,0.87,0:54:11
17618,1,19.23562431335449,36.63,0,1,0.87,0:54:11
17619,1,58.93083190917969,36.63,0,1,0.87,0:53:36
17620,1,5.227899074554443,36.63,0,1,0.87,0:53:16
17621,1,140.6603088378906,36.63,1,0,0.87,0:51:33
17622,1,187.2318572998047,36.63,0,1,0.87,0:52:53
17623,1,16.83619689941406,36.63,0,1,0.87,0:54:20
17624,1,263.6666870117188,36.63,0,1,0.87,0:52:31
17625,1,109.5502395629883,36.63,1,0,0.87,0:51:19
17626,1,15.55781936645508,36.63,1,0,0.87,0:54:09
17627,1,4.980266094207764,36.63,0,1,0.87,0:50:50
17628,1,259.998291015625,36.63,0,1,0.87,0:52:57
17629,1,10.96754741668701,36.63,0,1,0.87,0:52:39
17630,1,10.44776248931885,36.63,0,1,0.87,0:56:29
17631,1,181.5143737792969,36.63,0,1,0.87,0:53:00
17632,1,104.0583648681641,36.63,0,1,0.87,0:49:32
17633,1,224.7173004150391,36.63,0,1,0.87,0:56:21
17634,1,290.9002380371094,36.63,0,1,0.87,0:54:38
17635,1,8.0,36.63,0,1,0.87,0:54:05
17636,1,67.15016174316406,36.63,0,1,0.87,0:51:42
17637,1,16.83182334899902,36.63,1,0,0.87,0:52:19
17638,1,92.71110534667969,36.63,0,1,0.87,0:53:13
17639,1,263.6666870117188,36.63,1,0,0.87,0:51:47
17640,1,324.6480712890625,36.63,0,1,0.87,0:55:33
17641,1,239.9360809326172,36.63,0,1,0.87,0:51:02
17642,1,376.4162902832031,36.63,0,1,0.87,0:50:02
17643,1,85.61605834960938,36.63,0,1,0.87,0:52:36
17644,1,34.38656997680664,36.63,1,0,0.87,0:53:45
17645,1,55.27118682861328,36.63,0,1,0.87,0:53:36
17646,1,241.1495513916016,36.63,0,1,0.87,0:53:39
17647,1,1452.274169921875,36.63,0,1,0.87,0:47:26
17648,1,1300.675048828125,36.63,0,1,0.87,0:54:00
17649,1,108.06201171875,36.63,1,0,0.87,0:53:56
17650,1,653.6278686523438,36.63,0,1,0.87,0:54:38
17651,1,62.27024841308594,36.63,0,1,0.87,0:52:40
17652,1,109.5122451782227,36.63,1,0,0.87,0:54:04
17653,1,233.6640472412109,36.63,0,1,0.87,0:51:54
17654,1,140.9563293457031,36.63,1,0,0.87,0:54:15
17655,1,228.6362762451172,36.63,1,0,0.87,0:48:11
17656,1,232.9170684814453,36.63,0,1,0.87,0:52:51
17657,1,219.4850006103516,36.63,0,1,0.87,1:01:46
17658,1,6.862918376922607,36.63,1,0,0.87,0:53:20
17659,1,6.862918376922607,36.63,1,0,0.87,0:53:19
17660,1,10.44183731079102,36.63,1,0,0.87,0:54:02
17661,1,2229.72216796875,36.63,1,0,0.87,0:40:44
17662,1,34.05735397338867,36.63,0,1,0.87,0:55:21
17663,1,606.4376831054688,36.63,0,1,0.87,0:52:10
17664,1,259.998291015625,36.63,0,1,0.87,0:50:28
17665,1,15.224977493286133,36.63,0,1,0.87,0:53:20
17666,1,236.900634765625,36.63,1,0,0.87,0:52:38
17667,1,100.90512084960942,36.63,1,0,0.87,0:54:04
17668,1,295.15576171875,36.63,1,0,0.87,0:47:49
17669,1,1300.004516601562,36.63,1,0,0.87,0:47:50
17670,1,182.8298187255859,36.63,0,1,0.87,0:54:34
17671,1,149.9436340332031,36.63,0,1,0.87,0:50:59
17672,1,100.6273956298828,36.63,0,1,0.87,0:51:18
17673,1,499.8729553222656,36.63,0,1,0.87,0:54:59
17674,1,157.9389343261719,36.63,0,1,0.87,0:52:04
17675,2,203.5360870361328,36.63,1,0,0.87,0:47:16
17676,1,253.1178741455078,36.63,0,1,0.87,0:54:04
17677,1,10.44776248931885,36.63,0,1,0.87,0:56:25
17678,1,5.484949588775635,36.63,1,0,0.87,0:55:04
17679,1,32.28989028930664,36.63,1,0,0.87,0:53:45
17680,1,1460.8671875,36.63,0,1,0.87,0:50:57
17681,1,140.6603088378906,36.63,0,1,0.87,0:52:33
17682,1,181.5143737792969,36.63,0,1,0.87,0:51:41
17683,1,15.224977493286133,36.63,0,1,0.87,0:51:34
17684,1,260.0,36.63,0,1,0.87,0:58:06
17685,1,224.9377288818359,36.63,0,1,0.87,0:55:14
17686,1,50.04737091064453,36.63,0,1,0.87,0:51:11
17687,1,260.0966186523438,36.63,0,1,0.87,0:48:44
17688,1,10.44776248931885,36.63,0,1,0.87,0:48:56
17689,1,209.3033447265625,36.63,0,1,0.87,0:54:11
17690,1,48.1821517944336,36.63,0,1,0.87,0:49:24
17691,1,195.8337860107422,36.63,0,1,0.87,0:52:54
17692,1,279.2320556640625,36.63,0,1,0.87,0:55:11
17693,1,3.118554830551147,36.63,0,1,0.87,0:48:46
17694,1,254.7844543457031,36.63,0,1,0.87,0:54:04
17695,1,201.6862030029297,36.63,1,0,0.87,0:53:41
17696,1,233.2363739013672,36.63,0,1,0.87,0:53:45
17697,1,8.919455528259277,36.63,0,1,0.87,0:52:50
17698,1,140.58866882324222,36.63,0,1,0.87,0:55:27
17699,1,21.41559982299805,36.63,1,0,0.87,0:54:02
17700,1,195.2724914550781,36.63,0,1,0.87,0:54:55
17701,1,39.47004318237305,36.63,0,1,0.87,0:55:33
17702,1,123.3999710083008,36.63,0,1,0.87,0:52:36
17703,1,25.39257431030273,36.63,0,1,0.87,0:54:01
17704,1,13.55171585083008,36.63,1,0,0.87,0:54:16
17705,1,12.18859100341797,36.63,1,0,0.87,0:54:04
17706,1,27.23297309875488,36.63,0,1,0.87,0:51:09
17707,1,25.39257431030273,36.63,0,1,0.87,0:54:01
17708,1,55.22239303588867,36.63,0,1,0.87,0:52:06
17709,1,25.39257431030273,36.63,1,0,0.87,0:54:01
17710,1,19.77367401123047,36.63,0,1,0.87,0:53:30
17711,1,178.6739349365234,36.63,0,1,0.87,0:53:43
17712,1,181.5143737792969,36.63,0,1,0.87,0:52:10
17713,1,5.33612060546875,36.63,1,0,0.87,0:47:41
17714,1,273.54550170898443,36.63,1,0,0.87,0:52:35
17715,1,152.9582672119141,36.63,1,0,0.87,0:54:09
17716,1,89.54932403564453,36.63,1,0,0.87,0:50:40
17717,1,37.5223388671875,36.63,0,1,0.87,0:55:08
17718,1,95.78414916992188,36.63,0,1,0.87,0:54:12
17719,1,249.9987335205078,36.63,0,1,0.87,0:51:10
17720,1,1707.1612548828118,36.63,0,1,0.87,0:51:56
17721,1,1134.373168945312,36.63,0,1,0.87,0:52:30
17722,1,16.84739112854004,36.63,1,0,0.87,0:57:31
17723,1,24.25078392028809,36.63,0,1,0.87,0:54:20
17724,1,224.8154296875,36.63,1,0,0.87,0:52:21
17725,1,50.26950454711914,36.63,0,1,0.87,0:52:12
17726,1,2049.058349609375,36.63,0,1,0.87,0:53:28
17727,1,83.9320068359375,36.63,0,1,0.87,0:51:18
17728,1,259.998291015625,36.63,1,0,0.87,0:52:31
17729,1,1325.164916992188,36.63,1,0,0.87,0:46:48
17730,1,40.43181228637695,36.63,0,1,0.87,0:53:24
17731,1,91.7226791381836,36.63,0,1,0.87,0:55:25
17732,1,5.453762054443359,36.63,0,1,0.87,0:53:47
17733,1,16.84739112854004,36.63,1,0,0.87,0:57:12
17734,1,17.3270263671875,36.63,0,1,0.87,0:50:17
17735,1,59.45719909667969,36.63,0,1,0.87,0:54:28
17736,1,9.291970252990724,36.63,1,0,0.87,0:51:48
17737,1,131.7489013671875,36.63,0,1,0.87,0:52:52
17738,1,10.44776248931885,36.63,0,1,0.87,0:57:04
17739,1,71.07490539550781,36.63,0,1,0.87,0:49:57
17740,1,37.45990753173828,36.63,0,1,0.87,0:53:30
17741,1,614.4942016601562,36.63,1,0,0.87,0:52:32
17742,1,779.2720947265625,36.63,1,0,0.87,0:51:36
17743,1,108.5567169189453,36.63,0,1,0.87,0:55:49
17744,1,209.1282806396484,36.63,0,1,0.87,0:53:43
17745,1,85.82516479492188,36.63,0,1,0.87,0:55:49
17746,1,247.52825927734384,36.63,1,0,0.87,0:53:50
17747,1,12.58986759185791,36.63,1,0,0.87,0:43:07
17748,1,74.23316192626953,36.63,0,1,0.87,0:52:38
17749,1,6.938945770263673,36.63,0,1,0.87,0:52:23
17750,1,74.23316192626953,36.63,0,1,0.87,0:52:39
17751,1,32.74137115478516,36.63,1,0,0.87,0:50:47
17752,1,392.9354553222656,36.63,0,1,0.87,0:52:05
17753,1,18.05331420898438,36.63,0,1,0.87,0:55:12
17754,1,138.0327453613281,36.63,1,0,0.87,0:54:32
17755,1,323.9591369628906,36.63,1,0,0.87,0:50:31
17756,1,47.58063888549805,36.63,0,1,0.87,0:54:44
17757,1,137.5648040771484,36.63,0,1,0.87,0:54:13
17758,1,52.4610595703125,36.63,1,0,0.87,0:45:28
17759,1,13.315147399902338,36.63,0,1,0.87,0:53:30
17760,1,10.44776248931885,36.63,1,0,0.87,0:55:53
17761,1,137.6639404296875,36.63,1,0,0.87,0:53:31
17762,1,1243.033569335938,36.63,0,1,0.87,0:48:34
17763,1,149.1394653320312,36.63,0,1,0.87,0:51:42
17764,1,3.920108318328857,36.63,1,0,0.87,0:49:43
17765,1,601.2155151367188,36.63,0,1,0.87,0:52:04
17766,1,235.1849670410156,36.63,1,0,0.87,0:48:20
17767,1,315.6446228027344,36.63,0,1,0.87,0:55:54
17768,1,19.07254981994629,36.63,1,0,0.87,0:56:58
17769,1,241.75341796875,36.63,1,0,0.87,0:54:20
17770,1,56.084815979003906,36.63,0,1,0.87,0:54:45
17771,1,67.96146392822266,36.63,1,0,0.87,0:54:14
17772,1,47.60859680175781,36.63,0,1,0.87,0:51:52
17773,1,614.4942016601562,36.63,0,1,0.87,0:49:18
17774,1,2.129040479660034,36.63,1,0,0.87,0:55:15
17775,1,692.572021484375,36.63,1,0,0.87,0:49:10
17776,1,157.2373657226562,36.63,1,0,0.87,0:52:14
17777,1,25.37751960754395,36.63,1,0,0.87,0:55:03
17778,1,110.5280075073242,36.63,1,0,0.87,0:49:01
17779,1,61.83947372436523,36.63,0,1,0.87,0:53:11
17780,1,14.32654094696045,36.63,1,0,0.87,0:51:46
17781,1,516.3578491210939,36.63,0,1,0.87,0:53:35
17782,1,313.5910949707031,36.63,0,1,0.87,0:50:26
17783,1,89.73096466064453,36.63,0,1,0.87,0:53:01
17784,1,67.15016174316406,36.63,0,1,0.87,0:53:26
17785,1,104.1191558837891,36.63,1,0,0.87,0:52:43
17786,1,181.6004943847656,36.63,0,1,0.87,0:51:32
17787,1,147.0316009521484,36.63,0,1,0.87,0:55:46
17788,1,259.998291015625,36.63,0,1,0.87,0:48:07
17789,1,1186.648193359375,36.63,0,1,0.87,0:51:41
17790,1,197.41845703125,36.63,0,1,0.87,0:55:50
17791,1,91.7226791381836,36.63,0,1,0.87,0:54:16
17792,1,12.58986759185791,36.63,1,0,0.87,0:55:52
17793,1,88.13481903076172,36.63,1,0,0.87,0:51:11
17794,1,36.75872421264648,36.63,1,0,0.87,0:55:52
17795,1,159.569091796875,36.63,1,0,0.87,0:51:35
17796,1,30.50012588500977,36.63,1,0,0.87,0:53:23
17797,1,1623.9774169921882,36.63,1,0,0.87,0:49:01
17798,1,58.93083190917969,36.63,1,0,0.87,0:55:53
17799,1,10.96754741668701,36.63,1,0,0.87,0:53:24
17800,1,295.9783935546875,36.63,1,0,0.87,0:54:44
17801,1,131.0602111816406,36.63,0,1,0.87,0:51:37
17802,1,133.15083312988278,36.63,0,1,0.87,0:53:04
17803,1,107.4973297119141,36.63,0,1,0.87,0:53:04
17804,1,409.0515441894531,36.63,0,1,0.87,0:52:23
17805,1,286.9860229492188,36.63,0,1,0.87,0:54:43
17806,1,11.65731906890869,36.63,0,1,0.87,0:54:21
17807,1,331.5245056152344,36.63,0,1,0.87,0:53:41
17808,1,9.36025619506836,36.63,0,1,0.87,0:56:23
17809,1,36.52098846435547,36.63,1,0,0.87,0:54:48
17810,1,6.472280979156494,36.63,1,0,0.87,0:54:08
17811,1,51.85509490966797,36.63,0,1,0.87,0:53:53
17812,1,208.9266662597656,36.63,0,1,0.87,0:50:57
17813,1,16.84739112854004,36.63,0,1,0.87,0:54:12
17814,1,14.566981315612788,36.63,1,0,0.87,0:56:23
17815,1,2604.152587890625,36.63,0,1,0.87,0:50:52
17816,1,179.7444305419922,36.63,0,1,0.87,0:53:08
17817,1,253.0893249511719,36.63,0,1,0.87,0:53:45
17818,1,14.566981315612788,36.63,1,0,0.87,0:51:36
17819,1,10.44776248931885,36.63,0,1,0.87,0:55:00
17820,1,286.9860229492188,36.63,0,1,0.87,0:47:27
17821,1,160.6837005615234,36.63,1,0,0.87,0:52:17
17822,1,32.52695846557617,36.63,1,0,0.87,0:54:14
17823,1,24.80491638183594,36.63,1,0,0.87,0:55:51
17824,1,199.8271331787109,36.63,0,1,0.87,0:55:02
17825,1,303.8334655761719,36.63,1,0,0.87,0:51:20
17826,1,1636.990966796875,36.63,0,1,0.87,0:55:20
17827,1,1452.274169921875,36.63,0,1,0.87,0:54:29
17828,1,987.7908325195312,36.63,0,1,0.87,0:55:05
17829,1,374.1132507324219,36.63,0,1,0.87,0:51:29
17830,1,167.2232208251953,36.63,0,1,0.87,0:51:28
17831,1,41.98091506958008,36.63,1,0,0.87,0:49:30
17832,1,259.998291015625,36.63,0,1,0.87,0:53:57
17833,1,1.475898504257202,36.63,1,0,0.87,0:52:08
17834,1,204.3320465087891,36.63,0,1,0.87,0:55:43
17835,1,171.4735870361328,36.63,0,1,0.87,0:52:15
17836,1,30.80482292175293,36.63,1,0,0.87,0:53:25
17837,1,7.63557243347168,36.63,0,1,0.87,0:55:57
17838,1,297.5103759765625,36.63,0,1,0.87,0:55:50
17839,1,263.49282836914057,36.63,0,1,0.87,0:53:58
17840,1,72.69342041015625,36.63,0,1,0.87,0:54:25
17841,1,15.224977493286133,36.63,0,1,0.87,0:51:48
17842,1,89.8837890625,36.63,1,0,0.87,0:52:58
17843,1,15.224977493286133,36.63,1,0,0.87,0:51:48
17844,1,63.12728118896485,36.63,0,1,0.87,0:53:41
17845,1,724.8308715820312,36.63,1,0,0.87,0:51:25
17846,1,212.349853515625,36.63,1,0,0.87,0:56:02
17847,1,243.0638122558594,36.63,0,1,0.87,0:54:40
17848,1,1831.0819091796882,36.63,0,1,0.87,0:51:28
17849,1,108.9886856079102,36.63,0,1,0.87,0:54:59
17850,1,12.58986759185791,36.63,1,0,0.87,0:50:51
17851,1,1623.9774169921882,36.63,0,1,0.87,0:53:05
17852,1,95.90784454345705,36.63,0,1,0.87,0:53:29
17853,1,224.7559356689453,36.63,0,1,0.87,0:50:25
17854,1,296.9273376464844,36.63,0,1,0.87,0:52:14
17855,1,167.9832916259766,36.63,0,1,0.87,0:52:05
17856,1,61.61431503295898,36.63,1,0,0.87,0:54:55
17857,1,34.8409423828125,36.63,0,1,0.87,0:52:10
17858,1,109.5502395629883,36.63,0,1,0.87,0:55:55
17859,1,113.38473510742192,36.63,1,0,0.87,0:53:12
17860,1,112.0407485961914,36.63,0,1,0.87,0:51:09
17861,1,62.17602157592773,36.63,0,1,0.87,0:50:54
17862,1,260.84353637695307,36.63,1,0,0.87,0:51:23
17863,1,212.76708984375,36.63,1,0,0.87,0:53:00
17864,1,196.0460205078125,36.63,0,1,0.87,0:48:59
17865,1,337.4805297851562,36.63,1,0,0.87,0:52:45
17866,1,121.3621368408203,36.63,0,1,0.87,0:50:33
17867,1,213.1199493408203,36.63,0,1,0.87,0:55:20
17868,1,235.7916412353516,36.63,1,0,0.87,0:55:29
17869,1,48.38787841796875,36.63,1,0,0.87,0:52:08
17870,1,1300.004516601562,36.63,0,1,0.87,0:53:30
17871,1,270.05172729492193,36.63,0,1,0.87,0:54:25
17872,1,1511.2135009765618,36.63,0,1,0.87,0:53:15
17873,1,222.5330810546875,36.63,0,1,0.87,0:55:31
17874,1,9.460421562194824,36.63,1,0,0.87,0:52:54
17875,1,77.3214340209961,36.63,0,1,0.87,0:52:56
17876,1,278.0640869140625,36.63,0,1,0.87,0:53:31
17877,1,10.44776248931885,36.63,0,1,0.87,0:52:00
17878,1,17.31131172180176,36.63,0,1,0.87,0:54:19
17879,1,614.4942016601562,36.63,0,1,0.87,0:51:28
17880,1,43.62190246582031,36.63,0,1,0.87,0:52:17
17881,1,388.6976318359375,36.63,1,0,0.87,0:50:06
17882,1,43.62190246582031,36.63,1,0,0.87,0:52:17
17883,1,259.998291015625,36.63,0,1,0.87,0:54:11
17884,1,235.1849670410156,36.63,0,1,0.87,0:52:04
17885,1,331.5245056152344,36.63,0,1,0.87,0:55:01
17886,1,62.27024841308594,36.63,1,0,0.87,0:54:51
17887,1,1386.9697265625,36.63,0,1,0.87,0:53:04
17888,1,262.01296997070307,36.63,0,1,0.87,0:54:01
17889,1,10.58681583404541,36.63,0,1,0.87,0:54:10
17890,1,84.5443344116211,36.63,1,0,0.87,0:46:56
17891,1,140.9563293457031,36.63,1,0,0.87,0:50:08
17892,1,189.8126220703125,36.63,1,0,0.87,0:52:33
17893,1,316.2669372558594,36.63,0,1,0.87,0:52:05
17894,1,735.2921142578125,36.63,0,1,0.87,0:51:24
17895,1,140.6603088378906,36.63,0,1,0.87,0:53:13
17896,1,1.720813989639282,36.63,0,1,0.87,0:51:55
17897,1,233.6640472412109,36.63,1,0,0.87,0:56:09
17898,1,1360.286376953125,36.63,0,1,0.87,0:48:05
17899,1,1596.6729736328118,36.63,0,1,0.87,0:57:56
17900,1,10.44776248931885,36.63,0,1,0.87,0:55:41
17901,1,78.6194839477539,36.63,1,0,0.87,0:54:01
17902,1,260.55117797851557,36.63,0,1,0.87,0:52:58
17903,1,254.7844543457031,36.63,0,1,0.87,0:55:52
17904,1,225.0460052490234,36.63,0,1,0.87,0:51:33
17905,1,50.26950454711914,36.63,1,0,0.87,0:54:33
17906,1,399.9556579589844,36.63,1,0,0.87,0:54:59
17907,1,37.21602249145508,36.63,1,0,0.87,0:52:08
17908,1,7.651525020599365,36.63,1,0,0.87,0:55:52
17909,1,18.26416397094727,36.63,1,0,0.87,0:47:35
17910,1,10.44776248931885,36.63,1,0,0.87,0:50:37
17911,1,317.3747863769531,36.63,1,0,0.87,0:54:00
17912,1,1371.919311523438,36.63,1,0,0.87,0:58:00
17913,1,27.46096801757812,36.63,0,1,0.87,0:50:12
17914,1,364.0152587890625,36.63,1,0,0.87,0:48:54
17915,1,1831.0819091796882,36.63,1,0,0.87,0:49:06
17916,1,611.3375244140625,36.63,1,0,0.87,0:52:51
17917,1,2103.939453125,36.63,0,1,0.87,0:51:13
17918,1,50.82839584350586,36.63,1,0,0.87,0:55:36
17919,1,261.3677368164062,36.63,0,1,0.87,0:52:47
17920,1,188.2588348388672,36.63,0,1,0.87,0:54:11
17921,1,254.8965301513672,36.63,0,1,0.87,0:50:39
17922,1,126.1217880249023,36.63,1,0,0.87,0:57:35
17923,1,2.371200561523438,36.63,0,1,0.87,0:50:46
17924,1,8.241552352905272,36.63,0,1,0.87,0:53:36
17925,1,77.97574615478516,36.63,0,1,0.87,0:55:01
17926,1,91.7226791381836,36.63,0,1,0.87,0:57:14
17927,1,308.3429870605469,36.63,1,0,0.87,0:52:22
17928,1,321.1102600097656,36.63,1,0,0.87,0:51:15
17929,1,283.1936340332031,36.63,0,1,0.87,0:54:16
17930,1,30.4487247467041,36.63,0,1,0.87,0:58:18
17931,1,18.4889087677002,36.63,1,0,0.87,0:51:53
17932,1,10.44776248931885,36.63,0,1,0.87,0:52:58
17933,1,132.97625732421878,36.63,0,1,0.87,0:54:28
17934,1,9.895055770874023,36.63,1,0,0.87,0:49:46
17935,1,5.421722888946533,36.63,1,0,0.87,0:57:22
17936,1,22.12597465515137,36.63,0,1,0.87,0:57:22
17937,1,294.5110473632812,36.63,0,1,0.87,0:54:04
17938,1,368.4687805175781,36.63,1,0,0.87,0:54:48
17939,1,331.5245056152344,36.63,1,0,0.87,0:53:55
17940,1,37.14537048339844,36.63,1,0,0.87,0:47:57
17941,1,975.5709228515624,36.63,1,0,0.87,0:56:25
17942,1,10.44776248931885,36.63,0,1,0.87,0:55:58
17943,1,1.4814465045928962,36.63,1,0,0.87,0:54:05
17944,1,149.1394653320312,36.63,0,1,0.87,0:51:29
17945,1,12.35730648040771,36.63,1,0,0.87,0:53:06
17946,1,181.5143737792969,36.63,0,1,0.87,0:50:34
17947,1,330.508056640625,36.63,1,0,0.87,0:49:43
17948,1,270.96609497070307,36.63,0,1,0.87,0:53:09
17949,1,75.00797271728516,36.63,0,1,0.87,0:54:12
17950,1,49.10206985473633,36.63,1,0,0.87,0:49:10
17951,1,1433.763671875,36.63,1,0,0.87,0:52:59
17952,1,565.745849609375,36.63,1,0,0.87,0:54:13
17953,1,4.784560680389403,36.63,0,1,0.87,0:53:05
17954,1,1433.763671875,36.63,0,1,0.87,0:52:59
17955,1,44.07643127441406,36.63,0,1,0.87,0:53:16
17956,1,10.44183731079102,36.63,1,0,0.87,0:52:35
17957,1,233.7287750244141,36.63,1,0,0.87,0:51:52
17958,1,8.438035011291504,36.63,1,0,0.87,0:45:39
17959,1,140.6603088378906,36.63,1,0,0.87,0:52:33
17960,1,59.02432632446289,36.63,1,0,0.87,0:53:56
17961,1,215.4762725830078,36.63,0,1,0.87,0:57:35
17962,1,5.734809875488281,36.63,1,0,0.87,0:52:33
17963,1,149.1394653320312,36.63,0,1,0.87,0:53:35
17964,1,187.9427490234375,36.63,1,0,0.87,0:51:30
17965,1,134.9916687011719,36.63,1,0,0.87,0:56:22
17966,1,31.97005462646484,36.63,0,1,0.87,0:52:49
17967,1,159.9830627441406,36.63,0,1,0.87,0:51:34
17968,1,416.6888122558594,36.63,1,0,0.87,0:50:29
17969,1,8.194785118103027,36.63,0,1,0.87,0:52:07
17970,1,394.6604919433594,36.63,1,0,0.87,0:52:33
17971,1,10.44776248931885,36.63,1,0,0.87,0:55:19
17972,1,14.32654094696045,36.63,0,1,0.87,0:52:30
17973,1,366.0434265136719,36.63,0,1,0.87,0:53:58
17974,1,73.2974853515625,36.63,1,0,0.87,0:54:58
17975,1,41.98091506958008,36.63,1,0,0.87,0:53:27
17976,1,46.89284896850586,36.63,0,1,0.87,0:55:02
17977,1,320.0387878417969,36.63,0,1,0.87,0:52:51
17978,1,666.8341674804688,36.63,0,1,0.87,0:53:38
17979,1,167.1740875244141,36.63,1,0,0.87,0:54:35
17980,1,96.02049255371094,36.63,0,1,0.87,0:55:37
17981,1,31.97005462646484,36.63,0,1,0.87,0:56:53
17982,1,329.9063110351562,36.63,1,0,0.87,0:53:40
17983,1,666.8341674804688,36.63,1,0,0.87,0:53:07
17984,1,44.78792953491211,36.63,0,1,0.87,0:53:57
17985,1,666.8341674804688,36.63,0,1,0.87,0:53:39
17986,1,527.0923461914061,36.63,0,1,0.87,0:50:57
17987,1,63.0792350769043,36.63,0,1,0.87,0:53:53
17988,1,8.919455528259277,36.63,1,0,0.87,0:49:17
17989,1,7.309962749481201,36.63,1,0,0.87,0:56:05
17990,1,167.9832916259766,36.63,0,1,0.87,0:55:27
17991,2,223.5868377685547,36.63,0,1,0.87,0:52:21
17992,1,31.97005462646484,36.63,0,1,0.87,0:50:25
17993,1,16.84739112854004,36.63,1,0,0.87,0:55:34
17994,1,254.7844543457031,36.63,0,1,0.87,0:53:57
17995,1,69.08901214599611,36.63,1,0,0.87,0:45:41
17996,2,30.596721649169922,36.63,1,0,0.87,0:52:12
17997,1,30.63784027099609,36.63,1,0,0.87,0:53:09
17998,1,284.8039245605469,36.63,0,1,0.87,0:52:55
17999,1,278.0033569335938,36.63,1,0,0.87,0:54:09
18000,1,55.22239303588867,36.63,0,1,0.87,0:53:16
18001,1,56.440467834472656,36.63,1,0,0.87,0:50:51
18002,1,376.4162902832031,36.63,0,1,0.87,0:55:09
18003,1,4.496073246002197,36.63,1,0,0.87,0:49:16
18004,1,286.1269226074219,36.63,1,0,0.87,0:47:47
18005,1,71.8073501586914,36.63,1,0,0.87,0:52:04
18006,1,2554.609619140625,36.63,1,0,0.87,0:44:41
18007,1,23.05730819702148,36.63,0,1,0.87,0:56:42
18008,1,39.47004318237305,36.63,1,0,0.87,0:49:12
18009,1,240.75494384765616,36.63,0,1,0.87,0:55:09
18010,1,43.333152770996094,36.63,0,1,0.87,0:52:50
18011,1,1046.732788085938,36.63,0,1,0.87,0:53:12
18012,1,8.212539672851562,36.63,0,1,0.87,0:55:13
18013,1,46.15754318237305,36.63,1,0,0.87,0:52:53
18014,1,134.9916687011719,36.63,1,0,0.87,0:54:32
18015,1,2.103271007537842,36.63,1,0,0.87,0:53:55
18016,1,39.47004318237305,36.63,1,0,0.87,0:54:31
18017,1,209.3033447265625,36.63,0,1,0.87,0:54:11
18018,1,10.44183731079102,36.63,1,0,0.87,0:54:42
18019,1,298.1180725097656,36.63,0,1,0.87,0:53:44
18020,1,33.1964111328125,36.63,0,1,0.87,0:54:04
18021,1,233.6640472412109,36.63,1,0,0.87,0:54:30
18022,1,39.94172286987305,36.63,0,1,0.87,0:54:41
18023,1,195.8337860107422,36.63,1,0,0.87,0:50:28
18024,1,16.00102424621582,36.63,0,1,0.87,0:54:56
18025,1,11.05302143096924,36.63,0,1,0.87,0:55:51
18026,1,6.444761276245117,36.63,0,1,0.87,0:54:57
18027,1,306.636474609375,36.63,0,1,0.87,0:54:35
18028,1,11.085031509399409,36.63,0,1,0.87,0:54:51
18029,1,181.5143737792969,36.63,0,1,0.87,0:54:58
18030,1,231.5427703857422,36.63,0,1,0.87,0:51:26
18031,1,296.9273376464844,36.63,1,0,0.87,1:00:30
18032,1,264.586181640625,36.63,1,0,0.87,0:56:03
18033,1,95.78414916992188,36.63,0,1,0.87,0:53:12
18034,1,7.193763732910156,36.63,0,1,0.87,0:53:00
18035,1,103.4696578979492,36.63,1,0,0.87,0:50:53
18036,1,822.3980712890625,36.63,0,1,0.87,0:52:00
18037,1,318.2921142578125,36.63,1,0,0.87,0:48:32
18038,1,98.0748519897461,36.63,0,1,0.87,0:54:31
18039,1,80.1837158203125,36.63,1,0,0.87,0:50:53
18040,1,25.96640586853027,36.63,0,1,0.87,0:53:57
18041,1,4.943000316619873,36.63,1,0,0.87,0:54:28
18042,1,238.5087738037109,36.63,0,1,0.87,0:57:27
18043,1,1636.990966796875,36.63,1,0,0.87,0:56:17
18044,1,10.44776248931885,36.63,0,1,0.87,0:53:06
18045,1,246.8048858642578,36.63,1,0,0.87,0:46:05
18046,1,17.27389907836914,36.63,1,0,0.87,0:48:40
18047,1,52.69355010986328,36.63,0,1,0.87,0:54:02
18048,1,11.01116943359375,36.63,1,0,0.87,0:52:57
18049,1,222.7997283935547,36.63,0,1,0.87,0:54:22
18050,1,39.21760559082031,36.63,1,0,0.87,0:49:37
18051,1,841.2716064453125,36.63,1,0,0.87,0:52:24
18052,1,8.0,36.63,0,1,0.87,0:55:49
18053,1,380.0,36.63,1,0,0.87,0:52:37
18054,1,210.44793701171884,36.63,0,1,0.87,0:54:51
18055,1,378.2447204589844,36.63,1,0,0.87,0:57:41
18056,1,2233.563720703125,36.63,0,1,0.87,0:55:12
18057,1,15.224977493286133,36.63,1,0,0.87,0:49:15
18058,1,91.7226791381836,36.63,0,1,0.87,0:51:21
18059,1,175.0360412597656,36.63,0,1,0.87,0:53:22
18060,1,229.5087432861328,36.63,0,1,0.87,0:54:24
18061,1,302.7876281738281,36.63,0,1,0.87,0:50:58
18062,1,224.9872589111328,36.63,0,1,0.87,0:56:30
18063,1,1046.732788085938,36.63,1,0,0.87,0:54:00
18064,1,152.9582672119141,36.63,0,1,0.87,0:55:52
18065,1,187.0788269042969,36.63,0,1,0.87,0:53:09
18066,1,56.28202819824219,36.63,1,0,0.87,0:54:31
18067,1,259.998291015625,36.63,0,1,0.87,0:54:27
18068,1,0.4744264781475067,36.63,0,1,0.87,0:53:36
18069,1,4.303764820098877,36.63,1,0,0.87,0:54:53
18070,1,13.973583221435552,36.63,1,0,0.87,0:52:24
18071,1,16.00442504882812,36.63,1,0,0.87,0:56:57
18072,1,101.0947265625,36.63,1,0,0.87,0:52:27
18073,1,38.32305526733398,36.63,1,0,0.87,0:52:06
18074,1,20.19857788085938,36.63,0,1,0.87,0:52:21
18075,2,263.1090087890625,36.63,1,0,0.87,0:52:46
18076,1,259.998291015625,36.63,0,1,0.87,0:54:30
18077,1,89.73096466064453,36.63,0,1,0.87,0:53:46
18078,1,36.19046020507812,36.63,1,0,0.87,0:54:58
18079,1,259.998291015625,36.63,1,0,0.87,0:53:30
18080,1,24.10358238220215,36.63,0,1,0.87,0:53:25
18081,1,36.75872421264648,36.63,1,0,0.87,0:59:55
18082,1,15.224977493286133,36.63,0,1,0.87,0:54:12
18083,1,24.22848892211914,36.63,0,1,0.87,0:53:49
18084,1,1596.6729736328118,36.63,0,1,0.87,0:52:35
18085,1,307.5173950195312,36.63,0,1,0.87,0:52:05
18086,1,465.1246948242188,36.63,1,0,0.87,0:55:46
18087,1,37.14537048339844,36.63,1,0,0.87,0:46:59
18088,1,275.03494262695307,36.63,0,1,0.87,0:52:29
18089,1,10.44776248931885,36.63,0,1,0.87,0:55:34
18090,1,724.8308715820312,36.63,1,0,0.87,0:53:45
18091,1,10.44776248931885,36.63,1,0,0.87,0:53:56
18092,1,33.91964721679688,36.63,0,1,0.87,0:52:58
18093,1,10.18533515930176,36.63,0,1,0.87,0:53:06
18094,1,92.71110534667969,36.63,0,1,0.87,0:54:47
18095,1,264.034912109375,36.63,1,0,0.87,0:53:03
18096,1,19.77367401123047,36.63,0,1,0.87,0:52:21
18097,1,5.445359230041504,36.63,0,1,0.87,0:55:45
18098,1,270.97509765625,36.63,0,1,0.87,0:53:30
18099,1,193.25177001953116,36.63,0,1,0.87,0:49:39
18100,1,106.4165573120117,36.63,1,0,0.87,0:55:54
18101,1,49.19923400878906,36.63,1,0,0.87,0:54:19
18102,1,138.3722991943359,36.63,1,0,0.87,0:55:59
18103,1,22.84365844726562,36.63,1,0,0.87,0:50:46
18104,1,106.0931854248047,36.63,1,0,0.87,0:50:52
18105,1,134.9916687011719,36.63,0,1,0.87,0:53:33
18106,1,66.94795989990234,36.63,1,0,0.87,0:48:30
18107,1,1354.186645507812,36.63,0,1,0.87,0:51:56
18108,1,121.3621368408203,36.63,0,1,0.87,0:54:45
18109,1,25.39257431030273,36.63,0,1,0.87,0:54:09
18110,1,2229.72216796875,36.63,0,1,0.87,0:54:02
18111,1,123.2840423583984,36.63,1,0,0.87,0:56:42
18112,1,187.0788269042969,36.63,0,1,0.87,0:56:14
18113,1,185.3045349121094,36.63,1,0,0.87,0:57:51
18114,1,187.0788269042969,36.63,0,1,0.87,0:56:14
18115,1,26.88188362121582,36.63,0,1,0.87,0:55:00
18116,1,6.09907341003418,36.63,1,0,0.87,0:58:21
18117,1,120.9079360961914,36.63,0,1,0.87,0:53:20
18118,1,1065.149658203125,36.63,1,0,0.87,0:52:40
18119,1,192.9239654541016,36.63,1,0,0.87,0:52:25
18120,1,29.1304931640625,36.63,1,0,0.87,0:59:40
18121,1,148.7261505126953,36.63,0,1,0.87,0:54:58
18122,1,118.5949020385742,36.63,0,1,0.87,0:54:28
18123,1,22.02759552001953,36.63,1,0,0.87,0:50:29
18124,1,192.8484039306641,36.63,0,1,0.87,0:54:42
18125,1,288.7570190429688,36.63,0,1,0.87,0:57:42
18126,1,181.5143737792969,36.63,0,1,0.87,0:55:01
18127,1,18.05331420898438,36.63,1,0,0.87,0:57:27
18128,1,55.70695114135742,36.63,1,0,0.87,0:53:30
18129,1,230.9308319091797,36.63,0,1,0.87,0:54:11
18130,1,199.52099609375,36.63,1,0,0.87,0:50:08
18131,1,1253.490600585938,36.63,0,1,0.87,0:54:17
18132,1,131.4553527832031,36.63,0,1,0.87,0:54:17
18133,1,259.998291015625,36.63,0,1,0.87,0:49:51
18134,1,35.48947143554688,36.63,1,0,0.87,0:57:24
18135,1,5.565427303314209,36.63,1,0,0.87,0:55:24
18136,1,51.877418518066406,36.63,1,0,0.87,0:57:24
18137,1,183.6633758544922,36.63,0,1,0.87,0:51:43
18138,1,21.25289535522461,36.63,1,0,0.87,0:53:19
18139,1,6.065486431121826,36.63,0,1,0.87,0:55:00
18140,1,103.8417816162109,36.63,0,1,0.87,0:55:24
18141,1,196.8123321533203,36.63,0,1,0.87,0:54:35
18142,1,50.00377655029297,36.63,1,0,0.87,0:58:23
18143,1,333.72900390625,36.63,0,1,0.87,0:53:32
18144,1,74.65789031982422,36.63,1,0,0.87,0:49:34
18145,1,10.23431015014648,36.63,1,0,0.87,0:54:14
18146,1,259.998291015625,36.63,1,0,0.87,0:56:30
18147,1,5.032363891601562,36.63,1,0,0.87,0:56:31
18148,1,17.20283889770508,36.63,0,1,0.87,0:53:31
18149,1,2.411711931228638,36.63,0,1,0.87,0:56:42
18150,1,13.06888675689697,36.63,0,1,0.87,0:54:12
18151,1,15.55781936645508,36.63,1,0,0.87,0:54:43
18152,1,614.4942016601562,36.63,1,0,0.87,0:51:46
18153,1,9.335716247558594,36.63,0,1,0.87,0:55:41
18154,1,263.2875366210938,36.63,0,1,0.87,0:56:27
18155,1,149.1394653320312,36.63,0,1,0.87,0:53:45
18156,1,366.3646240234375,36.63,1,0,0.87,0:54:55
18157,1,137.49957275390622,36.63,0,1,0.87,0:56:27
18158,1,237.6291656494141,36.63,0,1,0.87,0:56:27
18159,1,34.319351196289055,36.63,0,1,0.87,0:53:52
18160,1,298.6885681152344,36.63,0,1,0.87,0:55:04
18161,1,61.40013122558594,36.63,0,1,0.87,0:53:34
18162,2,263.6666870117188,36.63,0,1,0.87,0:56:27
18163,1,207.7408447265625,36.63,0,1,0.87,0:52:47
18164,1,16.83182334899902,36.63,0,1,0.87,0:51:28
18165,1,259.998291015625,36.63,1,0,0.87,0:52:29
18166,1,134.5782775878906,36.63,0,1,0.87,0:53:32
18167,1,232.3273620605469,36.63,0,1,0.87,0:55:18
18168,2,343.5472106933594,36.63,0,1,0.87,0:55:30
18169,1,1536.2200927734382,36.63,0,1,0.87,0:53:44
18170,1,117.5635147094727,36.63,0,1,0.87,0:53:22
18171,1,50.50469589233398,36.63,0,1,0.87,0:51:08
18172,1,91.7226791381836,36.63,0,1,0.87,0:55:25
18173,1,259.998291015625,36.63,0,1,0.87,0:52:09
18174,1,205.8311920166016,36.63,0,1,0.87,0:52:35
18175,1,23.42546081542969,36.63,1,0,0.87,0:54:23
18176,1,387.1519165039062,36.63,0,1,0.87,0:56:28
18177,1,2681.665771484375,36.63,0,1,0.87,0:55:13
18178,1,272.28091430664057,36.63,1,0,0.87,0:55:58
18179,1,56.084815979003906,36.63,1,0,0.87,0:49:00
18180,1,103.6413116455078,36.63,0,1,0.87,0:52:29
18181,1,45.1541862487793,36.63,0,1,0.87,0:53:18
18182,1,14.070459365844732,36.63,1,0,0.87,1:00:05
18183,1,142.3699798583984,36.63,1,0,0.87,0:55:01
18184,1,14.566981315612788,36.63,0,1,0.87,0:51:51
18185,1,37.5223388671875,36.63,1,0,0.87,0:57:10
18186,1,15.5554141998291,36.63,1,0,0.87,0:53:26
18187,1,163.8964691162109,36.63,0,1,0.87,0:54:30
18188,1,9.347909927368164,36.63,1,0,0.87,0:53:06
18189,1,208.6447296142578,36.63,0,1,0.87,0:50:37
18190,1,51.7423210144043,36.63,0,1,0.87,0:53:01
18191,1,492.4649047851562,36.63,1,0,0.87,0:48:17
18192,1,16.84739112854004,36.63,0,1,0.87,0:56:41
18193,1,56.084815979003906,36.63,1,0,0.87,0:56:24
18194,1,27.23297309875488,36.63,0,1,0.87,0:55:39
18195,1,271.45523071289057,36.63,1,0,0.87,0:55:13
18196,1,11.05302143096924,36.63,0,1,0.87,0:49:51
18197,1,184.9748992919922,36.63,0,1,0.87,0:49:08
18198,1,347.6758728027344,36.63,0,1,0.87,0:52:53
18199,1,7.150104522705077,36.63,0,1,0.87,0:52:56
18200,1,4.8699212074279785,36.63,1,0,0.87,1:01:42
18201,1,398.4456176757812,36.63,0,1,0.87,0:54:27
18202,1,130.71659851074222,36.63,0,1,0.87,0:54:57
18203,1,270.184326171875,36.63,0,1,0.87,0:55:05
18204,1,779.2720947265625,36.63,0,1,0.87,0:55:03
18205,1,7.965522289276122,36.63,0,1,0.87,0:51:37
18206,1,316.3588562011719,36.63,1,0,0.87,0:52:18
18207,1,18.31573867797852,36.63,0,1,0.87,0:54:31
18208,1,202.05096435546884,36.63,0,1,0.87,0:52:34
18209,1,149.1394653320312,36.63,0,1,0.87,0:56:32
18210,1,542.0845947265625,36.63,0,1,0.87,0:52:26
18211,1,21.97243499755859,36.63,0,1,0.87,0:50:09
18212,1,53.74789428710938,36.63,0,1,0.87,0:54:11
18213,1,228.3022613525391,36.63,0,1,0.87,0:58:54
18214,1,22.78268432617188,36.63,0,1,0.87,0:55:05
18215,1,553.7554321289061,36.63,0,1,0.87,0:54:32
18216,1,21.98613739013672,36.63,0,1,0.87,0:54:25
18217,1,269.0430908203125,36.63,1,0,0.87,0:46:48
18218,1,250.7317199707031,36.63,1,0,0.87,0:49:30
18219,1,106.87122344970699,36.63,0,1,0.87,0:55:10
18220,1,211.1024017333984,36.63,0,1,0.87,0:49:35
18221,1,9.335716247558594,36.63,0,1,0.87,0:55:47
18222,1,14.070459365844732,36.63,1,0,0.87,0:56:48
18223,1,91.7226791381836,36.63,1,0,0.87,0:53:49
18224,1,236.900634765625,36.63,0,1,0.87,0:46:50
18225,1,614.4942016601562,36.63,0,1,0.87,0:53:01
18226,1,10.44776248931885,36.63,1,0,0.87,0:55:44
18227,1,55.70695114135742,36.63,1,0,0.87,0:52:44
18228,1,149.1394653320312,36.63,0,1,0.87,0:54:57
18229,1,260.0,36.63,1,0,0.87,0:55:54
18230,1,571.0994873046875,36.63,1,0,0.87,0:53:43
18231,1,264.034912109375,36.63,0,1,0.87,0:51:02
18232,1,16.84739112854004,36.63,0,1,0.87,0:50:04
18233,1,10.44776248931885,36.63,0,1,0.87,0:59:58
18234,1,51.94340515136719,36.63,1,0,0.87,0:52:17
18235,1,36.52098846435547,36.63,0,1,0.87,0:52:02
18236,1,159.2595977783203,36.63,1,0,0.87,0:54:44
18237,1,1352.824096679688,36.63,0,1,0.87,0:54:26
18238,1,51.61442184448242,36.63,1,0,0.87,0:42:22
18239,1,7.321578502655027,36.63,1,0,0.87,0:56:15
18240,1,238.4613037109375,36.63,0,1,0.87,0:52:11
18241,1,154.5012359619141,36.63,1,0,0.87,0:53:58
18242,1,63.713539123535156,36.63,1,0,0.87,0:54:40
18243,1,637.21435546875,36.63,1,0,0.87,0:55:14
18244,1,159.2595977783203,36.63,1,0,0.87,0:42:26
18245,1,31.15179443359375,36.63,1,0,0.87,0:51:33
18246,1,38.576393127441406,36.63,1,0,0.87,0:54:11
18247,1,284.6058349609375,36.63,0,1,0.87,0:53:17
18248,1,298.6752014160156,36.63,1,0,0.87,0:52:45
18249,1,74.23316192626953,36.63,1,0,0.87,0:52:56
18250,1,8.919455528259277,36.63,1,0,0.87,0:53:05
18251,1,1046.732788085938,36.63,1,0,0.87,0:54:17
18252,1,224.9683074951172,36.63,0,1,0.87,0:51:11
18253,1,334.7806091308594,36.63,0,1,0.87,0:52:05
18254,1,676.4351806640625,36.63,0,1,0.87,0:54:08
18255,1,368.8739624023438,36.63,0,1,0.87,0:55:21
18256,1,10.44776248931885,36.63,0,1,0.87,0:55:23
18257,1,225.0845947265625,36.63,0,1,0.87,0:54:00
18258,1,9.776250839233398,36.63,1,0,0.87,0:53:22
18259,1,142.791748046875,36.63,0,1,0.87,0:48:22
18260,1,317.9912414550781,36.63,0,1,0.87,0:52:36
18261,1,31.52193450927734,36.63,1,0,0.87,0:54:12
18262,1,187.163818359375,36.63,1,0,0.87,0:51:15
18263,1,259.998291015625,36.63,0,1,0.87,0:54:52
18264,1,69.51416778564453,36.63,1,0,0.87,0:54:35
18265,1,10.44776248931885,36.63,1,0,0.87,0:49:50
18266,1,1134.373168945312,36.63,1,0,0.87,0:51:51
18267,1,184.2229766845703,36.63,0,1,0.87,0:53:37
18268,1,48.10107803344727,36.63,1,0,0.87,0:47:09
18269,1,11.603414535522461,36.63,0,1,0.87,0:54:53
18270,1,266.2826538085938,36.63,0,1,0.87,0:53:46
18271,1,16.84739112854004,36.63,1,0,0.87,0:53:49
18272,1,110.83322143554692,36.63,0,1,0.87,0:53:09
18273,1,14.29023551940918,36.63,1,0,0.87,0:55:38
18274,1,15.32443046569824,36.63,1,0,0.87,0:55:02
18275,1,171.3365936279297,36.63,0,1,0.87,0:52:30
18276,1,311.047607421875,36.63,0,1,0.87,0:54:30
18277,1,275.6912841796875,36.63,1,0,0.87,0:55:43
18278,1,91.7226791381836,36.63,0,1,0.87,0:52:05
18279,1,10.44776248931885,36.63,1,0,0.87,0:57:24
18280,1,71.8073501586914,36.63,0,1,0.87,0:53:31
18281,1,447.4283447265625,36.63,0,1,0.87,0:56:33
18282,1,5.032363891601562,36.63,1,0,0.87,0:55:05
18283,1,2.700874805450439,36.63,0,1,0.87,0:52:43
18284,1,193.25177001953116,36.63,0,1,0.87,0:58:09
18285,1,266.2826538085938,36.63,1,0,0.87,0:58:09
18286,1,663.1068725585938,36.63,1,0,0.87,0:45:45
18287,1,16.84739112854004,36.63,1,0,0.87,0:53:14
18288,1,192.2165679931641,36.63,1,0,0.87,0:54:33
18289,1,149.1394653320312,36.63,1,0,0.87,0:47:06
18290,1,149.1394653320312,36.63,0,1,0.87,0:52:14
18291,1,18.26655006408691,36.63,1,0,0.87,0:53:38
18292,1,137.57452392578122,36.63,0,1,0.87,0:54:00
18293,1,18.05331420898438,36.63,0,1,0.87,0:55:12
18294,1,236.22540283203116,36.63,0,1,0.87,0:52:48
18295,1,547.454345703125,36.63,0,1,0.87,0:53:08
18296,1,144.13720703125,36.63,0,1,0.87,0:52:54
18297,1,73.92286682128906,36.63,1,0,0.87,0:51:24
18298,1,142.791748046875,36.63,1,0,0.87,0:51:25
18299,2,331.5245056152344,36.63,1,0,0.87,0:51:26
18300,1,331.5245056152344,36.63,0,1,0.87,0:51:26
18301,1,77.97574615478516,36.63,1,0,0.87,0:54:37
18302,2,50.26950454711914,36.63,1,0,0.87,0:50:43
18303,1,4.143080711364746,36.63,1,0,0.87,0:58:11
18304,1,44.82641983032227,36.63,1,0,0.87,0:56:10
18305,1,39.47004318237305,36.63,0,1,0.87,0:56:24
18306,1,287.84716796875,36.63,1,0,0.87,0:55:11
18307,1,31.97005462646484,36.63,1,0,0.87,0:55:11
18308,1,6.217576503753662,36.63,0,1,0.87,0:52:29
18309,1,369.6962890625,36.63,0,1,0.87,0:49:30
18310,1,286.1269226074219,36.63,0,1,0.87,0:55:56
18311,1,153.0057525634766,36.63,0,1,0.87,0:54:15
18312,1,320.0387878417969,36.63,1,0,0.87,0:53:22
18313,1,22.17125129699707,36.63,1,0,0.87,0:52:30
18314,1,16.49083518981934,36.63,0,1,0.87,0:55:28
18315,1,259.998291015625,36.63,1,0,0.87,0:56:20
18316,1,68.81992340087889,36.63,0,1,0.87,0:54:05
18317,1,161.9420623779297,36.63,0,1,0.87,0:53:16
18318,1,16.84739112854004,36.63,1,0,0.87,0:54:31
18319,1,25.47345733642578,36.63,0,1,0.87,0:54:14
18320,1,9.622093200683594,36.63,1,0,0.87,0:53:04
18321,1,31.72106170654297,36.63,1,0,0.87,0:56:55
18322,1,101.50933837890621,36.63,0,1,0.87,0:56:01
18323,1,980.9765625,36.63,1,0,0.87,0:52:59
18324,1,366.0434265136719,36.63,0,1,0.87,0:54:22
18325,1,181.5143737792969,36.63,0,1,0.87,0:48:42
18326,1,16.00442504882812,36.63,0,1,0.87,0:54:16
18327,1,433.5549621582031,36.63,0,1,0.87,0:50:58
18328,1,271.45523071289057,36.63,1,0,0.87,0:50:08
18329,1,224.95013427734384,36.63,0,1,0.87,0:54:24
18330,1,317.6456298828125,36.63,1,0,0.87,0:52:00
18331,1,14.566981315612788,36.63,0,1,0.87,0:54:10
18332,1,10.58681583404541,36.63,0,1,0.87,0:55:30
18333,1,34.247421264648445,36.63,0,1,0.87,0:52:42
18334,1,7.309962749481201,36.63,0,1,0.87,0:56:53
18335,1,7.058139324188232,36.63,0,1,0.87,0:49:23
18336,1,11.05302143096924,36.63,0,1,0.87,0:55:55
18337,1,126.8827362060547,36.63,1,0,0.87,0:54:25
18338,1,10.44776248931885,36.63,0,1,0.87,0:55:13
18339,1,16.84739112854004,36.63,1,0,0.87,0:48:16
18340,1,205.3109893798828,36.63,0,1,0.87,0:54:32
18341,1,9.794013023376463,36.63,0,1,0.87,0:52:41
18342,1,15.98628616333008,36.63,1,0,0.87,0:56:39
18343,1,140.6603088378906,36.63,0,1,0.87,0:52:09
18344,1,724.8308715820312,36.63,1,0,0.87,0:50:21
18345,1,7.309962749481201,36.63,1,0,0.87,0:54:04
18346,1,32.52695846557617,36.63,1,0,0.87,0:53:31
18347,1,5.767207145690918,36.63,1,0,0.87,0:51:06
18348,1,277.4137573242188,36.63,1,0,0.87,0:53:17
18349,1,306.636474609375,36.63,1,0,0.87,0:55:38
18350,1,3.469120740890503,36.63,1,0,0.87,0:52:53
18351,1,10.58681583404541,36.63,1,0,0.87,0:57:22
18352,1,61.31462478637695,36.63,0,1,0.87,0:53:18
18353,1,9.335716247558594,36.63,1,0,0.87,0:55:04
18354,1,237.4246978759766,36.63,1,0,0.87,0:42:22
18355,1,487.6846618652344,36.63,1,0,0.87,0:53:02
18356,1,10.44776248931885,36.63,0,1,0.87,0:59:21
18357,1,399.1127624511719,36.63,0,1,0.87,0:56:35
18358,1,10.0096321105957,36.63,1,0,0.87,0:51:03
18359,1,41.12240600585938,36.63,1,0,0.87,0:48:15
18360,1,2.9999067783355717,36.63,1,0,0.87,0:48:09
18361,1,199.6463470458984,36.63,1,0,0.87,0:56:25
18362,1,221.7397918701172,36.63,0,1,0.87,0:53:50
18363,1,286.6631469726562,36.63,0,1,0.87,0:54:23
18364,1,232.9170684814453,36.63,0,1,0.87,0:55:31
18365,1,5.734809875488281,36.63,0,1,0.87,0:55:17
18366,1,259.998291015625,36.63,1,0,0.87,0:53:30
18367,1,224.9377288818359,36.63,1,0,0.87,0:54:19
18368,1,167.9832916259766,36.63,0,1,0.87,0:50:21
18369,1,12.20206928253174,36.63,1,0,0.87,0:55:48
18370,1,64.98374938964844,36.63,1,0,0.87,0:56:14
18371,1,222.4583740234375,36.63,0,1,0.87,0:55:21
18372,1,182.2982330322266,36.63,0,1,0.87,0:54:00
18373,1,10.44776248931885,36.63,1,0,0.87,0:52:11
18374,1,179.06134033203116,36.63,1,0,0.87,0:54:47
18375,1,41.98091506958008,36.63,1,0,0.87,0:53:08
18376,1,614.4942016601562,36.63,0,1,0.87,0:49:25
18377,1,319.6967468261719,36.63,0,1,0.87,0:56:44
18378,1,59.99773025512695,36.63,1,0,0.87,0:51:11
18379,1,147.0316009521484,36.63,1,0,0.87,0:51:11
18380,1,139.7259826660156,36.63,0,1,0.87,0:53:47
18381,1,251.1649627685547,36.63,1,0,0.87,0:51:59
18382,1,49.83196640014648,36.63,0,1,0.87,0:53:14
18383,1,9.807595252990724,36.63,1,0,0.87,0:51:42
18384,1,180.2863311767578,36.63,0,1,0.87,0:53:35
18385,1,57.0,36.63,1,0,0.87,0:49:42
18386,1,19.78066635131836,36.63,0,1,0.87,0:53:33
18387,1,51.85509490966797,36.63,1,0,0.87,0:48:39
18388,1,51.877418518066406,36.63,1,0,0.87,0:54:09
18389,1,68.44830322265625,36.63,0,1,0.87,0:56:07
18390,1,17.5898609161377,36.63,1,0,0.87,0:56:02
18391,1,10.44776248931885,36.63,1,0,0.87,0:52:39
18392,1,343.5472106933594,36.63,0,1,0.87,0:51:13
18393,1,369.3993530273438,36.63,1,0,0.87,0:49:57
18394,1,260.0,36.63,0,1,0.87,0:53:21
18395,1,233.6640472412109,36.63,0,1,0.87,0:52:09
18396,1,10.44183731079102,36.63,0,1,0.87,0:54:33
18397,1,37.14537048339844,36.63,1,0,0.87,0:53:30
18398,1,421.3871459960938,36.63,0,1,0.87,0:54:34
18399,1,61.94044494628906,36.63,0,1,0.87,0:53:20
18400,1,331.5245056152344,36.63,1,0,0.87,0:53:07
18401,1,298.1704406738281,36.63,0,1,0.87,0:50:58
18402,1,14.566981315612788,36.63,0,1,0.87,0:50:59
18403,1,569.853271484375,36.63,0,1,0.87,0:55:17
18404,1,219.4850006103516,36.63,0,1,0.87,0:59:55
18405,1,22.17125129699707,36.63,1,0,0.87,0:50:15
18406,1,153.4354248046875,36.63,1,0,0.87,0:52:23
18407,1,134.9916687011719,36.63,1,0,0.87,0:58:15
18408,1,226.05609130859384,36.63,1,0,0.87,0:45:09
18409,1,198.5256195068359,36.63,1,0,0.87,0:58:46
18410,1,118.26126098632808,36.63,0,1,0.87,0:52:50
18411,1,214.1219329833984,36.63,1,0,0.87,0:48:46
18412,1,378.2447204589844,36.63,1,0,0.87,0:53:23
18413,1,321.1102600097656,36.63,1,0,0.87,0:47:36
18414,1,199.5542297363281,36.63,0,1,0.87,0:51:47
18415,1,399.5064086914062,36.63,0,1,0.87,1:00:33
18416,1,14.566981315612788,36.63,1,0,0.87,0:54:45
18417,1,71.8073501586914,36.63,0,1,0.87,0:56:15
18418,1,1311.276123046875,36.63,1,0,0.87,0:49:37
18419,1,72.50276184082031,36.63,1,0,0.87,0:49:35
18420,1,5.020810604095459,36.63,0,1,0.87,0:51:46
18421,1,10.44776248931885,36.63,0,1,0.87,0:54:59
18422,1,331.5245056152344,36.63,0,1,0.87,0:53:33
18423,1,332.7853698730469,36.63,0,1,0.87,0:54:08
18424,1,484.7640075683594,36.63,0,1,0.87,0:56:54
18425,1,51.03147506713867,36.63,0,1,0.87,0:54:48
18426,1,6.433401107788086,36.63,0,1,0.87,0:53:03
18427,1,1596.6729736328118,36.63,1,0,0.87,0:53:50
18428,1,169.5493469238281,36.63,0,1,0.87,0:51:28
18429,1,159.2595977783203,36.63,0,1,0.87,0:55:59
18430,1,16.84739112854004,36.63,0,1,0.87,0:52:52
18431,1,7.202862739562987,36.63,0,1,0.87,0:55:24
18432,1,56.00885772705078,36.63,1,0,0.87,0:46:50
18433,1,141.1389312744141,36.63,1,0,0.87,0:56:41
18434,1,85.997314453125,36.63,1,0,0.87,0:56:41
18435,1,197.41845703125,36.63,0,1,0.87,0:53:36
18436,1,182.3301696777344,36.63,0,1,0.87,0:54:08
18437,1,31.01458549499512,36.63,0,1,0.87,0:51:45
18438,1,135.00054931640622,36.63,0,1,0.87,0:55:38
18439,1,42.68008041381836,36.63,1,0,0.87,0:54:49
18440,1,29.24711036682129,36.63,0,1,0.87,0:56:00
18441,1,7.965522289276122,36.63,1,0,0.87,0:53:50
18442,1,1976.76318359375,36.63,0,1,0.87,0:50:19
18443,1,140.58866882324222,36.63,0,1,0.87,0:55:08
18444,1,42.00186157226562,36.63,0,1,0.87,0:55:58
18445,1,7.0,36.63,0,1,0.87,0:49:50
18446,1,36.22350311279297,36.63,1,0,0.87,0:59:15
18447,1,233.2363739013672,36.63,1,0,0.87,0:52:16
18448,1,77.97574615478516,36.63,1,0,0.87,0:55:36
18449,1,149.1394653320312,36.63,0,1,0.87,0:55:54
18450,1,117.2898101806641,36.63,1,0,0.87,0:54:50
18451,1,108.0,36.63,1,0,0.87,0:55:13
18452,1,10.44776248931885,36.63,0,1,0.87,0:56:23
18453,1,330.508056640625,36.63,0,1,0.87,0:53:55
18454,1,119.56497192382808,36.63,0,1,0.87,0:49:35
18455,1,13.214917182922358,36.63,0,1,0.87,0:52:25
18456,1,829.2086791992188,36.63,0,1,0.87,0:56:56
18457,1,71.8073501586914,36.63,1,0,0.87,0:55:47
18458,1,108.9886856079102,36.63,1,0,0.87,0:55:37
18459,1,178.32672119140616,36.63,0,1,0.87,0:52:27
18460,1,270.05172729492193,36.63,0,1,0.87,0:55:11
18461,1,1631.184326171875,36.63,0,1,0.87,0:53:57
18462,1,356.783935546875,36.63,1,0,0.87,0:51:50
18463,1,37.5223388671875,36.63,0,1,0.87,0:58:19
18464,1,5.22021484375,36.63,1,0,0.87,0:54:24
18465,1,83.9320068359375,36.63,0,1,0.87,1:00:41
18466,1,92.65635681152344,36.63,0,1,0.87,1:00:40
18467,1,89.8837890625,36.63,0,1,0.87,0:53:38
18468,1,266.2826538085938,36.63,0,1,0.87,0:54:56
18469,1,426.9492797851562,36.63,0,1,0.87,0:53:02
18470,1,260.406982421875,36.63,0,1,0.87,0:49:15
18471,1,65.05636596679689,36.63,0,1,0.87,0:56:54
18472,1,131.7489013671875,36.63,0,1,0.87,0:53:03
18473,1,15.23883628845215,36.63,1,0,0.87,0:56:13
18474,1,277.0410766601562,36.63,1,0,0.87,0:54:50
18475,1,28.54800415039062,36.63,1,0,0.87,0:52:13
18476,1,259.2710571289062,36.63,1,0,0.87,0:48:23
18477,1,259.998291015625,36.63,1,0,0.87,0:58:43
18478,1,34.05735397338867,36.63,1,0,0.87,0:49:33
18479,1,42.47363662719727,36.63,0,1,0.87,0:52:20
18480,2,4.8699212074279785,36.63,1,0,0.87,0:57:57
18481,1,59.0719108581543,36.63,1,0,0.87,0:58:06
18482,1,42.47363662719727,36.63,0,1,0.87,0:52:16
18483,1,274.657470703125,36.63,1,0,0.87,0:52:52
18484,1,50.50469589233398,36.63,1,0,0.87,0:54:35
18485,1,167.9832916259766,36.63,0,1,0.87,0:55:12
18486,1,16.09579086303711,36.63,1,0,0.87,0:53:04
18487,1,16.698308944702152,36.63,1,0,0.87,0:54:56
18488,1,24.80491638183594,36.63,0,1,0.87,0:55:47
18489,1,226.5792541503906,36.63,0,1,0.87,0:56:04
18490,1,259.998291015625,36.63,0,1,0.87,0:53:43
18491,1,184.8102874755859,36.63,1,0,0.87,0:54:29
18492,1,1300.004516601562,36.63,0,1,0.87,0:49:35
18493,1,332.7853698730469,36.63,0,1,0.87,0:53:55
18494,1,499.8729553222656,36.63,0,1,0.87,0:53:51
18495,1,82.33147430419922,36.63,0,1,0.87,0:53:38
18496,1,14.58096313476562,36.63,0,1,0.87,0:53:19
18497,1,24.5399284362793,36.63,0,1,0.87,0:53:19
18498,1,235.5023956298828,36.63,0,1,0.87,0:49:04
18499,1,10.95854377746582,36.63,0,1,0.87,0:49:53
18500,1,1412.0616455078118,36.63,0,1,0.87,0:53:15
18501,1,17.31131172180176,36.63,1,0,0.87,0:54:01
18502,1,19.8007926940918,36.63,0,1,0.87,0:54:45
18503,1,112.3729248046875,36.63,1,0,0.87,0:54:05
18504,1,49.09032440185547,36.63,1,0,0.87,0:46:18
18505,1,259.998291015625,36.63,0,1,0.87,0:49:55
18506,1,47.51385116577148,36.63,0,1,0.87,0:56:14
18507,1,2.471915721893311,36.63,0,1,0.87,0:54:24
18508,1,10.44776248931885,36.63,1,0,0.87,0:57:22
18509,1,232.5149993896484,36.63,0,1,0.87,0:52:20
18510,1,12.58986759185791,36.63,1,0,0.87,0:43:07
18511,1,10.44183731079102,36.63,1,0,0.87,0:57:57
18512,1,238.4922180175781,36.63,0,1,0.87,0:54:31
18513,1,140.6603088378906,36.63,1,0,0.87,0:52:35
18514,1,222.7997283935547,36.63,1,0,0.87,0:53:53
18515,1,2229.72216796875,36.63,1,0,0.87,0:56:46
18516,1,329.5679321289062,36.63,1,0,0.87,0:50:17
18517,1,57.9035758972168,36.63,0,1,0.87,0:57:06
18518,1,50.82839584350586,36.63,0,1,0.87,0:58:08
18519,1,56.084815979003906,36.63,0,1,0.87,0:57:27
18520,1,67.31046295166016,36.63,0,1,0.87,0:51:18
18521,1,2230.28759765625,36.63,1,0,0.87,0:52:21
18522,1,1511.2135009765618,36.63,1,0,0.87,0:46:57
18523,1,91.46649932861328,36.63,0,1,0.87,0:55:08
18524,1,37.5223388671875,36.63,1,0,0.87,0:53:50
18525,1,2.553595542907715,36.63,0,1,0.87,0:52:20
18526,1,20.33727073669434,36.63,0,1,0.87,0:58:32
18527,1,9.794013023376463,36.63,1,0,0.87,0:51:47
18528,1,11.603414535522461,36.63,0,1,0.87,0:56:06
18529,1,275.6912841796875,36.63,0,1,0.87,0:53:38
18530,1,18.05331420898438,36.63,1,0,0.87,0:56:15
18531,1,51.03147506713867,36.63,0,1,0.87,0:54:32
18532,1,356.2357482910156,36.63,0,1,0.87,0:55:54
18533,1,130.2123718261719,36.63,0,1,0.87,0:54:28
18534,1,322.6423645019531,36.63,0,1,0.87,0:54:24
18535,1,4.143080711364746,36.63,1,0,0.87,0:58:08
18536,1,181.5143737792969,36.63,0,1,0.87,0:54:26
18537,1,15.224977493286133,36.63,1,0,0.87,0:46:22
18538,1,57.82163619995117,36.63,1,0,0.87,0:49:18
18539,1,254.7844543457031,36.63,1,0,0.87,0:55:23
18540,1,7.058139324188232,36.63,0,1,0.87,0:54:29
18541,1,232.9170684814453,36.63,0,1,0.87,0:54:32
18542,1,10.12904739379883,36.63,0,1,0.87,0:54:06
18543,1,273.0632934570312,36.63,0,1,0.87,0:53:08
18544,1,140.6603088378906,36.63,1,0,0.87,0:53:26
18545,1,1831.0819091796882,36.63,1,0,0.87,0:55:23
18546,1,225.5564270019531,36.63,0,1,0.87,0:53:23
18547,1,259.998291015625,36.63,0,1,0.87,0:54:30
18548,1,14.070459365844732,36.63,1,0,0.87,0:57:42
18549,1,31.97005462646484,36.63,1,0,0.87,0:47:44
18550,1,6.840208530426025,36.63,1,0,0.87,0:42:37
18551,1,4.641374111175537,36.63,1,0,0.87,0:51:20
18552,1,398.2716369628906,36.63,0,1,0.87,0:54:37
18553,1,120.8983688354492,36.63,1,0,0.87,0:53:52
18554,1,56.084815979003906,36.63,0,1,0.87,0:58:47
18555,1,407.7540283203125,36.63,0,1,0.87,0:57:56
18556,1,5.784574031829834,36.63,0,1,0.87,0:55:49
18557,1,26.88188362121582,36.63,0,1,0.87,0:52:34
18558,1,6.029303550720215,36.63,1,0,0.87,0:55:30
18559,1,145.0690612792969,36.63,0,1,0.87,0:55:57
18560,1,69.64772033691406,36.63,0,1,0.87,0:53:28
18561,1,37.82806777954102,36.63,0,1,0.87,0:55:44
18562,1,320.0387878417969,36.63,1,0,0.87,0:59:07
18563,1,254.7844543457031,36.63,0,1,0.87,0:54:25
18564,1,17.31131172180176,36.63,0,1,0.87,0:53:23
18565,1,120.8983688354492,36.63,0,1,0.87,0:53:30
18566,1,266.2826538085938,36.63,1,0,0.87,0:56:53
18567,1,21.80615043640137,36.63,0,1,0.87,0:52:15
18568,1,13.973583221435552,36.63,1,0,0.87,0:54:47
18569,1,421.7087707519531,36.63,0,1,0.87,0:49:41
18570,1,320.0387878417969,36.63,0,1,0.87,0:55:13
18571,1,34.96400833129883,36.63,1,0,0.87,0:53:56
18572,1,52.04446411132812,36.63,1,0,0.87,0:51:21
18573,1,31.80343246459961,36.63,0,1,0.87,0:56:35
18574,1,39.47004318237305,36.63,1,0,0.87,0:57:06
18575,1,259.998291015625,36.63,0,1,0.87,0:54:18
18576,1,344.7054748535156,36.63,0,1,0.87,0:53:15
18577,1,26.73894309997559,36.63,1,0,0.87,0:48:32
18578,1,211.8292083740234,36.63,0,1,0.87,0:55:27
18579,1,73.2974853515625,36.63,1,0,0.87,0:47:58
18580,1,1186.648193359375,36.63,0,1,0.87,0:51:47
18581,1,231.64434814453116,36.63,1,0,0.87,0:52:44
18582,1,315.6446228027344,36.63,0,1,0.87,0:54:29
18583,1,109.1239242553711,36.63,1,0,0.87,0:54:50
18584,1,938.8451538085938,36.63,1,0,0.87,0:55:51
18585,1,267.48617553710943,36.63,0,1,0.87,0:54:25
18586,1,203.7541961669922,36.63,1,0,0.87,0:55:38
18587,1,187.0788269042969,36.63,0,1,0.87,0:55:25
18588,1,31.72106170654297,36.63,1,0,0.87,0:58:46
18589,1,233.2363739013672,36.63,0,1,0.87,0:53:24
18590,1,37.56767654418945,36.63,0,1,0.87,0:52:14
18591,1,171.3365936279297,36.63,1,0,0.87,0:52:40
18592,1,9.22296905517578,36.63,0,1,0.87,0:57:03
18593,1,99.92736053466795,36.63,0,1,0.87,0:53:40
18594,1,176.7063903808594,36.63,0,1,0.87,0:53:43
18595,1,15.55781936645508,36.63,0,1,0.87,0:50:51
18596,1,28.003864288330078,36.63,1,0,0.87,0:58:47
18597,1,176.7063903808594,36.63,0,1,0.87,0:53:43
18598,1,134.9916687011719,36.63,1,0,0.87,1:02:26
18599,1,108.2701416015625,36.63,0,1,0.87,0:52:56
18600,1,4.943000316619873,36.63,0,1,0.87,0:57:21
18601,1,2049.058349609375,36.63,0,1,0.87,0:54:49
18602,1,11.339376449584961,36.63,0,1,0.87,0:55:28
18603,1,93.76361846923828,36.63,0,1,0.87,0:56:00
18604,1,1353.010131835938,36.63,0,1,0.87,0:55:34
18605,1,39.47004318237305,36.63,0,1,0.87,0:55:39
18606,1,9.87485122680664,36.63,1,0,0.87,0:45:30
18607,1,117.2898101806641,36.63,0,1,0.87,0:53:18
18608,1,8.818073272705078,36.63,0,1,0.87,0:50:41
18609,1,76.49766540527344,36.63,1,0,0.87,0:58:17
18610,1,15.488036155700678,36.63,0,1,0.87,0:52:12
18611,1,14.83109951019287,36.63,1,0,0.87,0:52:06
18612,1,158.8190002441406,36.63,0,1,0.87,0:56:11
18613,1,544.2213134765625,36.63,1,0,0.87,0:52:15
18614,1,39.30977630615234,36.63,1,0,0.87,0:54:09
18615,1,2.790159702301025,36.63,1,0,0.87,0:55:05
18616,1,16.84739112854004,36.63,1,0,0.87,0:50:07
18617,1,565.7193603515625,36.63,1,0,0.87,0:58:00
18618,1,108.0,36.63,1,0,0.87,0:53:54
18619,1,1596.6729736328118,36.63,0,1,0.87,0:52:39
18620,1,19.50230598449707,36.63,0,1,0.87,0:54:05
18621,1,108.0,36.63,0,1,0.87,0:56:30
18622,1,1596.6729736328118,36.63,1,0,0.87,0:47:58
18623,1,51.85509490966797,36.63,1,0,0.87,0:55:45
18624,1,15.23883628845215,36.63,0,1,0.87,0:52:36
18625,1,14.05077362060547,36.63,0,1,0.87,0:54:16
18626,1,91.7226791381836,36.63,0,1,0.87,0:57:53
18627,1,21.0,36.63,1,0,0.87,0:58:50
18628,1,10.877490043640142,36.63,1,0,0.87,0:57:10
18629,1,7.965522289276122,36.63,1,0,0.87,0:52:14
18630,1,10.44183731079102,36.63,0,1,0.87,0:56:21
18631,1,17.07664108276367,36.63,1,0,0.87,0:46:19
18632,1,270.184326171875,36.63,1,0,0.87,0:53:32
18633,1,259.998291015625,36.63,0,1,0.87,0:53:11
18634,1,7.309962749481201,36.63,1,0,0.87,0:58:02
18635,1,281.7467041015625,36.63,1,0,0.87,0:53:39
18636,1,328.505859375,36.63,1,0,0.87,0:45:26
18637,1,18.05331420898438,36.63,0,1,0.87,0:48:23
18638,1,153.9081420898438,36.63,0,1,0.87,0:57:04
18639,1,258.83737182617193,36.63,1,0,0.87,0:56:19
18640,1,78.48863983154297,36.63,1,0,0.87,0:54:06
18641,1,292.5043029785156,36.63,0,1,0.87,0:53:42
18642,1,126.8194808959961,36.63,1,0,0.87,0:56:28
18643,1,108.2701416015625,36.63,0,1,0.87,0:54:28
18644,1,24.17752647399902,36.63,1,0,0.87,0:54:03
18645,1,2465.108642578125,36.63,0,1,0.87,0:54:21
18646,1,230.6268768310547,36.63,0,1,0.87,0:55:08
18647,1,109.7792205810547,36.63,1,0,0.87,0:53:43
18648,1,259.998291015625,36.63,1,0,0.87,0:45:08
18649,1,1643.08056640625,36.63,0,1,0.87,0:53:59
18650,1,86.84709167480469,36.63,0,1,0.87,0:52:20
18651,1,188.2588348388672,36.63,0,1,0.87,0:52:20
18652,1,1643.08056640625,36.63,0,1,0.87,0:54:00
18653,1,37.14537048339844,36.63,1,0,0.87,0:57:30
18654,1,7.309962749481201,36.63,0,1,0.87,0:59:21
18655,1,63.0792350769043,36.63,0,1,0.87,0:54:56
18656,1,16.38112831115723,36.63,0,1,0.87,0:56:45
18657,1,233.7287750244141,36.63,0,1,0.87,0:53:01
18658,1,377.0352172851562,36.63,0,1,0.87,0:54:42
18659,1,197.583984375,36.63,0,1,0.87,0:49:20
18660,1,614.4942016601562,36.63,0,1,0.87,0:50:29
18661,1,8.381424903869629,36.63,1,0,0.87,0:56:16
18662,1,22.78268432617188,36.63,1,0,0.87,0:55:49
18663,1,15.224977493286133,36.63,0,1,0.87,0:53:29
18664,1,191.29132080078116,36.63,1,0,0.87,0:55:01
18665,1,128.7479248046875,36.63,1,0,0.87,0:58:17
18666,1,183.2224578857422,36.63,0,1,0.87,0:54:27
18667,1,155.1304626464844,36.63,1,0,0.87,0:57:34
18668,1,1525.08740234375,36.63,0,1,0.87,0:52:28
18669,1,58.42273712158203,36.63,1,0,0.87,0:47:17
18670,1,434.4222106933594,36.63,1,0,0.87,0:46:42
18671,1,134.9916687011719,36.63,1,0,0.87,0:57:17
18672,1,133.40252685546878,36.63,1,0,0.87,0:52:06
18673,1,45.1541862487793,36.63,0,1,0.87,0:54:21
18674,1,21.48448181152344,36.63,1,0,0.87,0:56:04
18675,1,676.4351806640625,36.63,0,1,0.87,0:53:07
18676,1,241.50628662109384,36.63,0,1,0.87,0:53:55
18677,1,278.0033569335938,36.63,1,0,0.87,0:54:32
18678,1,278.0033569335938,36.63,0,1,0.87,0:54:33
18679,1,259.998291015625,36.63,0,1,0.87,0:56:06
18680,1,5.784574031829834,36.63,0,1,0.87,0:54:42
18681,1,10.44183731079102,36.63,0,1,0.87,0:51:25
18682,1,31.52193450927734,36.63,0,1,0.87,0:51:52
18683,1,11.360401153564448,36.63,0,1,0.87,0:54:02
18684,1,165.9402618408203,36.63,0,1,0.87,0:52:27
18685,1,1361.07470703125,36.63,1,0,0.87,0:47:24
18686,1,203.7541961669922,36.63,1,0,0.87,0:55:38
18687,1,10.44776248931885,36.63,0,1,0.87,0:57:43
18688,1,51.94340515136719,36.63,0,1,0.87,0:54:53
18689,1,91.7226791381836,36.63,1,0,0.87,0:54:59
18690,1,159.2595977783203,36.63,1,0,0.87,0:53:37
18691,1,55.65824508666992,36.63,1,0,0.87,0:54:08
18692,1,35.86147689819336,36.63,0,1,0.87,0:54:16
18693,1,15.920199394226069,36.63,1,0,0.87,0:52:20
18694,1,184.9489440917969,36.63,1,0,0.87,0:53:15
18695,1,111.40575408935551,36.63,0,1,0.87,0:55:04
18696,1,259.998291015625,36.63,0,1,0.87,0:53:36
18697,1,18.26416397094727,36.63,1,0,0.87,0:50:44
18698,1,10.44776248931885,36.63,1,0,0.87,0:49:47
18699,1,14.398399353027338,36.63,1,0,0.87,0:56:49
18700,1,353.0921325683594,36.63,1,0,0.87,0:54:14
18701,1,262.01296997070307,36.63,1,0,0.87,0:49:32
18702,1,396.5319213867188,36.63,1,0,0.87,0:57:19
18703,1,16.84739112854004,36.63,0,1,0.87,0:59:26
18704,1,31.220073699951172,36.63,0,1,0.87,0:54:32
18705,1,32.52695846557617,36.63,1,0,0.87,0:44:23
18706,1,10.44776248931885,36.63,1,0,0.87,1:01:42
18707,1,38.61721801757812,36.63,1,0,0.87,0:46:18
18708,1,647.6728515625,36.63,1,0,0.87,0:54:52
18709,1,77.97574615478516,36.63,0,1,0.87,0:57:29
18710,1,146.087158203125,36.63,0,1,0.87,0:51:08
18711,1,255.5819854736328,36.63,1,0,0.87,0:47:42
18712,1,10.44776248931885,36.63,0,1,0.87,0:57:15
18713,1,91.7226791381836,36.63,0,1,0.87,0:53:09
18714,1,255.0836486816406,36.63,0,1,0.87,0:51:07
18715,1,321.1102600097656,36.63,1,0,0.87,0:50:05
18716,1,108.29296112060551,36.63,1,0,0.87,0:51:50
18717,1,126.1217880249023,36.63,0,1,0.87,0:55:02
18718,1,374.1132507324219,36.63,0,1,0.87,0:52:28
18719,1,47.58063888549805,36.63,1,0,0.87,0:55:01
18720,1,223.1630096435547,36.63,0,1,0.87,0:52:56
18721,1,135.00054931640622,36.63,0,1,0.87,0:54:52
18722,1,46.01627731323242,36.63,1,0,0.87,0:53:55
18723,1,374.1132507324219,36.63,0,1,0.87,0:52:29
18724,1,707.1231079101562,36.63,1,0,0.87,0:52:42
18725,1,1332.598876953125,36.63,0,1,0.87,0:52:55
18726,1,2229.72216796875,36.63,0,1,0.87,0:54:10
18727,1,614.4942016601562,36.63,0,1,0.87,0:55:02
18728,1,48.14954376220703,36.63,1,0,0.87,0:57:48
18729,1,3.742521524429321,36.63,1,0,0.87,0:55:29
18730,1,29.45329856872559,36.63,0,1,0.87,0:56:19
18731,1,259.998291015625,36.63,1,0,0.87,0:48:00
18732,1,209.1282806396484,36.63,1,0,0.87,0:50:12
18733,1,290.8581237792969,36.63,1,0,0.87,0:55:13
18734,1,174.5230407714844,36.63,0,1,0.87,0:57:25
18735,1,228.6362762451172,36.63,1,0,0.87,0:51:39
18736,1,7.309962749481201,36.63,1,0,0.87,0:53:50
18737,1,614.4942016601562,36.63,1,0,0.87,0:56:14
18738,1,1897.159912109375,36.63,0,1,0.87,0:52:14
18739,1,137.57452392578122,36.63,1,0,0.87,0:52:14
18740,1,653.6278686523438,36.63,1,0,0.87,0:43:31
18741,1,55.27118682861328,36.63,0,1,0.87,0:52:27
18742,1,16.698308944702152,36.63,1,0,0.87,0:54:41
18743,1,71.8073501586914,36.63,0,1,0.87,0:54:14
18744,1,375.6900024414062,36.63,1,0,0.87,0:48:18
18745,1,16.698308944702152,36.63,1,0,0.87,0:57:05
18746,1,229.41131591796884,36.63,1,0,0.87,0:52:51
18747,1,269.9087524414062,36.63,1,0,0.87,0:48:59
18748,1,141.33447265625,36.63,0,1,0.87,0:52:05
18749,1,208.0086669921875,36.63,0,1,0.87,0:57:05
18750,1,1311.276123046875,36.63,0,1,0.87,0:54:42
18751,1,2229.72216796875,36.63,0,1,0.87,0:52:59
18752,1,81.0,36.63,1,0,0.87,0:58:07
18753,1,71.65493774414062,36.63,1,0,0.87,0:58:07
18754,1,7.209052085876465,36.63,0,1,0.87,0:53:09
18755,1,195.6222991943359,36.63,0,1,0.87,0:53:09
18756,1,767.4879150390625,36.63,1,0,0.87,0:55:52
18757,1,71.8073501586914,36.63,0,1,0.87,0:55:13
18758,1,5.664112567901611,36.63,0,1,0.87,0:53:29
18759,1,137.57452392578122,36.63,1,0,0.87,0:51:17
18760,1,17.3270263671875,36.63,0,1,0.87,0:52:54
18761,1,8.194785118103027,36.63,0,1,0.87,0:50:20
18762,1,159.2595977783203,36.63,0,1,0.87,0:52:39
18763,1,11.57025718688965,36.63,0,1,0.87,0:48:34
18764,1,32.118362426757805,36.63,1,0,0.87,1:00:26
18765,1,184.4238586425781,36.63,0,1,0.87,0:50:57
18766,1,57.82163619995117,36.63,0,1,0.87,0:54:00
18767,1,6.090157508850098,36.63,0,1,0.87,0:52:14
18768,1,232.5149993896484,36.63,0,1,0.87,0:54:17
18769,1,60.59030532836914,36.63,1,0,0.87,0:55:09
18770,1,22.33357238769531,36.63,1,0,0.87,0:55:30
18771,1,19.77367401123047,36.63,1,0,0.87,0:52:27
18772,1,331.5245056152344,36.63,0,1,0.87,0:53:46
18773,1,221.5890655517578,36.63,0,1,0.87,0:55:02
18774,1,1387.646484375,36.63,0,1,0.87,0:51:01
18775,1,259.998291015625,36.63,0,1,0.87,0:54:01
18776,1,8.949239730834961,36.63,0,1,0.87,0:54:55
18777,1,49.19923400878906,36.63,0,1,0.87,0:52:35
18778,1,18.05331420898438,36.63,0,1,0.87,0:50:22
18779,1,18.80724906921387,36.63,0,1,0.87,0:54:19
18780,1,31.97005462646484,36.63,1,0,0.87,0:49:33
18781,1,15.224977493286133,36.63,0,1,0.87,0:55:32
18782,1,16.83182334899902,36.63,1,0,0.87,0:57:12
18783,1,428.6853637695312,36.63,0,1,0.87,0:53:01
18784,1,8.601561546325684,36.63,0,1,0.87,0:51:53
18785,1,1525.08740234375,36.63,1,0,0.87,0:55:51
18786,1,10.44776248931885,36.63,1,0,0.87,1:04:29
18787,1,219.9418182373047,36.63,0,1,0.87,0:55:35
18788,1,259.2913208007812,36.63,0,1,0.87,0:55:36
18789,1,4.3414626121521005,36.63,1,0,0.87,0:52:25
18790,1,165.2113800048828,36.63,0,1,0.87,0:54:17
18791,1,264.6747436523438,36.63,0,1,0.87,0:56:09
18792,1,5.349772930145264,36.63,1,0,0.87,0:56:43
18793,1,103.3260650634766,36.63,0,1,0.87,0:53:29
18794,1,51.94340515136719,36.63,0,1,0.87,0:55:22
18795,1,120.9079360961914,36.63,0,1,0.87,0:54:58
18796,1,233.7287750244141,36.63,0,1,0.87,0:51:50
18797,1,7.058139324188232,36.63,1,0,0.87,0:56:41
18798,1,17.3270263671875,36.63,0,1,0.87,0:56:37
18799,1,107.1270523071289,36.63,0,1,0.87,0:53:07
18800,1,283.2055053710938,36.63,1,0,0.87,0:50:14
18801,1,3.791347503662109,36.63,1,0,0.87,0:56:14
18802,1,122.92086791992192,36.63,1,0,0.87,0:51:54
18803,1,315.6446228027344,36.63,0,1,0.87,0:53:53
18804,1,122.92086791992192,36.63,0,1,0.87,0:51:55
18805,1,246.8048858642578,36.63,0,1,0.87,0:54:18
18806,1,15.224977493286133,36.63,1,0,0.87,0:59:33
18807,1,159.2595977783203,36.63,1,0,0.87,0:53:29
18808,1,614.4942016601562,36.63,0,1,0.87,0:56:52
18809,1,10.44776248931885,36.63,1,0,0.87,0:58:42
18810,1,134.9916687011719,36.63,0,1,0.87,0:54:16
18811,1,157.0261993408203,36.63,0,1,0.87,0:56:01
18812,1,134.9916687011719,36.63,0,1,0.87,0:54:45
18813,1,371.3843078613281,36.63,0,1,0.87,0:53:35
18814,1,9.842272758483887,36.63,1,0,0.87,0:59:42
18815,1,16.84739112854004,36.63,0,1,0.87,0:50:49
18816,1,298.1222534179688,36.63,1,0,0.87,0:54:48
18817,1,95.78414916992188,36.63,0,1,0.87,0:50:36
18818,1,251.91278076171884,36.63,1,0,0.87,0:54:31
18819,1,47.37548446655273,36.63,0,1,0.87,0:52:55
18820,1,11.57025718688965,36.63,0,1,0.87,0:53:37
18821,1,1905.534912109375,36.63,1,0,0.87,0:54:51
18822,1,368.4687805175781,36.63,0,1,0.87,0:54:37
18823,1,187.4904937744141,36.63,1,0,0.87,0:50:46
18824,1,222.6948394775391,36.63,0,1,0.87,0:55:23
18825,1,9.36025619506836,36.63,0,1,0.87,0:49:18
18826,1,31.97005462646484,36.63,0,1,0.87,0:59:21
18827,1,467.88330078125,36.63,0,1,0.87,0:54:38
18828,1,2554.609619140625,36.63,0,1,0.87,0:53:43
18829,1,291.1369323730469,36.63,0,1,0.87,0:55:52
18830,1,24.13339424133301,36.63,0,1,0.87,0:54:39
18831,1,208.3194885253906,36.63,1,0,0.87,0:49:34
18832,1,41.98091506958008,36.63,1,0,0.87,0:57:22
18833,1,298.1180725097656,36.63,0,1,0.87,0:51:03
18834,1,194.29931640625,36.63,0,1,0.87,0:53:31
18835,1,220.3058929443359,36.63,0,1,0.87,0:56:54
18836,1,8.919455528259277,36.63,0,1,0.87,0:55:48
18837,1,10.44776248931885,36.63,1,0,0.87,0:57:47
18838,1,41.98091506958008,36.63,1,0,0.87,0:56:55
18839,1,16.84739112854004,36.63,0,1,0.87,0:52:02
18840,1,24.55533409118652,36.63,1,0,0.87,0:44:02
18841,1,138.73626708984378,36.63,1,0,0.87,0:53:35
18842,1,14.32654094696045,36.63,0,1,0.87,0:54:23
18843,1,110.9721298217773,36.63,0,1,0.87,0:51:29
18844,1,20.87778472900391,36.63,1,0,0.87,0:54:12
18845,1,39.21760559082031,36.63,0,1,0.87,0:54:04
18846,1,181.5143737792969,36.63,0,1,0.87,0:52:03
18847,1,2554.609619140625,36.63,0,1,0.87,0:54:24
18848,1,91.7226791381836,36.63,1,0,0.87,0:53:39
18849,1,91.7226791381836,36.63,0,1,0.87,0:54:59
18850,1,17.05924987792969,36.63,1,0,0.87,0:47:38
18851,1,10.44776248931885,36.63,1,0,0.87,0:56:53
18852,1,312.5457458496094,36.63,1,0,0.87,0:58:24
18853,1,395.4680480957031,36.63,0,1,0.87,0:53:30
18854,1,7.776358127593994,36.63,0,1,0.87,0:52:00
18855,1,254.4806976318359,36.63,0,1,0.87,0:51:49
18856,1,31.97005462646484,36.63,1,0,0.87,0:56:57
18857,1,10.44183731079102,36.63,0,1,0.87,0:53:01
18858,1,1.539181590080261,36.63,0,1,0.87,0:55:40
18859,1,14.070459365844732,36.63,0,1,0.87,0:51:28
18860,1,157.4949645996094,36.63,0,1,0.87,0:52:35
18861,1,90.65587615966795,36.63,0,1,0.87,0:53:50
18862,1,78.37238311767578,36.63,0,1,0.87,0:57:37
18863,1,287.84716796875,36.63,1,0,0.87,0:56:17
18864,1,16.698308944702152,36.63,0,1,0.87,0:51:33
18865,1,236.900634765625,36.63,0,1,0.87,0:48:52
18866,1,421.3871459960938,36.63,1,0,0.87,0:57:52
18867,1,39.21760559082031,36.63,1,0,0.87,0:56:05
18868,1,291.7824096679688,36.63,0,1,0.87,0:55:39
18869,1,189.2627716064453,36.63,0,1,0.87,0:54:35
18870,1,0.8513793349266052,36.63,0,1,0.87,0:54:47
18871,1,10.44183731079102,36.63,0,1,0.87,0:56:42
18872,1,295.9783935546875,36.63,0,1,0.87,0:52:54
18873,1,514.8724365234375,36.63,1,0,0.87,0:57:15
18874,1,181.5143737792969,36.63,1,0,0.87,0:54:17
18875,1,5.22021484375,36.63,0,1,0.87,0:55:32
18876,1,273.54550170898443,36.63,0,1,0.87,0:55:10
18877,1,378.2447204589844,36.63,0,1,0.87,0:52:22
18878,1,10.44776248931885,36.63,1,0,0.87,0:57:13
18879,1,2229.72216796875,36.63,0,1,0.87,0:53:03
18880,1,86.71595001220703,36.63,0,1,0.87,0:57:59
18881,1,56.084815979003906,36.63,0,1,0.87,0:51:41
18882,1,12.35730648040771,36.63,0,1,0.87,0:55:14
18883,1,24.13339424133301,36.63,0,1,0.87,0:54:04
18884,1,16.84739112854004,36.63,0,1,0.87,0:57:14
18885,1,3.791347503662109,36.63,0,1,0.87,0:58:31
18886,1,10.44183731079102,36.63,1,0,0.87,0:54:09
18887,1,1089.23193359375,36.63,0,1,0.87,0:50:11
18888,1,426.9492797851562,36.63,0,1,0.87,0:55:05
18889,1,3.6919877529144287,36.63,0,1,0.87,0:51:14
18890,1,39.21760559082031,36.63,0,1,0.87,0:55:09
18891,1,2229.72216796875,36.63,0,1,0.87,0:53:32
18892,1,91.7226791381836,36.63,0,1,0.87,0:51:48
18893,1,77.97574615478516,36.63,0,1,0.87,0:54:49
18894,1,41.98091506958008,36.63,1,0,0.87,0:54:23
18895,1,259.43374633789057,36.63,1,0,0.87,0:55:44
18896,1,412.3035278320312,36.63,0,1,0.87,0:51:59
18897,1,149.1394653320312,36.63,0,1,0.87,0:54:57
18898,1,251.0666656494141,36.63,1,0,0.87,0:55:34
18899,1,337.4805297851562,36.63,0,1,0.87,0:54:05
18900,1,216.5602569580078,36.63,1,0,0.87,0:50:08
18901,1,259.998291015625,36.63,0,1,0.87,0:54:40
18902,1,259.998291015625,36.63,0,1,0.87,0:54:40
18903,1,20.75730895996094,36.63,0,1,0.87,0:51:19
18904,1,105.6290054321289,36.63,0,1,0.87,0:55:33
18905,1,2.129040479660034,36.63,1,0,0.87,0:50:24
18906,1,17.5898609161377,36.63,0,1,0.87,0:54:34
18907,1,24.39415740966797,36.63,1,0,0.87,0:57:14
18908,1,198.6672515869141,36.63,0,1,0.87,0:53:55
18909,1,91.7226791381836,36.63,0,1,0.87,0:52:50
18910,1,205.8311920166016,36.63,1,0,0.87,0:49:57
18911,1,17.31131172180176,36.63,0,1,0.87,0:49:01
18912,1,13.70660877227783,36.63,0,1,0.87,0:54:19
18913,1,7.058139324188232,36.63,1,0,0.87,0:58:27
18914,1,10.44776248931885,36.63,1,0,0.87,0:53:24
18915,1,10.32964706420898,36.63,1,0,0.87,0:53:28
18916,1,56.14863586425781,36.63,0,1,0.87,0:53:53
18917,1,290.8581237792969,36.63,0,1,0.87,0:53:18
18918,1,21.80615043640137,36.63,0,1,0.87,0:54:42
18919,1,187.2219390869141,36.63,0,1,0.87,0:51:41
18920,1,21.80615043640137,36.63,1,0,0.87,0:54:41
18921,1,213.9208221435547,36.63,1,0,0.87,0:55:54
18922,1,142.3699798583984,36.63,1,0,0.87,0:56:37
18923,1,10.96754741668701,36.63,0,1,0.87,0:52:21
18924,1,94.3544921875,36.63,0,1,0.87,0:56:23
18925,1,11.05302143096924,36.63,0,1,0.87,0:52:54
18926,1,286.6631469726562,36.63,0,1,0.87,0:53:31
18927,1,157.0671691894531,36.63,1,0,0.87,0:52:55
18928,1,2014.9652099609384,36.63,0,1,0.87,0:56:24
18929,1,10.96754741668701,36.63,0,1,0.87,0:54:45
18930,1,141.1842498779297,36.63,0,1,0.87,0:53:59
18931,1,1636.990966796875,36.63,0,1,0.87,0:55:20
18932,1,140.6603088378906,36.63,0,1,0.87,0:55:59
18933,1,19.98725891113281,36.63,0,1,0.87,0:53:17
18934,1,505.1585388183594,36.63,0,1,0.87,0:51:46
18935,1,91.7226791381836,36.63,1,0,0.87,0:52:32
18936,1,22.78268432617188,36.63,1,0,0.87,0:51:37
18937,1,10.44776248931885,36.63,1,0,0.87,0:54:56
18938,1,372.1288757324219,36.63,0,1,0.87,0:55:30
18939,1,283.1936340332031,36.63,1,0,0.87,0:56:08
18940,1,263.49282836914057,36.63,0,1,0.87,0:56:36
18941,1,15.55781936645508,36.63,0,1,0.87,0:56:32
18942,1,10.3659782409668,36.63,1,0,0.87,0:52:54
18943,1,240.8475799560547,36.63,1,0,0.87,0:52:34
18944,1,197.52874755859384,36.63,1,0,0.87,0:51:21
18945,1,16.84739112854004,36.63,0,1,0.87,0:56:32
18946,1,1046.732788085938,36.63,0,1,0.87,0:57:23
18947,1,657.2290649414062,36.63,0,1,0.87,0:53:48
18948,1,141.2901458740234,36.63,0,1,0.87,0:56:01
18949,1,180.7179412841797,36.63,1,0,0.87,0:50:08
18950,1,259.998291015625,36.63,0,1,0.87,0:52:54
18951,1,259.998291015625,36.63,0,1,0.87,0:52:26
18952,1,25.53875923156738,36.63,0,1,0.87,0:53:47
18953,1,10.44776248931885,36.63,1,0,0.87,0:56:53
18954,1,224.9872589111328,36.63,1,0,0.87,0:57:06
18955,1,36.52098846435547,36.63,0,1,0.87,0:56:53
18956,1,278.0640869140625,36.63,0,1,0.87,0:53:22
18957,1,1831.0819091796882,36.63,0,1,0.87,0:56:09
18958,1,249.5168762207031,36.63,0,1,0.87,0:53:16
18959,1,7.126426696777344,36.63,0,1,0.87,0:54:06
18960,1,218.9133148193359,36.63,0,1,0.87,0:54:54
18961,1,58.46787643432617,36.63,0,1,0.87,0:51:22
18962,1,58.93083190917969,36.63,1,0,0.87,0:55:49
18963,1,36.75872421264648,36.63,1,0,0.87,0:56:41
18964,1,39.73367309570312,36.63,0,1,0.87,0:55:39
18965,1,263.49282836914057,36.63,1,0,0.87,0:49:40
18966,1,398.2716369628906,36.63,1,0,0.87,0:52:44
18967,1,350.7449645996094,36.63,1,0,0.87,0:53:27
18968,1,254.7844543457031,36.63,1,0,0.87,0:51:51
18969,1,137.57452392578122,36.63,0,1,0.87,0:52:11
18970,1,126.1217880249023,36.63,1,0,0.87,0:55:02
18971,1,51.94340515136719,36.63,1,0,0.87,0:55:47
18972,1,56.084815979003906,36.63,1,0,0.87,0:54:11
18973,1,182.7666320800781,36.63,1,0,0.87,0:59:04
18974,1,16.84739112854004,36.63,1,0,0.87,0:54:47
18975,1,38.98093795776367,36.63,1,0,0.87,0:46:51
18976,1,51.94340515136719,36.63,0,1,0.87,0:55:48
18977,1,25.88188934326172,36.63,0,1,0.87,0:54:33
18978,1,116.73037719726558,36.63,0,1,0.87,0:51:12
18979,1,240.2882080078125,36.63,0,1,0.87,0:54:25
18980,1,149.1394653320312,36.63,1,0,0.87,0:55:26
18981,1,288.7035522460938,36.63,0,1,0.87,0:52:32
18982,1,148.55224609375,36.63,1,0,0.87,0:54:41
18983,1,16.84739112854004,36.63,0,1,0.87,0:57:26
18984,1,16.84739112854004,36.63,0,1,0.87,0:59:33
18985,1,218.6623992919922,36.63,0,1,0.87,0:52:04
18986,1,16.84739112854004,36.63,1,0,0.87,0:56:04
18987,1,260.75149536132807,36.63,1,0,0.87,0:51:29
18988,1,291.1369323730469,36.63,1,0,0.87,0:55:38
18989,1,275.6912841796875,36.63,0,1,0.87,0:55:07
18990,1,614.4942016601562,36.63,0,1,0.87,0:53:17
18991,1,2.9525933265686035,36.63,1,0,0.87,0:56:18
18992,1,8.685967445373535,36.63,1,0,0.87,0:54:08
18993,1,10.44183731079102,36.63,1,0,0.87,0:57:27
18994,1,252.6790618896484,36.63,0,1,0.87,0:51:46
18995,1,273.50088500976557,36.63,0,1,0.87,0:55:00
18996,1,320.0387878417969,36.63,0,1,0.87,0:55:18
18997,1,149.9436340332031,36.63,0,1,0.87,0:52:34
18998,1,236.900634765625,36.63,0,1,0.87,0:55:50
18999,1,274.2550659179688,36.63,1,0,0.87,0:55:50
19000,1,378.2447204589844,36.63,1,0,0.87,0:56:03
19001,1,211.7729034423828,36.63,1,0,0.87,0:56:25
19002,2,180.2863311767578,36.63,1,0,0.87,0:56:59
19003,1,274.2550659179688,36.63,0,1,0.87,0:54:04
19004,1,321.1102600097656,36.63,1,0,0.87,0:57:10
19005,1,1752.2154541015618,36.63,1,0,0.87,0:49:17
19006,1,139.42889404296878,36.63,0,1,0.87,0:55:58
19007,1,259.998291015625,36.63,1,0,0.87,0:53:33
19008,1,6.672879219055176,36.63,0,1,0.87,0:52:46
19009,1,24.5399284362793,36.63,0,1,0.87,0:54:44
19010,1,133.15083312988278,36.63,0,1,0.87,0:54:45
19011,1,16.86581039428711,36.63,0,1,0.87,0:54:45
19012,1,10.44776248931885,36.63,0,1,0.87,0:57:58
19013,1,17.3270263671875,36.63,0,1,0.87,0:47:36
19014,1,111.1497421264648,36.63,0,1,0.87,0:54:49
19015,1,251.763916015625,36.63,0,1,0.87,0:55:37
19016,1,186.2136383056641,36.63,0,1,0.87,0:54:17
19017,1,38.65314865112305,36.63,1,0,0.87,0:53:23
19018,1,28.003864288330078,36.63,0,1,0.87,0:58:50
19019,1,196.8123321533203,36.63,0,1,0.87,1:01:25
19020,1,17.80105018615723,36.63,1,0,0.87,0:55:07
19021,1,21.1915340423584,36.63,1,0,0.87,0:55:29
19022,1,10.44776248931885,36.63,0,1,0.87,1:00:32
19023,1,75.07860565185547,36.63,0,1,0.87,0:54:09
19024,1,8.357962608337402,36.63,1,0,0.87,0:52:00
19025,1,1596.6729736328118,36.63,0,1,0.87,0:54:51
19026,1,41.98091506958008,36.63,1,0,0.87,0:55:51
19027,1,206.8108062744141,36.63,1,0,0.87,0:52:49
19028,1,231.2846984863281,36.63,0,1,0.87,0:54:29
19029,1,203.2933654785156,36.63,0,1,0.87,0:57:05
19030,1,421.3871459960938,36.63,0,1,0.87,0:58:41
19031,1,181.8745574951172,36.63,0,1,0.87,0:54:49
19032,1,71.57571411132812,36.63,1,0,0.87,0:50:07
19033,1,185.5799102783203,36.63,1,0,0.87,0:52:14
19034,1,1434.851806640625,36.63,0,1,0.87,0:56:45
19035,1,29.70796966552734,36.63,0,1,0.87,0:54:43
19036,1,56.084815979003906,36.63,1,0,0.87,0:54:16
19037,1,202.0694122314453,36.63,0,1,0.87,0:51:56
19038,1,354.8083801269531,36.63,1,0,0.87,0:46:40
19039,1,178.32672119140616,36.63,0,1,0.87,0:53:50
19040,1,31.59970855712891,36.63,0,1,0.87,0:52:07
19041,1,6.433401107788086,36.63,0,1,0.87,0:54:39
19042,1,146.087158203125,36.63,0,1,0.87,0:53:51
19043,1,484.7640075683594,36.63,1,0,0.87,0:54:55
19044,1,19.13476181030273,36.63,1,0,0.87,0:57:23
19045,1,159.569091796875,36.63,0,1,0.87,0:50:48
19046,1,10.03902816772461,36.63,1,0,0.87,0:52:47
19047,1,4.641374111175537,36.63,0,1,0.87,0:53:01
19048,1,147.0316009521484,36.63,1,0,0.87,0:51:37
19049,1,74.11246490478516,36.63,0,1,0.87,0:48:53
19050,1,59.33108520507812,36.63,0,1,0.87,0:52:32
19051,1,41.98091506958008,36.63,0,1,0.87,0:59:09
19052,1,233.1082305908203,36.63,0,1,0.87,0:51:44
19053,1,159.9830627441406,36.63,1,0,0.87,0:52:28
19054,1,72.22600555419922,36.63,0,1,0.87,0:54:35
19055,2,421.3871459960938,36.63,1,0,0.87,0:57:23
19056,1,88.01394653320312,36.63,0,1,0.87,0:55:13
19057,1,171.1222991943359,36.63,1,0,0.87,0:58:00
19058,1,193.5811462402344,36.63,0,1,0.87,0:57:12
19059,1,17.31131172180176,36.63,1,0,0.87,0:43:44
19060,1,1046.732788085938,36.63,0,1,0.87,0:56:49
19061,1,296.9273376464844,36.63,0,1,0.87,0:54:48
19062,1,259.998291015625,36.63,0,1,0.87,0:53:51
19063,1,287.1083679199219,36.63,0,1,0.87,0:56:07
19064,1,19.50230598449707,36.63,1,0,0.87,0:53:53
19065,1,16.83182334899902,36.63,1,0,0.87,0:54:10
19066,1,38.78234481811523,36.63,1,0,0.87,0:54:05
19067,1,38.78234481811523,36.63,0,1,0.87,0:54:05
19068,1,64.54953002929689,36.63,0,1,0.87,0:54:14
19069,1,233.269287109375,36.63,0,1,0.87,0:55:37
19070,1,332.8359069824219,36.63,0,1,0.87,0:53:14
19071,1,359.0086669921875,36.63,1,0,0.87,0:52:32
19072,1,28.02807998657227,36.63,0,1,0.87,0:51:02
19073,1,11.05302143096924,36.63,1,0,0.87,0:50:37
19074,1,14.566981315612788,36.63,0,1,0.87,0:54:59
19075,1,273.54550170898443,36.63,0,1,0.87,0:56:02
19076,1,321.1102600097656,36.63,0,1,0.87,0:53:50
19077,1,71.8073501586914,36.63,1,0,0.87,1:00:23
19078,1,254.6612243652344,36.63,0,1,0.87,0:49:59
19079,1,259.998291015625,36.63,1,0,0.87,0:55:45
19080,1,447.4283447265625,36.63,0,1,0.87,0:55:27
19081,1,447.4283447265625,36.63,0,1,0.87,0:48:44
19082,1,155.1304626464844,36.63,1,0,0.87,0:54:43
19083,1,25.37751960754395,36.63,0,1,0.87,0:54:34
19084,1,133.931640625,36.63,0,1,0.87,0:53:46
19085,1,1623.9774169921882,36.63,1,0,0.87,0:48:31
19086,1,1391.0174560546882,36.63,0,1,0.87,0:51:39
19087,1,307.5173950195312,36.63,0,1,0.87,0:52:46
19088,1,223.3601837158203,36.63,1,0,0.87,0:50:06
19089,1,484.7640075683594,36.63,0,1,0.87,0:55:10
19090,1,291.1369323730469,36.63,1,0,0.87,0:55:56
19091,1,287.5038757324219,36.63,0,1,0.87,0:56:01
19092,1,259.998291015625,36.63,1,0,0.87,0:55:22
19093,1,149.8123931884766,36.63,1,0,0.87,0:42:21
19094,1,306.9306945800781,36.63,1,0,0.87,0:51:40
19095,1,27.96543884277344,36.63,0,1,0.87,0:59:38
19096,1,7.558590412139893,36.63,0,1,0.87,0:55:42
19097,1,355.1664123535156,36.63,0,1,0.87,0:55:45
19098,1,86.84709167480469,36.63,0,1,0.87,0:47:21
19099,1,413.7853393554688,36.63,0,1,0.87,0:55:10
19100,1,17.80105018615723,36.63,1,0,0.87,0:59:33
19101,1,259.998291015625,36.63,1,0,0.87,0:58:35
19102,1,0.6114726066589355,36.63,0,1,0.87,0:55:04
19103,1,904.0,36.63,1,0,0.87,0:53:54
19104,1,24.55533409118652,36.63,0,1,0.87,0:57:16
19105,1,287.5038757324219,36.63,1,0,0.87,0:54:08
19106,1,69.55393981933594,36.63,0,1,0.87,0:51:17
19107,1,86.84709167480469,36.63,0,1,0.87,0:55:33
19108,1,181.5143737792969,36.63,0,1,0.87,0:52:52
19109,1,248.9492492675781,36.63,0,1,0.87,0:53:28
19110,1,221.6567077636719,36.63,1,0,0.87,0:53:55
19111,1,24.55533409118652,36.63,0,1,0.87,0:57:16
19112,1,40.29782104492188,36.63,0,1,0.87,0:56:24
19113,1,19.23562431335449,36.63,0,1,0.87,0:53:35
19114,1,218.5335693359375,36.63,1,0,0.87,0:50:17
19115,1,20.63361167907715,36.63,1,0,0.87,0:54:30
19116,1,232.5149993896484,36.63,0,1,0.87,0:54:11
19117,1,22.78268432617188,36.63,1,0,0.87,0:59:03
19118,1,7.058139324188232,36.63,1,0,0.87,0:53:36
19119,1,37.85586547851562,36.63,1,0,0.87,0:58:52
19120,1,7.309962749481201,36.63,0,1,0.87,0:59:57
19121,1,50.04737091064453,36.63,1,0,0.87,0:54:52
19122,1,31.97005462646484,36.63,0,1,0.87,0:56:16
19123,1,10.44776248931885,36.63,1,0,0.87,0:52:51
19124,1,2.411711931228638,36.63,0,1,0.87,0:54:23
19125,1,663.1068725585938,36.63,0,1,0.87,0:52:33
19126,1,185.9382781982422,36.63,0,1,0.87,0:54:03
19127,1,17.964252471923828,36.63,0,1,0.87,0:54:32
19128,1,1046.732788085938,36.63,0,1,0.87,0:52:54
19129,1,177.1923370361328,36.63,0,1,0.87,0:57:16
19130,1,380.4561157226562,36.63,0,1,0.87,0:55:10
19131,1,12.55933380126953,36.63,0,1,0.87,0:57:16
19132,1,140.58866882324222,36.63,0,1,0.87,0:54:11
19133,1,91.7226791381836,36.63,1,0,0.87,0:56:13
19134,1,51.877418518066406,36.63,0,1,0.87,0:51:55
19135,1,10.58681583404541,36.63,0,1,0.87,0:52:29
19136,1,37.5223388671875,36.63,0,1,0.87,0:52:43
19137,1,392.9535217285156,36.63,1,0,0.87,0:55:03
19138,1,297.332763671875,36.63,1,0,0.87,0:53:11
19139,1,10.44776248931885,36.63,1,0,0.87,0:58:42
19140,1,128.45576477050778,36.63,1,0,0.87,0:53:48
19141,1,200.7367095947266,36.63,0,1,0.87,0:57:28
19142,1,13.027480125427251,36.63,0,1,0.87,0:51:38
19143,1,717.7359008789062,36.63,0,1,0.87,0:53:45
19144,1,225.5564270019531,36.63,0,1,0.87,0:53:57
19145,1,120.9079360961914,36.63,1,0,0.87,0:52:17
19146,1,16.83182334899902,36.63,0,1,0.87,0:55:20
19147,1,2839.08740234375,36.63,0,1,0.87,0:53:59
19148,1,230.8924407958984,36.63,0,1,0.87,0:55:18
19149,1,230.8924407958984,36.63,0,1,0.87,0:55:19
19150,1,12.82390880584717,36.63,0,1,0.87,0:52:34
19151,1,173.3197479248047,36.63,1,0,0.87,0:53:50
19152,1,22.11793327331543,36.63,0,1,0.87,0:53:12
19153,1,56.084815979003906,36.63,1,0,0.87,0:57:34
19154,1,205.9886016845703,36.63,0,1,0.87,0:55:56
19155,1,22.78268432617188,36.63,0,1,0.87,0:53:44
19156,1,71.8073501586914,36.63,0,1,0.87,0:56:23
19157,1,35.48947143554688,36.63,0,1,0.87,1:01:08
19158,1,222.6948394775391,36.63,1,0,0.87,0:54:17
19159,1,222.6811370849609,36.63,0,1,0.87,0:58:58
19160,1,157.0261993408203,36.63,0,1,0.87,0:51:57
19161,1,18.31573867797852,36.63,0,1,0.87,0:54:16
19162,1,17.3270263671875,36.63,1,0,0.87,0:53:42
19163,1,4.143080711364746,36.63,1,0,0.87,0:57:59
19164,1,32.52695846557617,36.63,1,0,0.87,0:47:42
19165,1,274.87313842773443,36.63,1,0,0.87,0:52:20
19166,1,67.15016174316406,36.63,0,1,0.87,0:54:20
19167,1,316.2669372558594,36.63,0,1,0.87,0:55:39
19168,1,236.900634765625,36.63,0,1,0.87,0:58:18
19169,1,28.49021911621094,36.63,1,0,0.87,0:54:13
19170,1,58.93083190917969,36.63,0,1,0.87,0:53:40
19171,1,76.49766540527344,36.63,0,1,0.87,0:53:37
19172,1,76.49766540527344,36.63,0,1,0.87,0:53:37
19173,1,92.71110534667969,36.63,0,1,0.87,0:54:02
19174,1,71.8073501586914,36.63,1,0,0.87,0:48:35
19175,1,10.44776248931885,36.63,1,0,0.87,0:55:43
19176,2,11.085031509399409,36.63,1,0,0.87,0:48:53
19177,1,43.62190246582031,36.63,0,1,0.87,0:53:58
19178,1,54.34943008422852,36.63,1,0,0.87,0:50:44
19179,1,18.26416397094727,36.63,0,1,0.87,0:52:27
19180,1,484.7640075683594,36.63,0,1,0.87,0:58:35
19181,1,205.6886901855469,36.63,0,1,0.87,0:53:04
19182,1,395.2044982910156,36.63,0,1,0.87,0:50:45
19183,1,176.3090667724609,36.63,1,0,0.87,0:52:23
19184,1,368.5480651855469,36.63,0,1,0.87,0:52:19
19185,1,2670.962890625,36.63,0,1,0.87,0:50:29
19186,1,171.1222991943359,36.63,0,1,0.87,0:54:07
19187,1,309.6552429199219,36.63,0,1,0.87,0:52:34
19188,1,298.6752014160156,36.63,0,1,0.87,0:51:39
19189,1,71.8073501586914,36.63,0,1,0.87,0:50:58
19190,1,724.8308715820312,36.63,0,1,0.87,0:56:20
19191,1,6.924670219421388,36.63,0,1,0.87,0:55:36
19192,1,331.5245056152344,36.63,1,0,0.87,0:57:23
19193,1,263.76736450195307,36.63,0,1,0.87,0:53:42
19194,1,413.9780578613281,36.63,0,1,0.87,0:52:35
19195,1,185.56158447265616,36.63,1,0,0.87,0:55:54
19196,1,232.5149993896484,36.63,0,1,0.87,0:54:57
19197,1,16.21322441101074,36.63,1,0,0.87,0:46:02
19198,1,357.0286254882812,36.63,0,1,0.87,0:56:01
19199,1,38.576393127441406,36.63,1,0,0.87,0:52:58
19200,1,31.17976570129395,36.63,1,0,0.87,0:56:08
19201,1,336.294921875,36.63,0,1,0.87,0:54:11
19202,1,556.5740356445311,36.63,1,0,0.87,0:52:52
19203,1,192.2165679931641,36.63,1,0,0.87,0:55:57
19204,1,8.628658294677733,36.63,0,1,0.87,0:53:14
19205,1,52.04446411132812,36.63,1,0,0.87,0:57:20
19206,1,15.55781936645508,36.63,1,0,0.87,0:52:28
19207,1,42.68008041381836,36.63,1,0,0.87,0:51:41
19208,1,14.36327362060547,36.63,0,1,0.87,0:53:15
19209,1,403.4977416992188,36.63,1,0,0.87,0:55:43
19210,1,12.54732036590576,36.63,0,1,0.87,0:56:45
19211,1,767.4879150390625,36.63,0,1,0.87,0:54:38
19212,2,63.713539123535156,36.63,0,1,0.87,0:50:54
19213,1,153.6767120361328,36.63,0,1,0.87,0:53:21
19214,1,5.032363891601562,36.63,0,1,0.87,0:56:46
19215,1,211.6295166015625,36.63,0,1,0.87,0:52:51
19216,1,14.070459365844732,36.63,1,0,0.87,0:50:44
19217,1,1596.6729736328118,36.63,0,1,0.87,0:50:28
19218,1,374.6560363769531,36.63,1,0,0.87,0:56:05
19219,1,1217.035522460938,36.63,1,0,0.87,0:52:50
19220,1,286.1327819824219,36.63,0,1,0.87,0:55:34
19221,1,8.027867317199707,36.63,0,1,0.87,0:56:10
19222,1,14.566981315612788,36.63,0,1,0.87,0:51:30
19223,1,34.46862411499023,36.63,0,1,0.87,0:53:26
19224,1,413.8466186523438,36.63,1,0,0.87,0:53:31
19225,1,217.51953125,36.63,1,0,0.87,0:53:55
19226,1,17.20283889770508,36.63,0,1,0.87,0:59:58
19227,1,259.998291015625,36.63,1,0,0.87,0:54:43
19228,1,403.1315612792969,36.63,1,0,0.87,0:56:36
19229,1,27.23297309875488,36.63,0,1,0.87,0:54:56
19230,1,9.22296905517578,36.63,1,0,0.87,0:52:40
19231,1,394.9975891113281,36.63,0,1,0.87,0:54:56
19232,1,284.6058349609375,36.63,0,1,0.87,0:53:42
19233,1,194.29931640625,36.63,0,1,0.87,0:52:16
19234,1,219.4850006103516,36.63,0,1,0.87,0:57:10
19235,1,51.87637710571289,36.63,0,1,0.87,0:55:15
19236,1,51.87637710571289,36.63,0,1,0.87,0:55:15
19237,1,10.44776248931885,36.63,0,1,0.87,0:58:18
19238,1,384.0559692382812,36.63,0,1,0.87,0:52:58
19239,1,16.84739112854004,36.63,1,0,0.87,0:55:46
19240,1,259.998291015625,36.63,0,1,0.87,0:56:57
19241,1,284.6058349609375,36.63,1,0,0.87,0:53:57
19242,1,20.15006828308105,36.63,1,0,0.87,0:54:39
19243,1,322.6423645019531,36.63,0,1,0.87,0:55:29
19244,1,178.9882965087891,36.63,0,1,0.87,0:52:21
19245,1,68.40601348876953,36.63,0,1,0.87,0:55:40
19246,1,255.6195831298828,36.63,0,1,0.87,0:55:58
19247,1,54.23469924926758,36.63,1,0,0.87,0:56:21
19248,1,45.1541862487793,36.63,1,0,0.87,0:52:39
19249,1,21.5262622833252,36.63,0,1,0.87,0:53:25
19250,1,120.0689849853516,36.63,0,1,0.87,0:52:31
19251,1,224.95013427734384,36.63,0,1,0.87,0:51:31
19252,1,344.7054748535156,36.63,1,0,0.87,0:51:25
19253,1,31.97005462646484,36.63,0,1,0.87,0:56:22
19254,1,137.57452392578122,36.63,1,0,0.87,0:52:45
19255,1,841.2716064453125,36.63,0,1,0.87,0:53:47
19256,1,316.4576721191406,36.63,0,1,0.87,0:52:23
19257,1,158.6006774902344,36.63,0,1,0.87,0:53:40
19258,1,134.9916687011719,36.63,1,0,0.87,0:59:03
19259,1,6.240824699401856,36.63,0,1,0.87,0:51:05
19260,1,264.034912109375,36.63,0,1,0.87,0:54:16
19261,1,249.7708282470703,36.63,1,0,0.87,0:55:35
19262,1,42.47363662719727,36.63,0,1,0.87,0:55:09
19263,1,269.32861328125,36.63,0,1,0.87,0:59:04
19264,1,10.44776248931885,36.63,0,1,0.87,0:56:20
19265,1,276.05001831054693,36.63,0,1,0.87,0:53:09
19266,1,245.7559356689453,36.63,1,0,0.87,0:55:30
19267,1,16.84739112854004,36.63,1,0,0.87,0:57:55
19268,1,28.003864288330078,36.63,1,0,0.87,1:02:36
19269,1,140.6603088378906,36.63,0,1,0.87,0:48:52
19270,1,232.5149993896484,36.63,1,0,0.87,0:53:49
19271,1,38.128883361816406,36.63,0,1,0.87,0:54:49
19272,1,1325.179443359375,36.63,0,1,0.87,0:49:42
19273,1,196.8123321533203,36.63,0,1,0.87,1:01:24
19274,1,315.9778747558594,36.63,0,1,0.87,0:53:22
19275,1,16.84739112854004,36.63,1,0,0.87,0:48:14
19276,1,265.46932983398443,36.63,1,0,0.87,0:53:47
19277,1,152.9582672119141,36.63,0,1,0.87,0:50:55
19278,1,10.054220199584961,36.63,0,1,0.87,0:54:27
19279,1,40.29782104492188,36.63,0,1,0.87,0:56:24
19280,1,103.3260650634766,36.63,1,0,0.87,0:54:35
19281,1,233.2363739013672,36.63,0,1,0.87,0:55:37
19282,1,196.8123321533203,36.63,0,1,0.87,0:55:45
19283,1,40.29782104492188,36.63,0,1,0.87,0:56:25
19284,1,387.3783874511719,36.63,0,1,0.87,0:55:38
19285,1,219.4850006103516,36.63,0,1,0.87,0:51:32
19286,1,232.9170684814453,36.63,0,1,0.87,0:54:55
19287,1,484.7640075683594,36.63,0,1,0.87,0:54:56
19288,1,204.3320465087891,36.63,1,0,0.87,0:52:02
19289,1,23.67902565002441,36.63,0,1,0.87,0:50:37
19290,1,11.603414535522461,36.63,0,1,0.87,0:53:37
19291,1,232.9170684814453,36.63,0,1,0.87,0:51:45
19292,1,106.51785278320308,36.63,0,1,0.87,0:53:00
19293,1,164.3381500244141,36.63,1,0,0.87,0:58:21
19294,1,1046.732788085938,36.63,0,1,0.87,0:53:27
19295,1,134.9916687011719,36.63,0,1,0.87,0:59:00
19296,1,49.83196640014648,36.63,0,1,0.87,0:54:54
19297,1,92.65635681152344,36.63,0,1,0.87,0:53:31
19298,1,311.047607421875,36.63,0,1,0.87,0:50:07
19299,1,0.5368872284889221,36.63,0,1,0.87,0:55:37
19300,1,31.52193450927734,36.63,1,0,0.87,0:52:40
19301,1,10.96754741668701,36.63,1,0,0.87,0:54:33
19302,1,214.3064422607422,36.63,0,1,0.87,0:54:52
19303,1,259.998291015625,36.63,0,1,0.87,0:54:35
19304,1,142.3497009277344,36.63,1,0,0.87,0:52:26
19305,1,181.5143737792969,36.63,0,1,0.87,0:57:53
19306,1,19.4232006072998,36.63,0,1,0.87,0:58:36
19307,1,19.4232006072998,36.63,1,0,0.87,0:58:36
19308,1,58.30686569213867,36.63,1,0,0.87,0:54:33
19309,1,167.9832916259766,36.63,0,1,0.87,0:54:53
19310,1,302.9169311523438,36.63,0,1,0.87,0:58:36
19311,1,151.7768249511719,36.63,0,1,0.87,0:57:17
19312,1,31.2812614440918,36.63,0,1,0.87,0:54:12
19313,1,10.44183731079102,36.63,0,1,0.87,0:51:09
19314,1,1394.4505615234382,36.63,1,0,0.87,0:48:50
19315,1,10.44776248931885,36.63,1,0,0.87,0:59:43
19316,1,1507.7174072265618,36.63,0,1,0.87,0:49:12
19317,1,12.69220733642578,36.63,1,0,0.87,0:53:29
19318,1,2554.609619140625,36.63,0,1,0.87,0:49:47
19319,1,226.7956085205078,36.63,1,0,0.87,0:56:34
19320,1,10.44776248931885,36.63,1,0,0.87,0:54:09
19321,1,182.8527069091797,36.63,0,1,0.87,0:54:37
19322,1,77.97574615478516,36.63,0,1,0.87,0:54:58
19323,1,1517.81298828125,36.63,0,1,0.87,0:56:51
19324,1,208.86968994140616,36.63,0,1,0.87,0:49:49
19325,1,15.55781936645508,36.63,0,1,0.87,0:54:38
19326,1,10.44776248931885,36.63,0,1,0.87,0:49:20
19327,1,94.3494644165039,36.63,0,1,0.87,0:51:57
19328,1,26.49992370605469,36.63,0,1,0.87,0:55:52
19329,1,2229.72216796875,36.63,1,0,0.87,0:54:21
19330,1,220.6278076171875,36.63,0,1,0.87,0:53:10
19331,1,237.44512939453116,36.63,1,0,0.87,0:49:19
19332,1,56.82849884033203,36.63,1,0,0.87,0:48:04
19333,1,190.1930236816406,36.63,1,0,0.87,0:58:04
19334,1,18.36637115478516,36.63,1,0,0.87,0:56:28
19335,1,49.35443496704102,36.63,0,1,0.87,0:53:42
19336,1,29.45329856872559,36.63,1,0,0.87,0:55:47
19337,1,18.36637115478516,36.63,0,1,0.87,0:56:28
19338,1,178.9882965087891,36.63,0,1,0.87,0:54:45
19339,1,206.9958343505859,36.63,0,1,0.87,0:54:44
19340,1,196.8123321533203,36.63,0,1,0.87,1:01:25
19341,1,91.7226791381836,36.63,1,0,0.87,0:52:03
19342,1,108.46487426757808,36.63,0,1,0.87,0:55:18
19343,1,21.53010749816895,36.63,1,0,0.87,0:56:09
19344,1,49.35443496704102,36.63,1,0,0.87,0:49:31
19345,1,6.110790252685548,36.63,0,1,0.87,0:53:49
19346,1,272.28091430664057,36.63,0,1,0.87,0:58:09
19347,1,328.505859375,36.63,0,1,0.87,0:58:09
19348,1,240.75494384765616,36.63,0,1,0.87,0:58:26
19349,1,2362.30908203125,36.63,1,0,0.87,0:49:03
19350,1,158.0374450683594,36.63,0,1,0.87,0:54:39
19351,1,19.23562431335449,36.63,0,1,0.87,0:59:21
19352,1,10.44776248931885,36.63,0,1,0.87,0:56:49
19353,1,159.2595977783203,36.63,0,1,0.87,0:54:40
19354,1,10.44183731079102,36.63,1,0,0.87,0:52:55
19355,1,146.0377807617188,36.63,0,1,0.87,0:55:53
19356,1,588.7814331054688,36.63,0,1,0.87,0:54:05
19357,1,30.31134986877441,36.63,0,1,0.87,0:55:08
19358,1,316.3588562011719,36.63,0,1,0.87,0:52:35
19359,1,90.16681671142578,36.63,0,1,0.87,0:56:47
19360,1,42.68008041381836,36.63,0,1,0.87,0:55:53
19361,1,1323.43017578125,36.63,1,0,0.87,0:52:02
19362,1,841.2716064453125,36.63,1,0,0.87,0:56:25
19363,1,235.9297027587891,36.63,0,1,0.87,0:51:53
19364,1,22.25241279602051,36.63,0,1,0.87,0:51:16
19365,1,39.47004318237305,36.63,0,1,0.87,0:52:58
19366,1,295.5433654785156,36.63,0,1,0.87,0:58:01
19367,1,39.21760559082031,36.63,1,0,0.87,0:52:49
19368,1,260.0966186523438,36.63,1,0,0.87,0:58:02
19369,1,29.34052085876465,36.63,0,1,0.87,0:54:28
19370,1,214.3064422607422,36.63,1,0,0.87,0:50:35
19371,1,31.97005462646484,36.63,0,1,0.87,0:58:05
19372,1,10.44776248931885,36.63,1,0,0.87,0:55:43
19373,1,229.7924346923828,36.63,1,0,0.87,0:47:54
19374,1,11.643675804138178,36.63,0,1,0.87,0:55:36
19375,1,7.058139324188232,36.63,0,1,0.87,0:50:47
19376,1,10.44776248931885,36.63,1,0,0.87,0:55:44
19377,1,313.7461853027344,36.63,1,0,0.87,0:55:23
19378,1,215.4762725830078,36.63,1,0,0.87,0:59:59
19379,1,213.9208221435547,36.63,0,1,0.87,0:56:04
19380,1,259.998291015625,36.63,0,1,0.87,0:54:13
19381,1,55.22239303588867,36.63,0,1,0.87,0:54:34
19382,1,583.0517578125,36.63,0,1,0.87,0:51:24
19383,1,39.58017349243164,36.63,0,1,0.87,0:57:02
19384,1,10.44776248931885,36.63,0,1,0.87,1:01:32
19385,1,25.242717742919922,36.63,1,0,0.87,0:52:44
19386,1,10.44776248931885,36.63,1,0,0.87,0:52:23
19387,1,74.79239654541016,36.63,1,0,0.87,0:52:44
19388,1,368.4687805175781,36.63,0,1,0.87,0:56:24
19389,1,91.85733795166016,36.63,0,1,0.87,0:58:43
19390,1,128.1840515136719,36.63,1,0,0.87,0:55:22
19391,1,724.8308715820312,36.63,1,0,0.87,0:53:03
19392,1,381.7892150878906,36.63,0,1,0.87,0:56:35
19393,1,0.5368872284889221,36.63,1,0,0.87,0:48:55
19394,1,266.2826538085938,36.63,1,0,0.87,0:54:12
19395,1,248.2649841308594,36.63,1,0,0.87,0:57:14
19396,1,5.020810604095459,36.63,0,1,0.87,0:56:16
19397,1,298.6752014160156,36.63,1,0,0.87,0:54:48
19398,1,57.82163619995117,36.63,1,0,0.87,0:53:37
19399,1,239.3311767578125,36.63,1,0,0.87,1:00:58
19400,1,116.9839324951172,36.63,0,1,0.87,0:51:57
19401,1,31.97005462646484,36.63,1,0,0.87,0:58:09
19402,1,198.6544494628906,36.63,0,1,0.87,0:53:10
19403,1,232.9170684814453,36.63,0,1,0.87,0:52:04
19404,1,296.48876953125,36.63,0,1,0.87,0:51:26
19405,1,159.2595977783203,36.63,0,1,0.87,0:51:26
19406,1,2.043102264404297,36.63,0,1,0.87,0:54:35
19407,1,614.4942016601562,36.63,0,1,0.87,0:53:33
19408,1,157.2373657226562,36.63,0,1,0.87,0:53:59
19409,1,17.5898609161377,36.63,1,0,0.87,0:58:36
19410,1,223.55029296875,36.63,0,1,0.87,0:53:11
19411,1,90.65587615966795,36.63,0,1,0.87,0:56:35
19412,1,85.82516479492188,36.63,0,1,0.87,0:55:50
19413,1,9.335716247558594,36.63,1,0,0.87,0:55:10
19414,1,7.756523132324219,36.63,1,0,0.87,0:52:16
19415,1,9.22296905517578,36.63,1,0,0.87,0:52:12
19416,1,94.75935363769531,36.63,1,0,0.87,0:54:15
19417,1,16.84739112854004,36.63,0,1,0.87,0:52:20
19418,1,112.0407485961914,36.63,0,1,0.87,0:57:19
19419,1,275.03494262695307,36.63,1,0,0.87,0:55:53
19420,1,68.85420227050781,36.63,1,0,0.87,0:54:53
19421,1,31.15179443359375,36.63,0,1,0.87,0:51:06
19422,1,218.2397003173828,36.63,0,1,0.87,0:56:14
19423,1,10.48473072052002,36.63,0,1,0.87,0:56:14
19424,1,301.8215637207031,36.63,0,1,0.87,0:49:08
19425,1,0.5368872284889221,36.63,0,1,0.87,0:55:52
19426,1,15.859853744506841,36.63,1,0,0.87,0:49:51
19427,1,49.35443496704102,36.63,0,1,0.87,0:55:58
19428,1,861.9322509765625,36.63,0,1,0.87,0:52:30
19429,1,31.97005462646484,36.63,1,0,0.87,0:58:14
19430,1,259.998291015625,36.63,1,0,0.87,0:58:35
19431,1,220.8075714111328,36.63,1,0,0.87,0:51:30
19432,1,19.32787322998047,36.63,1,0,0.87,0:59:14
19433,1,18.05331420898438,36.63,0,1,0.87,0:55:01
19434,1,4.209059238433838,36.63,0,1,0.87,0:56:01
19435,1,126.1217880249023,36.63,0,1,0.87,0:56:11
19436,1,157.4944458007812,36.63,0,1,0.87,0:51:16
19437,1,91.7226791381836,36.63,1,0,0.87,0:53:29
19438,1,1388.1915283203118,36.63,1,0,0.87,0:53:35
19439,1,428.7605285644531,36.63,0,1,0.87,0:51:41
19440,1,39.58017349243164,36.63,1,0,0.87,0:54:56
19441,1,37.99178695678711,36.63,0,1,0.87,0:53:44
19442,1,14.83109951019287,36.63,0,1,0.87,0:54:37
19443,1,231.64434814453116,36.63,0,1,0.87,0:56:43
19444,1,194.7049560546875,36.63,1,0,0.87,0:49:58
19445,1,236.6187286376953,36.63,0,1,0.87,0:56:43
19446,1,24.25078392028809,36.63,1,0,0.87,0:52:36
19447,1,21.91367149353027,36.63,1,0,0.87,0:50:33
19448,1,275.03494262695307,36.63,0,1,0.87,0:55:28
19449,1,10.44776248931885,36.63,0,1,0.87,1:01:38
19450,1,11.085031509399409,36.63,1,0,0.87,1:01:38
19451,1,159.9830627441406,36.63,0,1,0.87,0:56:30
19452,1,131.0602111816406,36.63,1,0,0.87,0:57:46
19453,1,1596.6729736328118,36.63,0,1,0.87,0:51:20
19454,1,10.44183731079102,36.63,0,1,0.87,0:49:20
19455,1,298.1222534179688,36.63,0,1,0.87,0:54:37
19456,1,234.2509765625,36.63,1,0,0.87,0:52:59
19457,1,1.1569663286209109,36.63,1,0,0.87,0:54:33
19458,1,1.1569663286209109,36.63,1,0,0.87,0:54:33
19459,1,207.3543701171875,36.63,0,1,0.87,0:59:05
19460,1,51.877418518066406,36.63,1,0,0.87,0:57:54
19461,1,33.1964111328125,36.63,0,1,0.87,0:49:48
19462,1,388.6976318359375,36.63,1,0,0.87,0:53:27
19463,1,146.0377807617188,36.63,0,1,0.87,0:55:07
19464,1,14.070459365844732,36.63,0,1,0.87,0:54:08
19465,1,22.78268432617188,36.63,0,1,0.87,0:53:44
19466,1,91.75029754638672,36.63,0,1,0.87,0:52:04
19467,1,95.13848876953124,36.63,1,0,0.87,0:53:35
19468,1,17.3270263671875,36.63,0,1,0.87,0:56:37
19469,1,178.32672119140616,36.63,0,1,0.87,0:56:04
19470,1,181.5143737792969,36.63,1,0,0.87,0:49:52
19471,2,43.40748977661133,36.63,0,1,0.87,0:56:36
19472,1,1300.004516601562,36.63,0,1,0.87,0:51:24
19473,1,103.6413116455078,36.63,0,1,0.87,0:43:12
19474,1,795.5029296875,36.63,1,0,0.87,0:51:49
19475,1,91.7226791381836,36.63,1,0,0.87,0:53:22
19476,1,21.91367149353027,36.63,1,0,0.87,0:56:00
19477,1,57.21894454956055,36.63,1,0,0.87,0:51:18
19478,1,264.82467651367193,36.63,0,1,0.87,0:54:49
19479,1,268.69815063476557,36.63,0,1,0.87,0:52:08
19480,1,259.998291015625,36.63,1,0,0.87,0:57:08
19481,1,5.555201530456543,36.63,0,1,0.87,0:49:34
19482,1,2.790159702301025,36.63,0,1,0.87,0:54:00
19483,1,233.7287750244141,36.63,0,1,0.87,0:56:43
19484,1,233.7287750244141,36.63,0,1,0.87,0:56:43
19485,1,411.1571960449219,36.63,0,1,0.87,0:54:30
19486,1,181.94775390625,36.63,1,0,0.87,0:53:47
19487,1,259.998291015625,36.63,0,1,0.87,0:52:43
19488,1,92.58943939208984,36.63,1,0,0.87,0:56:53
19489,1,10.44776248931885,36.63,1,0,0.87,0:56:26
19490,1,252.5192565917969,36.63,1,0,0.87,0:55:12
19491,1,62.09518432617188,36.63,1,0,0.87,0:54:26
19492,1,614.4942016601562,36.63,0,1,0.87,0:53:32
19493,1,1479.8099365234382,36.63,1,0,0.87,0:56:50
19494,1,196.0528259277344,36.63,0,1,0.87,0:53:32
19495,1,231.64434814453116,36.63,0,1,0.87,0:54:36
19496,1,218.5335693359375,36.63,0,1,0.87,0:56:00
19497,1,84.5443344116211,36.63,1,0,0.87,0:54:11
19498,2,6.0,36.63,1,0,0.87,0:54:16
19499,1,5.273734569549561,36.63,1,0,0.87,0:55:03
19500,1,10.44776248931885,36.63,1,0,0.87,0:56:43
19501,1,62.30341720581055,36.63,1,0,0.87,0:51:03
19502,1,263.76736450195307,36.63,1,0,0.87,0:54:59
19503,1,37.85586547851562,36.63,0,1,0.87,0:57:22
19504,1,325.8758850097656,36.63,0,1,0.87,0:56:10
19505,1,59.45719909667969,36.63,1,0,0.87,0:48:26
19506,1,69.55393981933594,36.63,0,1,0.87,0:59:28
19507,1,231.64434814453116,36.63,0,1,0.87,0:57:52
19508,1,309.6552429199219,36.63,1,0,0.87,0:48:08
19509,1,412.8470153808594,36.63,0,1,0.87,0:54:08
19510,1,225.7191925048828,36.63,0,1,0.87,0:51:16
19511,1,126.1217880249023,36.63,0,1,0.87,0:55:53
19512,1,51.61442184448242,36.63,0,1,0.87,0:56:31
19513,1,31.97005462646484,36.63,0,1,0.87,0:54:59
19514,1,251.763916015625,36.63,0,1,0.87,0:55:49
19515,1,30.4487247467041,36.63,0,1,0.87,0:56:40
19516,1,356.2357482910156,36.63,1,0,0.87,0:55:33
19517,1,0.3230879902839661,36.63,0,1,0.87,0:54:57
19518,1,300.2761840820312,36.63,1,0,0.87,0:55:17
19519,1,15.224977493286133,36.63,0,1,0.87,0:54:54
19520,1,1300.004516601562,36.63,1,0,0.87,0:52:41
19521,1,10.44776248931885,36.63,1,0,0.87,0:59:17
19522,1,376.7197570800781,36.63,0,1,0.87,0:55:54
19523,1,1412.0616455078118,36.63,1,0,0.87,0:49:22
19524,1,53.80677032470703,36.63,1,0,0.87,0:51:13
19525,1,78.08671569824219,36.63,1,0,0.87,0:56:58
19526,1,259.998291015625,36.63,0,1,0.87,0:58:59
19527,1,220.4464874267578,36.63,0,1,0.87,0:55:01
19528,1,220.4464874267578,36.63,0,1,0.87,0:55:02
19529,1,19.23562431335449,36.63,1,0,0.87,0:52:29
19530,1,46.29645156860352,36.63,0,1,0.87,0:53:03
19531,1,232.5149993896484,36.63,1,0,0.87,0:50:15
19532,1,5.020810604095459,36.63,1,0,0.87,0:50:47
19533,1,79.19601440429688,36.63,0,1,0.87,0:52:13
19534,1,17.05924987792969,36.63,1,0,0.87,1:00:53
19535,1,126.1217880249023,36.63,0,1,0.87,0:57:27
19536,1,50.26950454711914,36.63,1,0,0.87,1:00:07
19537,1,282.704345703125,36.63,0,1,0.87,0:54:32
19538,1,117.2603912353516,36.63,1,0,0.87,0:54:10
19539,1,10.44183731079102,36.63,1,0,0.87,0:52:03
19540,1,321.9679870605469,36.63,1,0,0.87,0:54:45
19541,1,250.3030242919922,36.63,1,0,0.87,0:51:30
19542,1,16.83182334899902,36.63,0,1,0.87,0:55:01
19543,1,109.5502395629883,36.63,0,1,0.87,0:52:20
19544,1,91.7226791381836,36.63,0,1,0.87,0:53:33
19545,1,194.29931640625,36.63,0,1,0.87,0:53:10
19546,1,52.04446411132812,36.63,1,0,0.87,0:52:42
19547,1,278.27926635742193,36.63,0,1,0.87,0:56:23
19548,1,97.86534881591795,36.63,0,1,0.87,0:52:49
19549,1,375.6900024414062,36.63,0,1,0.87,0:57:09
19550,1,8.634732246398926,36.63,0,1,0.87,0:52:26
19551,1,235.4322204589844,36.63,1,0,0.87,0:53:34
19552,1,263.49282836914057,36.63,0,1,0.87,0:55:23
19553,1,219.4850006103516,36.63,0,1,0.87,0:59:57
19554,3,246.6435699462891,36.63,1,0,0.87,0:59:07
19555,1,299.3505249023438,36.63,1,0,0.87,1:01:37
19556,1,259.998291015625,36.63,1,0,0.87,0:54:49
19557,1,231.64434814453116,36.63,0,1,0.87,0:55:11
19558,1,183.0,36.63,0,1,0.87,0:53:50
19559,1,26.88188362121582,36.63,0,1,0.87,0:56:22
19560,1,38.576393127441406,36.63,1,0,0.87,0:52:32
19561,1,24.17752647399902,36.63,0,1,0.87,0:53:55
19562,1,19.23562431335449,36.63,1,0,0.87,0:58:57
19563,1,44.6718864440918,36.63,1,0,0.87,0:52:19
19564,1,159.2595977783203,36.63,1,0,0.87,0:57:31
19565,1,14.099939346313482,36.63,1,0,0.87,0:51:38
19566,1,72.68998718261719,36.63,1,0,0.87,0:55:12
19567,1,11.085031509399409,36.63,0,1,0.87,1:00:56
19568,1,203.9951171875,36.63,0,1,0.87,0:55:15
19569,1,91.7226791381836,36.63,0,1,0.87,0:54:57
19570,1,9.794013023376463,36.63,0,1,0.87,0:50:37
19571,1,1300.004516601562,36.63,0,1,0.87,0:54:21
19572,1,148.55224609375,36.63,0,1,0.87,0:54:02
19573,1,91.7226791381836,36.63,1,0,0.87,0:52:49
19574,1,140.9563293457031,36.63,0,1,0.87,0:57:00
19575,1,153.4354248046875,36.63,1,0,0.87,0:52:22
19576,1,182.91851806640616,36.63,0,1,0.87,0:55:12
19577,1,292.1236877441406,36.63,1,0,0.87,0:51:41
19578,1,51.85509490966797,36.63,1,0,0.87,0:59:10
19579,1,249.0633392333984,36.63,0,1,0.87,0:54:53
19580,1,91.85733795166016,36.63,0,1,0.87,0:59:16
19581,1,259.998291015625,36.63,1,0,0.87,0:59:17
19582,1,291.1369323730469,36.63,1,0,0.87,0:52:04
19583,1,260.29702758789057,36.63,0,1,0.87,0:57:50
19584,1,55.80356216430664,36.63,0,1,0.87,0:53:44
19585,1,13.074999809265142,36.63,0,1,0.87,0:49:57
19586,1,169.7375946044922,36.63,0,1,0.87,0:52:35
19587,1,225.5588531494141,36.63,1,0,0.87,0:53:59
19588,1,3.920108318328857,36.63,1,0,0.87,0:57:27
19589,1,275.03494262695307,36.63,0,1,0.87,0:54:48
19590,1,28.003864288330078,36.63,1,0,0.87,0:50:50
19591,1,46.732627868652344,36.63,0,1,0.87,0:55:13
19592,1,131.4553527832031,36.63,1,0,0.87,0:50:49
19593,1,247.7964324951172,36.63,0,1,0.87,0:51:46
19594,1,14.32654094696045,36.63,0,1,0.87,0:53:02
19595,1,17.5898609161377,36.63,0,1,0.87,0:57:55
19596,1,46.64952850341797,36.63,0,1,0.87,0:52:30
19597,1,1371.919311523438,36.63,0,1,0.87,0:58:04
19598,1,259.998291015625,36.63,0,1,0.87,0:58:03
19599,1,61.94044494628906,36.63,0,1,0.87,0:54:33
19600,1,239.96661376953116,36.63,1,0,0.87,0:53:07
19601,1,58.93083190917969,36.63,0,1,0.87,0:52:44
19602,1,142.791748046875,36.63,0,1,0.87,0:51:21
19603,1,239.9998931884766,36.63,0,1,0.87,0:55:38
19604,1,150.7944946289062,36.63,1,0,0.87,0:50:43
19605,1,169.5493469238281,36.63,0,1,0.87,0:49:04
19606,1,0.9595094323158264,36.63,0,1,0.87,0:55:37
19607,1,653.6278686523438,36.63,0,1,0.87,0:53:17
19608,1,196.0460205078125,36.63,0,1,0.87,0:51:45
19609,1,9.66230010986328,36.63,0,1,0.87,0:55:41
19610,1,278.0731201171875,36.63,0,1,0.87,0:52:51
19611,2,69.51416778564453,36.63,0,1,0.87,0:55:28
19612,1,62.91466903686523,36.63,1,0,0.87,0:52:28
19613,1,275.03494262695307,36.63,1,0,0.87,0:55:14
19614,1,91.7226791381836,36.63,0,1,0.87,0:56:04
19615,1,75.79472351074219,36.63,0,1,0.87,0:58:09
19616,1,-0.959307849407196,36.63,0,1,0.87,0:55:20
19617,1,284.8039245605469,36.63,0,1,0.87,0:53:21
19618,1,152.9582672119141,36.63,1,0,0.87,0:55:44
19619,1,822.3980712890625,36.63,0,1,0.87,0:52:56
19620,1,822.3980712890625,36.63,0,1,0.87,0:52:56
19621,1,311.047607421875,36.63,1,0,0.87,0:56:42
19622,1,119.1561279296875,36.63,1,0,0.87,0:56:56
19623,1,181.5143737792969,36.63,1,0,0.87,0:56:28
19624,1,8.027867317199707,36.63,0,1,0.87,0:49:59
19625,1,3.920108318328857,36.63,0,1,0.87,0:53:22
19626,1,3.920108318328857,36.63,0,1,0.87,0:53:22
19627,1,7.058139324188232,36.63,0,1,0.87,0:54:37
19628,1,14.447757720947273,36.63,0,1,0.87,0:53:15
19629,1,28.35299110412598,36.63,1,0,0.87,0:55:48
19630,1,421.3871459960938,36.63,1,0,0.87,0:50:58
19631,1,184.9496307373047,36.63,0,1,0.87,0:53:10
19632,1,28.42571449279785,36.63,0,1,0.87,0:53:26
19633,1,51.94340515136719,36.63,1,0,0.87,0:54:51
19634,1,51.94340515136719,36.63,0,1,0.87,0:54:51
19635,1,565.7193603515625,36.63,0,1,0.87,0:59:44
19636,1,1325.164916992188,36.63,0,1,0.87,0:54:46
19637,1,305.0235900878906,36.63,0,1,0.87,0:58:05
19638,1,209.2055511474609,36.63,1,0,0.87,0:58:31
19639,1,14.83109951019287,36.63,0,1,0.87,0:54:46
19640,1,34.319351196289055,36.63,1,0,0.87,0:53:25
19641,1,26.16879081726074,36.63,1,0,0.87,0:54:07
19642,1,279.26181030273443,36.63,0,1,0.87,1:01:52
19643,1,56.084815979003906,36.63,0,1,0.87,0:53:33
19644,1,91.7226791381836,36.63,0,1,0.87,1:01:27
19645,1,147.0316009521484,36.63,1,0,0.87,0:57:39
19646,1,17.05924987792969,36.63,1,0,0.87,0:57:33
19647,1,39.47004318237305,36.63,0,1,0.87,0:53:51
19648,1,220.12713623046884,36.63,1,0,0.87,0:52:25
19649,1,131.7489013671875,36.63,1,0,0.87,0:53:02
19650,1,39.47004318237305,36.63,1,0,0.87,0:54:43
19651,1,8.919455528259277,36.63,0,1,0.87,0:55:03
19652,1,251.7782897949219,36.63,0,1,0.87,0:54:59
19653,1,1518.96630859375,36.63,1,0,0.87,0:56:10
19654,1,50.00377655029297,36.63,1,0,0.87,0:54:04
19655,1,246.6096496582031,36.63,0,1,0.87,0:55:50
19656,1,214.9735260009766,36.63,0,1,0.87,0:57:16
19657,1,2.471915721893311,36.63,1,0,0.87,0:53:43
19658,1,277.4137573242188,36.63,0,1,0.87,0:57:16
19659,1,196.8123321533203,36.63,0,1,0.87,0:56:27
19660,1,98.1375503540039,36.63,1,0,0.87,0:53:37
19661,1,148.55224609375,36.63,0,1,0.87,0:55:06
19662,1,35.48947143554688,36.63,1,0,0.87,1:02:35
19663,1,108.0,36.63,0,1,0.87,0:53:20
19664,1,204.6719512939453,36.63,1,0,0.87,0:54:49
19665,1,181.5143737792969,36.63,0,1,0.87,0:54:36
19666,1,95.99735260009766,36.63,0,1,0.87,0:54:41
19667,2,316.4576721191406,36.63,1,0,0.87,0:47:21
19668,1,175.8120269775391,36.63,0,1,0.87,0:54:05
19669,1,614.4942016601562,36.63,0,1,0.87,0:44:05
19670,1,9.807595252990724,36.63,0,1,0.87,0:54:44
19671,1,107.4973297119141,36.63,0,1,0.87,0:58:36
19672,1,197.583984375,36.63,0,1,0.87,0:56:07
19673,1,320.0387878417969,36.63,0,1,0.87,0:55:16
19674,1,244.143310546875,36.63,1,0,0.87,0:50:37
19675,1,10.21695613861084,36.63,0,1,0.87,0:55:25
19676,1,18.80724906921387,36.63,1,0,0.87,0:52:31
19677,1,21.91367149353027,36.63,1,0,0.87,1:01:54
19678,1,51.61442184448242,36.63,0,1,0.87,0:54:39
19679,1,6.240824699401856,36.63,0,1,0.87,0:51:55
19680,1,505.1585388183594,36.63,1,0,0.87,1:00:56
19681,1,97.04413604736328,36.63,0,1,0.87,0:54:37
19682,1,7.965522289276122,36.63,1,0,0.87,0:54:01
19683,1,259.998291015625,36.63,1,0,0.87,0:53:10
19684,1,11.085031509399409,36.63,1,0,0.87,0:56:43
19685,1,10.44776248931885,36.63,0,1,0.87,0:55:35
19686,1,159.9830627441406,36.63,0,1,0.87,0:54:49
19687,1,109.7792205810547,36.63,0,1,0.87,0:51:32
19688,1,74.86676025390625,36.63,0,1,0.87,0:52:11
19689,1,4.8699212074279785,36.63,1,0,0.87,0:55:36
19690,1,51.94340515136719,36.63,1,0,0.87,0:53:31
19691,1,104.0583648681641,36.63,1,0,0.87,0:51:47
19692,1,2229.72216796875,36.63,1,0,0.87,0:48:56
19693,1,152.7047576904297,36.63,0,1,0.87,0:55:24
19694,1,146.1344451904297,36.63,1,0,0.87,0:57:47
19695,1,14.36013889312744,36.63,0,1,0.87,0:54:17
19696,1,13.315147399902338,36.63,0,1,0.87,0:50:26
19697,1,55.22239303588867,36.63,0,1,0.87,0:55:42
19698,1,1752.2154541015618,36.63,1,0,0.87,0:56:14
19699,1,16.698308944702152,36.63,0,1,0.87,0:53:11
19700,1,231.64434814453116,36.63,0,1,0.87,0:59:07
19701,1,779.2720947265625,36.63,1,0,0.87,0:50:55
19702,1,9.807595252990724,36.63,0,1,0.87,0:57:14
19703,1,1201.809448242188,36.63,0,1,0.87,0:57:33
19704,1,181.5143737792969,36.63,0,1,0.87,0:56:30
19705,1,193.4534606933594,36.63,0,1,0.87,0:52:41
19706,1,233.1082305908203,36.63,0,1,0.87,0:55:03
19707,1,216.5862274169922,36.63,0,1,0.87,0:54:29
19708,1,14.070459365844732,36.63,0,1,0.87,0:57:42
19709,1,194.98760986328116,36.63,0,1,0.87,0:54:44
19710,1,298.6752014160156,36.63,1,0,0.87,0:56:24
19711,1,114.66488647460942,36.63,0,1,0.87,0:53:13
19712,1,259.998291015625,36.63,0,1,0.87,0:57:12
19713,1,121.3621368408203,36.63,0,1,0.87,0:53:09
19714,1,298.6752014160156,36.63,0,1,0.87,0:56:24
19715,1,10.2352294921875,36.63,0,1,0.87,0:53:18
19716,1,259.998291015625,36.63,1,0,0.87,0:50:36
19717,1,69.55393981933594,36.63,0,1,0.87,0:58:54
19718,1,91.7226791381836,36.63,1,0,0.87,0:57:15
19719,1,79.19601440429688,36.63,0,1,0.87,0:55:42
19720,1,11.085031509399409,36.63,0,1,0.87,1:01:16
19721,1,3.345678806304932,36.63,0,1,0.87,0:53:14
19722,1,344.0768127441406,36.63,1,0,0.87,0:53:29
19723,1,331.5245056152344,36.63,0,1,0.87,0:57:45
19724,1,226.05609130859384,36.63,1,0,0.87,0:50:06
19725,1,13.70660877227783,36.63,0,1,0.87,0:54:57
19726,1,3.297203540802002,36.63,1,0,0.87,0:58:12
19727,1,31.97005462646484,36.63,1,0,0.87,0:55:33
19728,1,31.56220245361328,36.63,0,1,0.87,0:54:35
19729,1,218.6145782470703,36.63,0,1,0.87,0:52:35
19730,1,266.2826538085938,36.63,0,1,0.87,0:54:27
19731,1,3.8890023231506343,36.63,0,1,0.87,0:55:19
19732,1,297.2489318847656,36.63,0,1,0.87,0:54:22
19733,1,193.4534606933594,36.63,0,1,0.87,0:54:09
19734,1,446.512451171875,36.63,0,1,0.87,0:54:50
19735,1,26.16879081726074,36.63,0,1,0.87,0:54:49
19736,1,193.4534606933594,36.63,1,0,0.87,0:54:09
19737,1,15.079251289367681,36.63,1,0,0.87,0:53:25
19738,1,91.56227111816406,36.63,1,0,0.87,0:57:04
19739,1,278.0640869140625,36.63,0,1,0.87,1:03:52
19740,1,10.65797519683838,36.63,0,1,0.87,0:55:47
19741,1,246.6096496582031,36.63,0,1,0.87,0:55:02
19742,1,662.5640869140625,36.63,1,0,0.87,0:55:02
19743,1,62.17602157592773,36.63,0,1,0.87,0:56:00
19744,1,91.7226791381836,36.63,0,1,0.87,0:53:50
19745,1,7.058139324188232,36.63,1,0,0.87,1:00:29
19746,1,233.7287750244141,36.63,0,1,0.87,0:54:52
19747,1,320.0387878417969,36.63,0,1,0.87,0:56:31
19748,1,133.40252685546878,36.63,0,1,0.87,0:56:03
19749,1,181.5143737792969,36.63,0,1,0.87,0:51:58
19750,1,10.44776248931885,36.63,0,1,0.87,0:57:48
19751,1,259.998291015625,36.63,1,0,0.87,0:56:01
19752,1,36.52098846435547,36.63,0,1,0.87,0:56:52
19753,1,64.54953002929689,36.63,1,0,0.87,0:54:21
19754,1,10.44183731079102,36.63,0,1,0.87,0:56:40
19755,1,2694.507080078125,36.63,1,0,0.87,0:44:32
19756,1,10.44776248931885,36.63,1,0,0.87,0:58:52
19757,1,316.2669372558594,36.63,0,1,0.87,0:54:39
19758,1,127.01202392578121,36.63,0,1,0.87,0:54:30
19759,1,10.44776248931885,36.63,0,1,0.87,0:58:53
19760,1,278.1510009765625,36.63,1,0,0.87,0:47:11
19761,1,133.8932037353516,36.63,1,0,0.87,0:55:50
19762,1,39.47004318237305,36.63,0,1,0.87,0:55:52
19763,1,194.3493194580078,36.63,1,0,0.87,0:53:37
19764,1,254.7844543457031,36.63,1,0,0.87,0:56:22
19765,1,238.484375,36.63,0,1,0.87,0:58:28
19766,1,289.3496704101562,36.63,0,1,0.87,0:53:00
19767,1,1325.164916992188,36.63,0,1,0.87,0:54:41
19768,1,5.0,36.63,1,0,0.87,0:54:34
19769,1,13.315147399902338,36.63,1,0,0.87,0:57:54
19770,1,44.54317474365234,36.63,0,1,0.87,0:57:16
19771,1,226.7956085205078,36.63,1,0,0.87,0:54:10
19772,1,10.44183731079102,36.63,0,1,0.87,0:53:55
19773,1,320.0387878417969,36.63,1,0,0.87,1:01:53
19774,1,55.22239303588867,36.63,1,0,0.87,1:00:42
19775,1,6.240824699401856,36.63,1,0,0.87,0:59:22
19776,1,112.8320083618164,36.63,1,0,0.87,0:55:14
19777,1,103.6016159057617,36.63,0,1,0.87,1:16:19
19778,1,429.7002258300781,36.63,1,0,0.87,0:56:07
19779,1,19.07254981994629,36.63,1,0,0.87,0:58:37
19780,1,10.44183731079102,36.63,0,1,0.87,0:54:26
19781,1,321.9679870605469,36.63,0,1,0.87,0:55:31
19782,1,10.44183731079102,36.63,1,0,0.87,0:58:55
19783,1,10.44776248931885,36.63,1,0,0.87,0:56:24
19784,1,72.4607925415039,36.63,1,0,0.87,0:51:39
19785,1,44.67582702636719,36.63,0,1,0.87,0:52:04
19786,1,10.44776248931885,36.63,1,0,0.87,0:57:45
19787,1,1046.732788085938,36.63,0,1,0.87,0:57:06
19788,1,18.31573867797852,36.63,0,1,0.87,0:53:44
19789,1,46.89284896850586,36.63,1,0,0.87,0:57:26
19790,1,86.71595001220703,36.63,0,1,0.87,1:00:01
19791,1,392.9354553222656,36.63,0,1,0.87,1:00:03
19792,1,16.08600044250488,36.63,0,1,0.87,0:54:02
19793,1,4.209059238433838,36.63,0,1,0.87,0:52:08
19794,1,10.96754741668701,36.63,0,1,0.87,0:53:29
19795,1,205.8311920166016,36.63,0,1,0.87,0:54:54
19796,1,195.2724914550781,36.63,0,1,0.87,0:49:38
19797,1,112.3729248046875,36.63,1,0,0.87,0:58:15
19798,1,49.04931259155273,36.63,1,0,0.87,0:56:01
19799,1,220.8075714111328,36.63,1,0,0.87,0:56:38
19800,1,109.1946792602539,36.63,0,1,0.87,1:01:43
19801,1,85.78185272216797,36.63,0,1,0.87,0:47:54
19802,1,158.5797119140625,36.63,0,1,0.87,0:54:21
19803,1,766.8805541992188,36.63,0,1,0.87,0:55:03
19804,1,376.662109375,36.63,1,0,0.87,0:58:48
19805,1,376.4162902832031,36.63,0,1,0.87,0:59:17
19806,1,180.2863311767578,36.63,0,1,0.87,0:53:15
19807,1,328.505859375,36.63,0,1,0.87,0:53:28
19808,1,7.058139324188232,36.63,0,1,0.87,0:55:05
19809,1,198.6672515869141,36.63,0,1,0.87,0:53:58
19810,1,15.55781936645508,36.63,0,1,0.87,1:00:42
19811,1,61.94044494628906,36.63,1,0,0.87,0:51:16
19812,1,242.0789947509766,36.63,0,1,0.87,0:53:05
19813,1,74.22908020019531,36.63,1,0,0.87,0:57:02
19814,1,271.71597290039057,36.63,0,1,0.87,0:52:43
19815,1,107.1270523071289,36.63,0,1,0.87,0:52:43
19816,1,12.898719787597662,36.63,1,0,0.87,0:53:52
19817,1,86.71595001220703,36.63,1,0,0.87,0:57:42
19818,1,38.78234481811523,36.63,0,1,0.87,0:53:40
19819,1,31.97005462646484,36.63,1,0,0.87,0:51:49
19820,1,33.1964111328125,36.63,0,1,0.87,0:54:55
19821,1,10.96754741668701,36.63,0,1,0.87,0:56:55
19822,1,366.0434265136719,36.63,1,0,0.87,0:54:32
19823,1,279.2320556640625,36.63,0,1,0.87,0:54:58
19824,1,249.0633392333984,36.63,0,1,0.87,0:57:25
19825,1,71.8073501586914,36.63,0,1,0.87,0:55:10
19826,1,181.5143737792969,36.63,0,1,0.87,0:55:59
19827,1,2.790159702301025,36.63,0,1,0.87,1:01:58
19828,1,11.7332706451416,36.63,0,1,0.87,0:50:02
19829,1,74.7370834350586,36.63,0,1,0.87,0:57:11
19830,1,177.2920227050781,36.63,0,1,0.87,0:49:52
19831,1,23.51996421813965,36.63,0,1,0.87,0:52:52
19832,1,219.4850006103516,36.63,0,1,0.87,0:55:07
19833,1,1.475898504257202,36.63,0,1,0.87,0:54:15
19834,1,7.309962749481201,36.63,1,0,0.87,0:59:01
19835,1,1371.028198242188,36.63,1,0,0.87,0:56:31
19836,1,56.084815979003906,36.63,0,1,0.87,0:54:13
19837,1,203.33319091796884,36.63,0,1,0.87,0:52:54
19838,1,367.612060546875,36.63,0,1,0.87,0:53:11
19839,1,109.5122451782227,36.63,0,1,0.87,0:54:51
19840,1,3.877283334732056,36.63,0,1,0.87,0:51:41
19841,1,1.7231634855270392,36.63,0,1,0.87,0:54:59
19842,1,262.46804809570307,36.63,0,1,0.87,0:56:11
19843,1,56.084815979003906,36.63,1,0,0.87,0:51:44
19844,1,224.7559356689453,36.63,0,1,0.87,0:55:56
19845,1,32.52695846557617,36.63,1,0,0.87,0:53:54
19846,1,17.3270263671875,36.63,0,1,0.87,0:53:48
19847,1,3.6919877529144287,36.63,0,1,0.87,0:54:07
19848,1,219.4850006103516,36.63,0,1,0.87,0:51:40
19849,1,29.12909507751465,36.63,1,0,0.87,0:54:33
19850,1,54.3106575012207,36.63,0,1,0.87,0:56:02
19851,1,248.97296142578116,36.63,1,0,0.87,0:56:45
19852,1,7.309962749481201,36.63,1,0,0.87,0:58:53
19853,1,7.209084987640381,36.63,0,1,0.87,0:53:34
19854,1,331.5245056152344,36.63,0,1,0.87,0:51:44
19855,1,21.41559982299805,36.63,0,1,0.87,0:54:01
19856,1,6.090157508850098,36.63,0,1,0.87,0:54:15
19857,1,187.039794921875,36.63,1,0,0.87,0:49:54
19858,1,25.44406318664551,36.63,1,0,0.87,0:56:41
19859,1,162.3341369628906,36.63,1,0,0.87,0:50:45
19860,1,16.84739112854004,36.63,1,0,0.87,0:55:38
19861,1,239.6719055175781,36.63,1,0,0.87,0:55:20
19862,1,278.0640869140625,36.63,0,1,0.87,0:58:24
19863,1,181.5143737792969,36.63,0,1,0.87,0:53:18
19864,1,399.9556579589844,36.63,1,0,0.87,0:55:27
19865,1,91.7226791381836,36.63,1,0,0.87,0:55:45
19866,1,16.83182334899902,36.63,0,1,0.87,0:54:43
19867,1,19.78066635131836,36.63,1,0,0.87,0:52:16
19868,1,2.220008850097656,36.63,1,0,0.87,0:52:56
19869,1,9.22296905517578,36.63,0,1,0.87,0:49:28
19870,1,233.36956787109384,36.63,1,0,0.87,0:56:01
19871,1,56.084815979003906,36.63,0,1,0.87,0:49:34
19872,1,321.1102600097656,36.63,0,1,0.87,0:54:24
19873,1,1332.598876953125,36.63,0,1,0.87,0:50:01
19874,1,224.9872589111328,36.63,1,0,0.87,0:56:49
19875,1,3.403828620910645,36.63,0,1,0.87,0:56:32
19876,1,21.91367149353027,36.63,0,1,0.87,0:58:02
19877,1,254.7844543457031,36.63,1,0,0.87,0:55:38
19878,1,67.96146392822266,36.63,0,1,0.87,0:57:19
19879,1,237.6291656494141,36.63,0,1,0.87,0:52:17
19880,1,378.2447204589844,36.63,1,0,0.87,0:57:06
19881,1,219.4850006103516,36.63,0,1,0.87,1:01:55
19882,1,75.1241455078125,36.63,0,1,0.87,0:55:32
19883,1,75.1241455078125,36.63,0,1,0.87,0:55:31
19884,1,59.60044860839844,36.63,0,1,0.87,0:54:33
19885,1,50.79936981201172,36.63,0,1,0.87,0:55:32
19886,1,236.7088165283203,36.63,1,0,0.87,0:51:09
19887,1,236.7088165283203,36.63,0,1,0.87,0:51:09
19888,1,254.4806976318359,36.63,1,0,0.87,0:55:50
19889,1,2.790159702301025,36.63,0,1,0.87,0:55:32
19890,1,16.698308944702152,36.63,0,1,0.87,0:54:29
19891,1,194.29931640625,36.63,0,1,0.87,0:57:16
19892,1,159.2595977783203,36.63,1,0,0.87,0:55:01
19893,1,911.8583984375,36.63,0,1,0.87,0:50:39
19894,1,77.97574615478516,36.63,0,1,0.87,1:01:36
19895,1,224.8154296875,36.63,1,0,0.87,0:56:51
19896,1,173.2424621582031,36.63,1,0,0.87,0:58:00
19897,1,176.88330078125,36.63,1,0,0.87,0:47:49
19898,1,41.184669494628906,36.63,0,1,0.87,0:58:22
19899,1,236.900634765625,36.63,0,1,0.87,1:01:18
19900,1,56.084815979003906,36.63,1,0,0.87,0:43:40
19901,1,75.89776611328125,36.63,1,0,0.87,0:55:18
19902,1,167.9832916259766,36.63,0,1,0.87,0:49:49
19903,1,222.7997283935547,36.63,0,1,0.87,0:51:27
19904,1,368.2947082519531,36.63,0,1,0.87,0:55:24
19905,1,569.853271484375,36.63,0,1,0.87,0:50:36
19906,1,54.49384689331055,36.63,0,1,0.87,0:56:17
19907,1,217.3558807373047,36.63,1,0,0.87,0:54:36
19908,1,23.19246101379395,36.63,0,1,0.87,0:53:58
19909,1,53.33503723144531,36.63,0,1,0.87,0:53:38
19910,1,188.2260437011719,36.63,0,1,0.87,0:58:27
19911,1,291.1369323730469,36.63,1,0,0.87,1:00:01
19912,1,181.5143737792969,36.63,0,1,0.87,0:58:52
19913,1,3.297203540802002,36.63,0,1,0.87,0:53:55
19914,1,1172.949462890625,36.63,0,1,0.87,0:50:22
19915,1,120.9079360961914,36.63,0,1,0.87,0:56:03
19916,1,263.49282836914057,36.63,0,1,0.87,0:51:33
19917,1,181.5143737792969,36.63,1,0,0.87,0:51:53
19918,1,46.89765167236328,36.63,0,1,0.87,0:55:53
19919,1,287.3504638671875,36.63,0,1,0.87,0:57:47
19920,1,47.6925277709961,36.63,0,1,0.87,0:56:32
19921,1,91.7226791381836,36.63,1,0,0.87,0:51:31
19922,1,287.3504638671875,36.63,1,0,0.87,0:57:47
19923,1,61.52347183227539,36.63,1,0,0.87,0:50:26
19924,1,27.96543884277344,36.63,1,0,0.87,0:54:49
19925,1,16.83619689941406,36.63,1,0,0.87,0:56:01
19926,1,8.949239730834961,36.63,1,0,0.87,0:54:58
19927,1,3.920108318328857,36.63,1,0,0.87,0:55:50
19928,1,0.6114726066589355,36.63,0,1,0.87,0:51:55
19929,1,229.8807525634766,36.63,1,0,0.87,0:51:24
19930,1,12.25817584991455,36.63,1,0,0.87,0:52:22
19931,1,197.583984375,36.63,1,0,0.87,0:57:16
19932,1,10.054220199584961,36.63,0,1,0.87,0:56:27
19933,1,118.26126098632808,36.63,0,1,0.87,0:54:05
19934,1,7.662844181060791,36.63,0,1,0.87,0:51:42
19935,1,72.58812713623047,36.63,0,1,0.87,0:50:32
19936,1,10.44776248931885,36.63,0,1,0.87,0:55:13
19937,1,107.95447540283199,36.63,1,0,0.87,0:54:55
19938,1,63.69070434570312,36.63,1,0,0.87,0:55:47
19939,1,10.02777576446533,36.63,0,1,0.87,0:59:53
19940,1,145.4309997558594,36.63,1,0,0.87,0:56:11
19941,1,24.91012382507324,36.63,1,0,0.87,0:51:53
19942,1,273.54550170898443,36.63,1,0,0.87,0:55:14
19943,1,140.58866882324222,36.63,1,0,0.87,0:59:31
19944,1,131.4553527832031,36.63,1,0,0.87,0:52:41
19945,1,5.72465705871582,36.63,0,1,0.87,0:55:46
19946,1,5.72465705871582,36.63,1,0,0.87,0:55:46
19947,1,414.6296081542969,36.63,1,0,0.87,0:53:17
19948,1,189.2230987548828,36.63,0,1,0.87,0:53:10
19949,1,44.07643127441406,36.63,0,1,0.87,0:59:46
19950,1,378.2447204589844,36.63,0,1,0.87,0:57:22
19951,1,19.23562431335449,36.63,1,0,0.87,1:04:45
19952,1,31.97005462646484,36.63,0,1,0.87,0:58:25
19953,1,24.55533409118652,36.63,0,1,0.87,0:55:47
19954,1,50.26950454711914,36.63,1,0,0.87,0:54:31
19955,1,27.23297309875488,36.63,1,0,0.87,0:56:11
19956,1,41.98091506958008,36.63,1,0,0.87,1:00:50
19957,1,283.3009643554688,36.63,1,0,0.87,0:55:36
19958,1,20.15006828308105,36.63,0,1,0.87,0:56:27
19959,1,102.071533203125,36.63,0,1,0.87,0:54:29
19960,1,35.99068832397461,36.63,0,1,0.87,0:53:57
19961,1,259.998291015625,36.63,0,1,0.87,0:59:01
19962,1,52.04446411132812,36.63,1,0,0.87,0:52:20
19963,1,538.4794311523439,36.63,0,1,0.87,0:57:03
19964,1,25.30437278747559,36.63,0,1,0.87,0:53:26
19965,1,9.794013023376463,36.63,1,0,0.87,0:58:17
19966,1,247.1052551269531,36.63,0,1,0.87,0:54:28
19967,1,115.2531356811523,36.63,0,1,0.87,0:52:19
19968,1,53.36152648925781,36.63,0,1,0.87,0:53:23
19969,1,222.7997283935547,36.63,1,0,0.87,0:55:26
19970,1,151.6166839599609,36.63,0,1,0.87,0:54:15
19971,1,181.5143737792969,36.63,0,1,0.87,0:54:14
19972,1,213.9208221435547,36.63,1,0,0.87,1:00:21
19973,1,36.92335891723633,36.63,0,1,0.87,0:54:04
19974,1,85.82516479492188,36.63,0,1,0.87,0:54:59
19975,1,197.583984375,36.63,1,0,0.87,0:53:39
19976,1,216.6239013671875,36.63,1,0,0.87,0:54:02
19977,1,611.3375244140625,36.63,1,0,0.87,0:51:24
19978,1,57.21894454956055,36.63,0,1,0.87,0:58:52
19979,1,52.420860290527344,36.63,0,1,0.87,0:58:45
19980,1,288.9022216796875,36.63,0,1,0.87,0:55:19
19981,1,16.53913307189941,36.63,0,1,0.87,0:55:17
19982,1,188.2588348388672,36.63,0,1,0.87,0:53:37
19983,1,56.084815979003906,36.63,1,0,0.87,0:53:31
19984,1,7.058139324188232,36.63,0,1,0.87,0:52:15
19985,1,219.4850006103516,36.63,0,1,0.87,0:59:50
19986,1,10.44776248931885,36.63,0,1,0.87,1:01:57
19987,1,237.6291656494141,36.63,1,0,0.87,0:57:08
19988,1,284.201416015625,36.63,0,1,0.87,1:00:54
19989,1,185.2336273193359,36.63,1,0,0.87,0:58:30
19990,1,1541.9351806640618,36.63,0,1,0.87,0:51:34
19991,1,15.224977493286133,36.63,1,0,0.87,0:51:49
19992,1,39.64147567749023,36.63,0,1,0.87,0:59:14
19993,1,200.7367095947266,36.63,0,1,0.87,0:55:01
19994,1,233.2363739013672,36.63,0,1,0.87,0:52:15
19995,1,135.6158752441406,36.63,1,0,0.87,0:56:26
19996,1,37.9741325378418,36.63,1,0,0.87,0:49:14
19997,1,248.6919403076172,36.63,1,0,0.87,0:50:29
19998,1,263.1090087890625,36.63,0,1,0.87,0:55:15
19999,1,192.4326477050781,36.63,1,0,0.87,0:50:25
20000,1,481.8064270019531,36.63,1,0,0.87,0:55:49
20001,1,15.490285873413091,36.63,0,1,0.87,0:52:55
20002,1,8.354454040527344,36.63,1,0,0.87,0:54:36
20003,1,342.0,36.63,1,0,0.87,0:55:40
20004,1,31.97005462646484,36.63,1,0,0.87,0:59:11
20005,1,1046.732788085938,36.63,1,0,0.87,0:56:45
20006,1,34.05218887329102,36.63,0,1,0.87,1:01:59
20007,1,140.9563293457031,36.63,0,1,0.87,0:56:38
20008,1,31.17976570129395,36.63,0,1,0.87,0:55:43
20009,1,215.9745635986328,36.63,1,0,0.87,0:46:23
20010,1,14.566981315612788,36.63,1,0,0.87,0:56:05
20011,1,822.3980712890625,36.63,0,1,0.87,0:57:23
20012,1,1039.71142578125,36.63,1,0,0.87,0:44:56
20013,1,3.880396127700806,36.63,0,1,0.87,0:53:35
20014,1,0.0,36.63,1,0,0.87,0:51:46
20015,1,92.71110534667969,36.63,0,1,0.87,0:56:24
20016,1,142.3699798583984,36.63,0,1,0.87,0:56:35
20017,1,5.707690715789795,36.63,0,1,0.87,0:57:02
20018,1,187.9427490234375,36.63,0,1,0.87,0:53:14
20019,1,237.44512939453116,36.63,0,1,0.87,0:55:09
20020,1,15.030237197875982,36.63,0,1,0.87,0:54:31
20021,1,279.2320556640625,36.63,0,1,0.87,0:55:56
20022,1,4.934354782104492,36.63,0,1,0.87,0:56:23
20023,1,23.23711585998535,36.63,1,0,0.87,0:52:32
20024,1,71.8073501586914,36.63,0,1,0.87,0:57:15
20025,1,91.85733795166016,36.63,0,1,0.87,0:55:34
20026,1,263.6666870117188,36.63,0,1,0.87,0:52:03
20027,1,1631.5557861328118,36.63,1,0,0.87,0:51:17
20028,1,107.4973297119141,36.63,1,0,0.87,0:45:25
20029,1,10.44776248931885,36.63,1,0,0.87,0:57:59
20030,1,1596.6729736328118,36.63,1,0,0.87,0:52:01
20031,1,10.44776248931885,36.63,1,0,0.87,0:58:41
20032,1,227.8447418212891,36.63,1,0,0.87,0:54:25
20033,1,22.78080749511719,36.63,1,0,0.87,0:53:43
20034,1,224.3040618896484,36.63,0,1,0.87,0:55:53
20035,1,181.5143737792969,36.63,0,1,0.87,0:54:30
20036,1,208.2879638671875,36.63,0,1,0.87,0:53:51
20037,1,439.065185546875,36.63,1,0,0.87,0:56:38
20038,1,439.065185546875,36.63,1,0,0.87,0:56:39
20039,1,39.21760559082031,36.63,1,0,0.87,0:58:01
20040,1,122.18008422851558,36.63,1,0,0.87,0:54:51
20041,1,32.118362426757805,36.63,0,1,0.87,1:01:19
20042,1,12.54732036590576,36.63,1,0,0.87,1:00:53
20043,1,126.1217880249023,36.63,0,1,0.87,0:54:44
20044,1,10.44776248931885,36.63,0,1,0.87,0:51:13
20045,1,224.6950531005859,36.63,0,1,0.87,0:54:20
20046,1,319.6967468261719,36.63,1,0,0.87,0:57:46
20047,1,21.91367149353027,36.63,1,0,0.87,0:55:44
20048,1,51.25374603271485,36.63,0,1,0.87,0:57:53
20049,1,137.6094055175781,36.63,0,1,0.87,0:56:05
20050,1,105.6290054321289,36.63,0,1,0.87,0:54:57
20051,1,254.3052825927734,36.63,1,0,0.87,0:53:21
20052,1,142.3699798583984,36.63,0,1,0.87,0:58:20
20053,1,221.179931640625,36.63,0,1,0.87,0:56:50
20054,1,657.2290649414062,36.63,0,1,0.87,0:58:59
20055,1,337.4805297851562,36.63,1,0,0.87,0:56:43
20056,1,10.44776248931885,36.63,1,0,0.87,0:55:11
20057,1,666.8341674804688,36.63,0,1,0.87,0:54:12
20058,1,10.44776248931885,36.63,0,1,0.87,0:55:12
20059,1,2930.111572265625,36.63,1,0,0.87,0:54:51
20060,1,6.0,36.63,0,1,0.87,0:56:40
20061,1,278.0640869140625,36.63,1,0,0.87,0:59:27
20062,1,2670.009765625,36.63,0,1,0.87,0:57:16
20063,1,213.1086730957031,36.63,0,1,0.87,0:55:43
20064,1,399.9556579589844,36.63,0,1,0.87,0:53:44
20065,1,1361.07470703125,36.63,0,1,0.87,0:57:39
20066,1,233.2363739013672,36.63,0,1,0.87,0:54:20
20067,1,16.84739112854004,36.63,0,1,0.87,0:59:29
20068,1,71.8073501586914,36.63,1,0,0.87,0:52:08
20069,1,292.5043029785156,36.63,0,1,0.87,1:00:34
20070,1,39.47004318237305,36.63,0,1,0.87,0:58:49
20071,1,167.9437103271484,36.63,0,1,0.87,0:55:33
20072,1,303.8334655761719,36.63,0,1,0.87,0:52:38
20073,1,181.0876922607422,36.63,0,1,0.87,1:00:36
20074,1,2.379158020019531,36.63,0,1,0.87,0:56:23
20075,1,1.979974031448364,36.63,0,1,0.87,0:56:59
20076,1,91.75029754638672,36.63,0,1,0.87,0:55:02
20077,1,100.90512084960942,36.63,0,1,0.87,0:54:59
20078,1,89.8837890625,36.63,1,0,0.87,0:57:33
20079,1,41.98091506958008,36.63,1,0,0.87,0:51:08
20080,1,15.55781936645508,36.63,0,1,0.87,0:54:24
20081,1,222.6811370849609,36.63,0,1,0.87,0:55:16
20082,1,4.193099021911621,36.63,1,0,0.87,0:56:46
20083,1,4.8699212074279785,36.63,0,1,0.87,0:54:29
20084,1,13.17540740966797,36.63,0,1,0.87,0:46:09
20085,1,-0.3166392743587494,36.63,0,1,0.87,0:54:14
20086,1,0.7471695542335509,36.63,0,1,0.87,0:53:25
20087,1,181.5143737792969,36.63,0,1,0.87,0:56:09
20088,1,117.2898101806641,36.63,0,1,0.87,0:56:12
20089,1,142.3699798583984,36.63,0,1,0.87,0:51:54
20090,1,259.998291015625,36.63,1,0,0.87,0:56:58
20091,1,41.98091506958008,36.63,1,0,0.87,0:51:08
20092,1,424.5280151367188,36.63,1,0,0.87,0:49:15
20093,1,55.22239303588867,36.63,1,0,0.87,0:49:22
20094,1,2136.445068359375,36.63,0,1,0.87,0:58:07
20095,1,93.76361846923828,36.63,0,1,0.87,0:53:23
20096,1,34.564208984375,36.63,1,0,0.87,0:58:54
20097,1,224.5060272216797,36.63,1,0,0.87,0:53:35
20098,1,242.7269287109375,36.63,1,0,0.87,0:53:17
20099,1,126.1217880249023,36.63,0,1,0.87,0:57:27
20100,1,105.6290054321289,36.63,1,0,0.87,0:58:09
20101,1,55.22239303588867,36.63,1,0,0.87,0:55:33
20102,1,7.965522289276122,36.63,1,0,0.87,0:56:02
20103,1,724.8308715820312,36.63,0,1,0.87,0:54:34
20104,1,270.97509765625,36.63,0,1,0.87,0:58:10
20105,1,52.71562576293945,36.63,0,1,0.87,0:56:20
20106,1,199.5542297363281,36.63,0,1,0.87,0:54:03
20107,1,4.641374111175537,36.63,0,1,0.87,0:53:28
20108,1,196.8123321533203,36.63,0,1,0.87,0:56:24
20109,1,516.6248779296875,36.63,1,0,0.87,0:55:59
20110,1,92.71110534667969,36.63,1,0,0.87,0:53:26
20111,1,148.6009979248047,36.63,0,1,0.87,0:59:40
20112,1,38.91242218017578,36.63,1,0,0.87,0:58:22
20113,1,7.058139324188232,36.63,0,1,0.87,0:55:35
20114,1,103.4696578979492,36.63,0,1,0.87,0:51:24
20115,1,7.756523132324219,36.63,1,0,0.87,0:55:30
20116,1,268.927001953125,36.63,0,1,0.87,0:56:39
20117,1,236.900634765625,36.63,0,1,0.87,0:58:18
20118,1,149.1394653320312,36.63,0,1,0.87,0:57:17
20119,1,5.704558849334718,36.63,1,0,0.87,0:54:53
20120,1,95.78414916992188,36.63,1,0,0.87,0:57:47
20121,1,1333.847900390625,36.63,1,0,0.87,0:54:31
20122,1,6.240824699401856,36.63,0,1,0.87,0:58:44
20123,1,16.00102424621582,36.63,0,1,0.87,0:54:57
20124,1,250.1379699707031,36.63,1,0,0.87,0:54:08
20125,1,152.9394073486328,36.63,0,1,0.87,0:54:31
20126,1,47.58063888549805,36.63,0,1,0.87,0:55:30
20127,1,50.26950454711914,36.63,0,1,0.87,0:57:56
20128,1,8.129226684570312,36.63,0,1,0.87,0:57:12
20129,1,9.30487823486328,36.63,0,1,0.87,0:57:57
20130,1,407.7540283203125,36.63,0,1,0.87,0:55:19
20131,1,9.335716247558594,36.63,1,0,0.87,1:00:43
20132,1,47.37548446655273,36.63,1,0,0.87,0:45:54
20133,1,18.26416397094727,36.63,1,0,0.87,1:00:32
20134,1,10.44776248931885,36.63,1,0,0.87,0:52:13
20135,1,140.9563293457031,36.63,0,1,0.87,0:49:43
20136,1,1413.3297119140618,36.63,0,1,0.87,0:52:42
20137,1,31.97005462646484,36.63,0,1,0.87,0:59:39
20138,1,131.4553527832031,36.63,0,1,0.87,0:54:15
20139,1,77.44851684570312,36.63,1,0,0.87,0:52:45
20140,1,324.2500610351562,36.63,0,1,0.87,0:56:06
20141,1,7.058139324188232,36.63,1,0,0.87,0:56:20
20142,1,52.62423706054688,36.63,1,0,0.87,1:00:07
20143,1,229.8807525634766,36.63,0,1,0.87,0:56:00
20144,1,140.6603088378906,36.63,0,1,0.87,0:50:02
20145,1,320.0387878417969,36.63,0,1,0.87,0:50:40
20146,1,219.4850006103516,36.63,0,1,0.87,0:53:43
20147,1,318.9974670410156,36.63,1,0,0.87,0:47:44
20148,1,57.31621932983398,36.63,1,0,0.87,0:55:26
20149,1,120.98013305664058,36.63,0,1,0.87,0:52:52
20150,1,69.10917663574219,36.63,0,1,0.87,0:52:10
20151,1,110.1200180053711,36.63,0,1,0.87,0:54:25
20152,1,614.4942016601562,36.63,1,0,0.87,0:51:44
20153,1,276.05001831054693,36.63,1,0,0.87,0:50:58
20154,1,10.44776248931885,36.63,0,1,0.87,0:54:19
20155,1,6.090157508850098,36.63,0,1,0.87,0:54:57
20156,1,284.1804504394531,36.63,0,1,0.87,0:54:59
20157,1,137.57452392578122,36.63,0,1,0.87,0:51:14
20158,1,2229.72216796875,36.63,0,1,0.87,0:52:47
20159,1,94.4167022705078,36.63,1,0,0.87,0:53:38
20160,1,41.80335235595703,36.63,0,1,0.87,0:53:06
20161,1,3.877283334732056,36.63,0,1,0.87,0:54:58
20162,1,12.88004207611084,36.63,1,0,0.87,0:56:50
20163,1,5.032363891601562,36.63,0,1,0.87,0:56:27
20164,1,5.020810604095459,36.63,1,0,0.87,0:55:44
20165,1,5.032363891601562,36.63,1,0,0.87,0:56:27
20166,1,29.08253288269043,36.63,1,0,0.87,1:00:09
20167,1,163.5979309082031,36.63,0,1,0.87,0:55:39
20168,1,13.81503200531006,36.63,0,1,0.87,0:57:42
20169,1,301.8386535644531,36.63,1,0,0.87,0:54:25
20170,1,71.8073501586914,36.63,1,0,0.87,0:55:38
20171,1,18.26416397094727,36.63,0,1,0.87,0:53:32
20172,1,149.5086364746094,36.63,0,1,0.87,0:50:11
20173,1,39.47004318237305,36.63,0,1,0.87,0:59:35
20174,1,100.36962127685551,36.63,1,0,0.87,0:55:06
20175,1,253.5734710693359,36.63,0,1,0.87,0:53:05
20176,1,126.1217880249023,36.63,0,1,0.87,0:55:18
20177,1,233.2363739013672,36.63,0,1,0.87,0:56:20
20178,1,318.9283142089844,36.63,0,1,0.87,0:56:21
20179,1,9.03772258758545,36.63,1,0,0.87,1:00:21
20180,1,91.7226791381836,36.63,0,1,0.87,0:56:03
20181,1,196.8123321533203,36.63,0,1,0.87,0:59:24
20182,1,2.790159702301025,36.63,1,0,0.87,0:58:11
20183,1,50.82839584350586,36.63,1,0,0.87,0:59:22
20184,1,159.9830627441406,36.63,0,1,0.87,0:55:32
20185,1,82.84881591796875,36.63,1,0,0.87,0:55:20
20186,1,108.0,36.63,0,1,0.87,0:56:47
20187,1,10.44776248931885,36.63,0,1,0.87,1:00:07
20188,1,13.55171585083008,36.63,1,0,0.87,0:57:24
20189,1,4.2764949798583975,36.63,0,1,0.87,0:54:13
20190,1,31.97005462646484,36.63,1,0,0.87,1:01:15
20191,1,330.508056640625,36.63,0,1,0.87,0:56:26
20192,1,31.97005462646484,36.63,1,0,0.87,1:01:15
20193,1,116.2873992919922,36.63,0,1,0.87,1:01:48
20194,1,143.3762512207031,36.63,1,0,0.87,0:51:57
20195,1,2694.507080078125,36.63,0,1,0.87,0:56:03
20196,1,421.7087707519531,36.63,1,0,0.87,0:53:51
20197,1,77.97574615478516,36.63,0,1,0.87,0:54:28
20198,1,409.1070861816406,36.63,0,1,0.87,0:55:30
20199,1,10.44776248931885,36.63,0,1,0.87,1:00:30
20200,1,259.998291015625,36.63,0,1,0.87,1:00:30
20201,1,666.8341674804688,36.63,0,1,0.87,0:57:28
20202,1,44.72346496582031,36.63,1,0,0.87,0:59:02
20203,1,319.6967468261719,36.63,0,1,0.87,0:52:59
20204,1,1605.6175537109382,36.63,1,0,0.87,0:44:25
20205,1,48.1821517944336,36.63,0,1,0.87,0:55:47
20206,1,2.7369754314422607,36.63,0,1,0.87,0:55:54
20207,1,181.342529296875,36.63,1,0,0.87,0:56:54
20208,1,1.824868202209473,36.63,0,1,0.87,0:54:12
20209,1,83.9320068359375,36.63,0,1,0.87,0:55:39
20210,1,7.058139324188232,36.63,0,1,0.87,1:03:29
20211,1,152.3335723876953,36.63,0,1,0.87,0:50:57
20212,1,187.0788269042969,36.63,0,1,0.87,0:59:13
20213,1,1976.76318359375,36.63,1,0,0.87,0:44:34
20214,1,10.44776248931885,36.63,0,1,0.87,1:00:23
20215,1,10.44776248931885,36.63,0,1,0.87,0:57:24
20216,1,384.0559692382812,36.63,0,1,0.87,0:56:52
20217,1,320.0387878417969,36.63,0,1,0.87,0:54:02
20218,1,50.82839584350586,36.63,0,1,0.87,0:56:43
20219,1,92.49187469482422,36.63,0,1,0.87,0:56:43
20220,1,204.2112731933594,36.63,1,0,0.87,0:52:44
20221,1,254.4806976318359,36.63,1,0,0.87,0:58:31
20222,1,206.4197082519531,36.63,0,1,0.87,0:50:42
20223,1,157.5393676757812,36.63,0,1,0.87,0:55:38
20224,1,231.64434814453116,36.63,0,1,0.87,0:57:42
20225,1,2681.665771484375,36.63,0,1,0.87,0:56:42
20226,1,231.64434814453116,36.63,0,1,0.87,0:57:43
20227,1,36.52098846435547,36.63,1,0,0.87,0:57:34
20228,1,221.14324951171884,36.63,1,0,0.87,0:54:47
20229,1,149.1394653320312,36.63,0,1,0.87,0:53:13
20230,1,36.16746139526367,36.63,0,1,0.87,0:54:22
20231,1,35.48947143554688,36.63,0,1,0.87,0:52:47
20232,1,10.44776248931885,36.63,1,0,0.87,0:55:26
20233,1,214.3064422607422,36.63,0,1,0.87,0:58:34
20234,1,15.242650032043462,36.63,1,0,0.87,1:00:02
20235,1,85.97801971435547,36.63,1,0,0.87,0:55:00
20236,1,213.9208221435547,36.63,0,1,0.87,0:54:47
20237,1,58.93083190917969,36.63,0,1,0.87,0:57:21
20238,1,98.81468963623048,36.63,0,1,0.87,0:57:48
20239,1,27.96543884277344,36.63,1,0,0.87,0:57:45
20240,1,295.5433654785156,36.63,1,0,0.87,0:59:42
20241,1,3.2000000476837163,36.63,1,0,0.87,0:51:45
20242,1,213.9208221435547,36.63,0,1,0.87,0:56:06
20243,1,28.003864288330078,36.63,1,0,0.87,0:57:12
20244,1,13.973583221435552,36.63,0,1,0.87,0:56:44
20245,1,222.6948394775391,36.63,1,0,0.87,0:55:43
20246,2,6.262023448944093,36.63,1,0,0.87,0:55:27
20247,1,55.22239303588867,36.63,0,1,0.87,0:56:30
20248,1,393.3303833007812,36.63,0,1,0.87,0:55:41
20249,1,13.81503200531006,36.63,0,1,0.87,0:56:50
20250,1,37.879066467285156,36.63,0,1,0.87,0:51:15
20251,1,55.27118682861328,36.63,0,1,0.87,0:53:50
20252,1,218.9133148193359,36.63,0,1,0.87,0:54:58
20253,1,2229.72216796875,36.63,0,1,0.87,0:52:46
20254,1,51.37853240966797,36.63,1,0,0.87,0:55:05
20255,1,180.7409820556641,36.63,0,1,0.87,0:55:38
20256,1,18.05331420898438,36.63,0,1,0.87,1:00:49
20257,1,219.4850006103516,36.63,1,0,0.87,0:55:40
20258,1,154.4349670410156,36.63,0,1,0.87,0:53:30
20259,1,67.35175323486328,36.63,0,1,0.87,0:55:00
20260,1,1300.675048828125,36.63,1,0,0.87,0:55:49
20261,1,331.5245056152344,36.63,1,0,0.87,0:54:52
20262,1,15.55781936645508,36.63,1,0,0.87,0:59:26
20263,1,413.7853393554688,36.63,0,1,0.87,0:54:48
20264,1,38.32305526733398,36.63,1,0,0.87,0:57:32
20265,1,290.0662231445312,36.63,0,1,0.87,0:58:28
20266,1,188.2588348388672,36.63,0,1,0.87,0:58:28
20267,1,45.1558952331543,36.63,1,0,0.87,0:50:47
20268,1,18.80724906921387,36.63,0,1,0.87,0:53:04
20269,1,108.5567169189453,36.63,0,1,0.87,0:55:21
20270,1,52.04446411132812,36.63,1,0,0.87,0:59:50
20271,1,11.085031509399409,36.63,0,1,0.87,0:59:44
20272,1,368.4687805175781,36.63,0,1,0.87,0:55:57
20273,1,16.84739112854004,36.63,0,1,0.87,1:01:08
20274,1,36.38817596435547,36.63,0,1,0.87,0:53:20
20275,1,58.02111434936523,36.63,1,0,0.87,0:54:56
20276,1,47.99459457397461,36.63,0,1,0.87,0:55:19
20277,1,10.0096321105957,36.63,0,1,0.87,0:54:06
20278,1,353.0921325683594,36.63,0,1,0.87,0:54:57
20279,1,569.87158203125,36.63,0,1,0.87,0:55:29
20280,1,1046.732788085938,36.63,0,1,0.87,0:55:02
20281,1,1046.732788085938,36.63,0,1,0.87,0:55:02
20282,1,24.54988861083984,36.63,0,1,0.87,0:55:11
20283,1,14.566981315612788,36.63,0,1,0.87,0:49:07
20284,1,29.61646842956543,36.63,1,0,0.87,0:55:21
20285,1,35.90165328979492,36.63,0,1,0.87,0:55:49
20286,1,20.85201263427734,36.63,0,1,0.87,0:55:25
20287,1,484.7640075683594,36.63,0,1,0.87,1:01:09
20288,1,324.3221740722656,36.63,0,1,0.87,0:53:34
20289,1,11.085031509399409,36.63,1,0,0.87,0:58:14
20290,1,226.47772216796884,36.63,1,0,0.87,0:55:34
20291,1,24.25078392028809,36.63,0,1,0.87,0:52:02
20292,1,190.1930236816406,36.63,0,1,0.87,0:54:42
20293,1,11.65360832214355,36.63,0,1,0.87,0:54:59
20294,1,91.7226791381836,36.63,0,1,0.87,0:54:11
20295,1,3.920108318328857,36.63,1,0,0.87,0:57:30
20296,1,11.05302143096924,36.63,0,1,0.87,0:55:40
20297,1,48.00541305541992,36.63,1,0,0.87,0:57:13
20298,1,181.5143737792969,36.63,0,1,0.87,0:56:03
20299,1,260.0,36.63,0,1,0.87,0:56:01
20300,1,309.2425231933594,36.63,1,0,0.87,0:58:33
20301,1,137.57452392578122,36.63,1,0,0.87,0:59:09
20302,1,195.8337860107422,36.63,0,1,0.87,0:50:58
20303,1,1509.999267578125,36.63,1,0,0.87,0:56:41
20304,1,255.7363433837891,36.63,0,1,0.87,0:54:03
20305,1,158.0374450683594,36.63,1,0,0.87,0:39:43
20306,1,1631.184326171875,36.63,0,1,0.87,0:52:24
20307,1,614.4942016601562,36.63,0,1,0.87,0:55:33
20308,1,26.53032493591309,36.63,0,1,0.87,0:56:23
20309,1,17.9954719543457,36.63,1,0,0.87,0:58:44
20310,1,1883.18408203125,36.63,1,0,0.87,0:53:45
20311,1,19.07254981994629,36.63,1,0,0.87,0:58:19
20312,1,14.566981315612788,36.63,0,1,0.87,0:55:00
20313,1,116.2873992919922,36.63,0,1,0.87,0:57:05
20314,1,1976.76318359375,36.63,0,1,0.87,0:55:07
20315,1,2.66128396987915,36.63,1,0,0.87,0:55:31
20316,1,86.84709167480469,36.63,1,0,0.87,0:54:42
20317,1,10.44183731079102,36.63,0,1,0.87,0:54:52
20318,1,19.23562431335449,36.63,1,0,0.87,1:00:21
20319,1,31.15179443359375,36.63,0,1,0.87,1:02:17
20320,1,204.43212890625,36.63,0,1,0.87,0:50:19
20321,1,331.5245056152344,36.63,0,1,0.87,0:57:50
20322,1,2229.72216796875,36.63,1,0,0.87,0:56:51
20323,1,159.2595977783203,36.63,1,0,0.87,0:51:21
20324,2,181.5143737792969,36.63,0,1,0.87,0:51:47
20325,1,81.6724853515625,36.63,0,1,0.87,1:00:52
20326,1,171.3365936279297,36.63,0,1,0.87,0:57:48
20327,1,203.1190338134766,36.63,0,1,0.87,0:59:05
20328,1,178.2583465576172,36.63,0,1,0.87,0:55:51
20329,1,65.48488616943361,36.63,1,0,0.87,0:56:08
20330,1,10.44183731079102,36.63,0,1,0.87,0:52:27
20331,1,228.0850677490234,36.63,1,0,0.87,0:47:29
20332,1,10.44183731079102,36.63,1,0,0.87,0:49:57
20333,1,31.97005462646484,36.63,0,1,0.87,1:01:08
20334,1,6.240824699401856,36.63,1,0,0.87,0:52:36
20335,1,37.85586547851562,36.63,0,1,0.87,1:00:30
20336,1,10.96754741668701,36.63,0,1,0.87,0:55:31
20337,1,6.090157508850098,36.63,0,1,0.87,0:53:05
20338,1,4.631145000457764,36.63,1,0,0.87,0:55:34
20339,1,266.2826538085938,36.63,1,0,0.87,0:56:05
20340,1,4.352334499359132,36.63,0,1,0.87,0:56:52
20341,1,606.4376831054688,36.63,1,0,0.87,0:48:51
20342,1,121.3621368408203,36.63,0,1,0.87,0:56:00
20343,1,31.71623420715332,36.63,1,0,0.87,0:53:06
20344,1,241.1495513916016,36.63,1,0,0.87,0:56:41
20345,1,62.27024841308594,36.63,0,1,0.87,0:52:40
20346,1,321.1102600097656,36.63,0,1,0.87,0:54:21
20347,1,332.8359069824219,36.63,1,0,0.87,0:53:31
20348,1,77.97574615478516,36.63,0,1,0.87,0:55:20
20349,1,51.10973358154297,36.63,1,0,0.87,0:54:52
20350,1,10.71148586273193,36.63,1,0,0.87,0:58:08
20351,1,126.1217880249023,36.63,0,1,0.87,0:57:47
20352,1,424.544677734375,36.63,0,1,0.87,0:56:32
20353,1,416.7091369628906,36.63,1,0,0.87,0:56:16
20354,1,63.69070434570312,36.63,1,0,0.87,0:53:47
20355,1,273.8328857421875,36.63,0,1,0.87,0:56:32
20356,1,91.7226791381836,36.63,1,0,0.87,0:53:16
20357,1,1386.9697265625,36.63,0,1,0.87,0:51:08
20358,1,4.8699212074279785,36.63,1,0,0.87,0:59:53
20359,1,48.10107803344727,36.63,0,1,0.87,1:03:51
20360,1,16.84739112854004,36.63,0,1,0.87,0:56:10
20361,1,238.2223663330078,36.63,0,1,0.87,0:51:41
20362,1,21.67779350280762,36.63,0,1,0.87,0:57:30
20363,1,21.67779350280762,36.63,0,1,0.87,0:57:30
20364,1,157.0987854003906,36.63,0,1,0.87,0:53:39
20365,1,12.69220733642578,36.63,1,0,0.87,0:56:04
20366,1,56.084815979003906,36.63,0,1,0.87,0:55:11
20367,1,9.200467109680176,36.63,0,1,0.87,0:56:48
20368,1,297.5103759765625,36.63,0,1,0.87,0:55:04
20369,1,30.4487247467041,36.63,0,1,0.87,1:01:33
20370,1,231.98858642578116,36.63,1,0,0.87,0:55:40
20371,1,399.9556579589844,36.63,1,0,0.87,0:55:51
20372,1,56.440467834472656,36.63,1,0,0.87,0:53:32
20373,1,10.48473072052002,36.63,1,0,0.87,0:53:25
20374,1,3.920108318328857,36.63,0,1,0.87,0:55:05
20375,1,332.8417053222656,36.63,0,1,0.87,0:56:34
20376,1,7.309962749481201,36.63,1,0,0.87,1:03:25
20377,1,14.359289169311518,36.63,0,1,0.87,0:56:51
20378,1,259.998291015625,36.63,0,1,0.87,0:57:45
20379,1,288.7517395019531,36.63,1,0,0.87,0:54:43
20380,1,282.704345703125,36.63,0,1,0.87,0:54:12
20381,1,3.1729369163513184,36.63,0,1,0.87,0:48:27
20382,1,178.5715484619141,36.63,0,1,0.87,0:51:40
20383,1,11.05302143096924,36.63,0,1,0.87,0:58:14
20384,1,767.4879150390625,36.63,1,0,0.87,0:49:32
20385,1,120.8983688354492,36.63,0,1,0.87,0:57:28
20386,1,41.98091506958008,36.63,1,0,0.87,0:52:09
20387,1,84.90104675292969,36.63,1,0,0.87,0:56:54
20388,1,108.0,36.63,0,1,0.87,0:58:10
20389,1,10.44776248931885,36.63,0,1,0.87,1:00:14
20390,1,108.0,36.63,0,1,0.87,0:58:11
20391,1,259.998291015625,36.63,1,0,0.87,0:55:32
20392,1,71.8073501586914,36.63,1,0,0.87,0:48:12
20393,1,1.979974031448364,36.63,0,1,0.87,0:52:28
20394,1,55.65824508666992,36.63,0,1,0.87,0:56:52
20395,1,256.91897583007807,36.63,0,1,0.87,0:55:59
20396,1,421.3871459960938,36.63,0,1,0.87,1:02:38
20397,1,29.61646842956543,36.63,1,0,0.87,0:58:56
20398,1,254.7844543457031,36.63,0,1,0.87,0:56:59
20399,1,16.00442504882812,36.63,1,0,0.87,0:52:24
20400,1,31.71040916442871,36.63,0,1,0.87,0:54:02
20401,1,189.8126220703125,36.63,0,1,0.87,0:54:49
20402,1,6.240824699401856,36.63,1,0,0.87,1:02:19
20403,1,10.44776248931885,36.63,1,0,0.87,0:58:21
20404,1,91.7226791381836,36.63,0,1,0.87,0:52:20
20405,1,200.7367095947266,36.63,0,1,0.87,0:56:48
20406,1,22.4450855255127,36.63,0,1,0.87,1:01:34
20407,1,14.566981315612788,36.63,1,0,0.87,1:01:34
20408,1,216.5602569580078,36.63,1,0,0.87,0:46:29
20409,1,39.47004318237305,36.63,0,1,0.87,0:53:02
20410,1,181.5143737792969,36.63,0,1,0.87,0:58:35
20411,1,17.20283889770508,36.63,0,1,0.87,0:56:16
20412,1,11.44741916656494,36.63,0,1,0.87,0:56:16
20413,1,10.44776248931885,36.63,1,0,0.87,0:59:31
20414,1,71.8073501586914,36.63,0,1,0.87,0:54:36
20415,1,4.792830467224121,36.63,0,1,0.87,0:57:21
20416,1,84.13916778564453,36.63,0,1,0.87,0:52:10
20417,1,134.9916687011719,36.63,0,1,0.87,0:54:28
20418,1,228.6362762451172,36.63,1,0,0.87,0:43:41
20419,1,241.2194671630859,36.63,1,0,0.87,0:58:47
20420,1,199.2205810546875,36.63,0,1,0.87,0:51:27
20421,1,134.9916687011719,36.63,0,1,0.87,1:00:13
20422,1,218.9133148193359,36.63,1,0,0.87,0:59:57
20423,1,16.83182334899902,36.63,0,1,0.87,0:59:32
20424,1,8.919455528259277,36.63,1,0,0.87,0:53:15
20425,1,291.1369323730469,36.63,0,1,0.87,0:57:38
20426,1,16.84739112854004,36.63,0,1,0.87,0:57:54
20427,1,7.603908061981201,36.63,0,1,0.87,0:53:59
20428,1,55.96565246582031,36.63,1,0,0.87,0:55:47
20429,1,50.50469589233398,36.63,0,1,0.87,0:55:44
20430,1,13.657986640930181,36.63,0,1,0.87,0:52:33
20431,1,119.9461288452148,36.63,1,0,0.87,0:55:41
20432,1,1452.274169921875,36.63,0,1,0.87,0:52:34
20433,1,12.210763931274409,36.63,1,0,0.87,0:56:42
20434,1,151.7768249511719,36.63,0,1,0.87,0:53:56
20435,1,1311.276123046875,36.63,0,1,0.87,0:54:46
20436,1,7.005546569824219,36.63,1,0,0.87,1:00:33
20437,1,58.07442092895508,36.63,0,1,0.87,0:57:52
20438,1,337.4805297851562,36.63,0,1,0.87,0:54:23
20439,1,46.89765167236328,36.63,0,1,0.87,0:54:26
20440,1,105.6290054321289,36.63,0,1,0.87,0:54:39
20441,1,6.240824699401856,36.63,0,1,0.87,0:59:01
20442,1,78.86104583740234,36.63,0,1,0.87,0:57:36
20443,1,51.85509490966797,36.63,1,0,0.87,0:57:05
20444,1,259.998291015625,36.63,1,0,0.87,0:58:24
20445,1,1.1569663286209109,36.63,0,1,0.87,0:54:43
20446,1,182.04888916015616,36.63,0,1,0.87,0:48:38
20447,1,1.1569663286209109,36.63,1,0,0.87,0:54:43
20448,1,4.8699212074279785,36.63,0,1,0.87,0:54:44
20449,1,51.877418518066406,36.63,0,1,0.87,0:59:31
20450,1,264.5145874023438,36.63,0,1,0.87,0:56:29
20451,1,315.6446228027344,36.63,0,1,0.87,0:57:07
20452,1,282.0519104003906,36.63,0,1,0.87,0:56:12
20453,1,253.1178741455078,36.63,0,1,0.87,0:55:31
20454,1,8.212539672851562,36.63,1,0,0.87,1:01:14
20455,1,291.90966796875,36.63,0,1,0.87,0:55:17
20456,1,24.55533409118652,36.63,1,0,0.87,0:50:04
20457,1,140.9563293457031,36.63,0,1,0.87,0:54:08
20458,1,1371.919311523438,36.63,0,1,0.87,0:55:14
20459,1,220.4040222167969,36.63,0,1,0.87,0:56:29
20460,1,92.49187469482422,36.63,1,0,0.87,0:51:04
20461,1,392.9354553222656,36.63,0,1,0.87,0:56:47
20462,1,288.7517395019531,36.63,0,1,0.87,0:57:05
20463,1,23.51996421813965,36.63,1,0,0.87,0:56:17
20464,1,10.44776248931885,36.63,1,0,0.87,0:56:56
20465,1,41.98091506958008,36.63,1,0,0.87,1:01:26
20466,1,28.2086124420166,36.63,1,0,0.87,1:00:24
20467,1,1.152796030044556,36.63,1,0,0.87,0:55:22
20468,1,4.579788208007812,36.63,1,0,0.87,0:50:58
20469,1,50.82839584350586,36.63,1,0,0.87,1:00:04
20470,2,116.6226959228516,36.63,0,1,0.87,0:55:03
20471,1,1243.033569335938,36.63,1,0,0.87,0:51:42
20472,1,31.01458549499512,36.63,1,0,0.87,0:57:33
20473,1,109.0570831298828,36.63,1,0,0.87,0:58:44
20474,1,186.5994720458984,36.63,0,1,0.87,0:56:22
20475,1,220.5344543457031,36.63,0,1,0.87,0:58:05
20476,1,51.94340515136719,36.63,0,1,0.87,0:55:17
20477,1,49.35443496704102,36.63,0,1,0.87,0:57:50
20478,1,20.61880683898926,36.63,1,0,0.87,0:57:06
20479,1,57.9035758972168,36.63,0,1,0.87,1:01:17
20480,1,49.35443496704102,36.63,1,0,0.87,0:57:50
20481,1,116.2873992919922,36.63,0,1,0.87,1:00:08
20482,1,10.44776248931885,36.63,0,1,0.87,0:58:16
20483,1,79.8224105834961,36.63,1,0,0.87,1:02:18
20484,1,226.9715118408203,36.63,0,1,0.87,0:58:25
20485,1,14.359289169311518,36.63,0,1,0.87,0:54:15
20486,1,15.55781936645508,36.63,0,1,0.87,0:55:44
20487,1,16.83182334899902,36.63,1,0,0.87,1:00:22
20488,1,197.583984375,36.63,0,1,0.87,0:53:54
20489,1,27.23297309875488,36.63,1,0,0.87,0:55:34
20490,1,39.47004318237305,36.63,1,0,0.87,0:56:01
20491,1,245.7559356689453,36.63,0,1,0.87,0:56:52
20492,1,183.0,36.63,0,1,0.87,0:53:56
20493,1,259.998291015625,36.63,1,0,0.87,0:50:45
20494,1,31.97005462646484,36.63,0,1,0.87,0:59:29
20495,1,184.9769134521484,36.63,0,1,0.87,0:55:51
20496,1,276.22885131835943,36.63,1,0,0.87,0:50:23
20497,1,1596.6729736328118,36.63,1,0,0.87,0:53:13
20498,1,1596.6729736328118,36.63,0,1,0.87,0:53:14
20499,1,301.4329528808594,36.63,0,1,0.87,0:58:54
20500,1,220.8459320068359,36.63,0,1,0.87,0:58:53
20501,1,431.0684814453125,36.63,0,1,0.87,0:45:34
20502,1,30.4440746307373,36.63,0,1,0.87,0:55:54
20503,1,21.0,36.63,0,1,0.87,0:56:39
20504,1,10.44776248931885,36.63,1,0,0.87,1:00:18
20505,1,1046.732788085938,36.63,1,0,0.87,0:59:40
20506,1,15.224977493286133,36.63,0,1,0.87,0:56:20
20507,1,1134.373168945312,36.63,1,0,0.87,0:58:48
20508,1,30.59146118164062,36.63,0,1,0.87,0:58:35
20509,1,331.5245056152344,36.63,1,0,0.87,0:48:19
20510,1,275.064453125,36.63,0,1,0.87,0:54:06
20511,1,137.57452392578122,36.63,0,1,0.87,0:56:53
20512,1,22.19160652160645,36.63,0,1,0.87,0:54:16
20513,1,50.82839584350586,36.63,0,1,0.87,0:57:31
20514,1,37.53836441040039,36.63,0,1,0.87,0:57:02
20515,1,13.81503200531006,36.63,1,0,0.87,0:51:55
20516,1,15.656771659851069,36.63,1,0,0.87,0:56:26
20517,1,1.92099666595459,36.63,1,0,0.87,0:56:39
20518,1,1.824868202209473,36.63,0,1,0.87,0:55:13
20519,1,266.2826538085938,36.63,0,1,0.87,0:53:14
20520,1,176.01483154296884,36.63,0,1,0.87,0:53:06
20521,1,311.047607421875,36.63,1,0,0.87,0:52:06
20522,1,77.97574615478516,36.63,0,1,0.87,0:56:20
20523,1,39.21760559082031,36.63,0,1,0.87,0:58:36
20524,1,32.22758102416992,36.63,0,1,0.87,0:58:28
20525,1,1300.004516601562,36.63,0,1,0.87,0:54:41
20526,1,245.134033203125,36.63,0,1,0.87,0:56:04
20527,1,16.84739112854004,36.63,0,1,0.87,0:57:28
20528,1,2.371200561523438,36.63,1,0,0.87,0:56:55
20529,1,16.83182334899902,36.63,0,1,0.87,0:55:07
20530,1,236.900634765625,36.63,1,0,0.87,0:54:57
20531,1,219.1529235839844,36.63,0,1,0.87,0:54:33
20532,1,52.87474060058594,36.63,0,1,0.87,0:58:56
20533,1,49.35443496704102,36.63,0,1,0.87,0:58:56
20534,1,1082.839965820312,36.63,0,1,0.87,0:58:18
20535,1,32.20459365844727,36.63,0,1,0.87,0:56:52
20536,1,297.542724609375,36.63,0,1,0.87,0:55:30
20537,1,841.2716064453125,36.63,0,1,0.87,0:46:51
20538,1,20.15006828308105,36.63,1,0,0.87,0:56:56
20539,1,16.84739112854004,36.63,0,1,0.87,0:55:53
20540,1,199.0219879150391,36.63,0,1,0.87,0:54:40
20541,1,219.4850006103516,36.63,0,1,0.87,0:58:07
20542,1,8.129757881164549,36.63,0,1,0.87,0:54:58
20543,1,259.998291015625,36.63,0,1,0.87,0:51:52
20544,1,321.1102600097656,36.63,1,0,0.87,0:41:54
20545,1,245.9515075683594,36.63,0,1,0.87,0:56:21
20546,1,255.2550354003906,36.63,0,1,0.87,0:57:58
20547,1,283.4776611328125,36.63,0,1,0.87,0:59:29
20548,1,221.0597686767578,36.63,0,1,0.87,0:55:57
20549,1,11.17367649078369,36.63,1,0,0.87,0:58:43
20550,1,269.0430908203125,36.63,1,0,0.87,0:56:17
20551,1,269.0430908203125,36.63,0,1,0.87,0:56:18
20552,1,90.76966857910156,36.63,1,0,0.87,0:58:54
20553,1,103.4479141235352,36.63,1,0,0.87,0:53:15
20554,1,177.1673583984375,36.63,1,0,0.87,0:55:17
20555,1,14.32654094696045,36.63,0,1,0.87,0:56:06
20556,1,695.0,36.63,1,0,0.87,0:51:10
20557,1,41.98091506958008,36.63,1,0,0.87,0:51:01
20558,1,79.46357727050781,36.63,1,0,0.87,0:58:29
20559,1,237.3075103759766,36.63,0,1,0.87,0:56:59
20560,1,424.5280151367188,36.63,0,1,0.87,0:56:47
20561,1,7.965522289276122,36.63,0,1,0.87,0:51:54
20562,1,236.22540283203116,36.63,0,1,0.87,0:53:23
20563,1,52.51739120483398,36.63,1,0,0.87,0:51:26
20564,1,614.4942016601562,36.63,1,0,0.87,0:57:38
20565,1,237.3075103759766,36.63,1,0,0.87,0:57:01
20566,1,67.15016174316406,36.63,0,1,0.87,0:46:12
20567,1,104.1357421875,36.63,0,1,0.87,0:51:49
20568,1,250.4043426513672,36.63,0,1,0.87,0:55:26
20569,1,231.64434814453116,36.63,0,1,0.87,0:57:43
20570,1,32.27655410766602,36.63,0,1,0.87,0:53:01
20571,1,16.83182334899902,36.63,0,1,0.87,0:57:05
20572,1,15.920199394226069,36.63,0,1,0.87,0:52:53
20573,1,277.0410766601562,36.63,0,1,0.87,0:58:17
20574,1,2229.72216796875,36.63,1,0,0.87,1:04:56
20575,1,10.44776248931885,36.63,0,1,0.87,0:59:03
20576,1,71.8073501586914,36.63,0,1,0.87,0:56:25
20577,1,6.090157508850098,36.63,1,0,0.87,0:54:16
20578,1,302.9169311523438,36.63,0,1,0.87,0:57:46
20579,1,259.998291015625,36.63,1,0,0.87,0:57:02
20580,1,13.027480125427251,36.63,0,1,0.87,0:55:06
20581,1,281.7467041015625,36.63,1,0,0.87,0:58:04
20582,1,10.44776248931885,36.63,0,1,0.87,1:01:12
20583,1,50.00265121459961,36.63,0,1,0.87,0:56:30
20584,1,13.027480125427251,36.63,0,1,0.87,0:55:43
20585,1,275.064453125,36.63,0,1,0.87,0:50:43
20586,1,10.44183731079102,36.63,0,1,0.87,0:58:40
20587,1,26.88188362121582,36.63,1,0,0.87,0:55:17
20588,1,4.631145000457764,36.63,0,1,0.87,0:53:22
20589,1,1354.186645507812,36.63,0,1,0.87,0:46:12
20590,1,235.0,36.63,1,0,0.87,0:54:58
20591,1,10.44776248931885,36.63,1,0,0.87,1:00:15
20592,1,19.69963645935059,36.63,0,1,0.87,0:58:16
20593,1,484.7640075683594,36.63,0,1,0.87,0:57:57
20594,1,479.3703002929688,36.63,0,1,0.87,0:57:44
20595,1,332.7853698730469,36.63,0,1,0.87,0:56:45
20596,1,381.7892150878906,36.63,0,1,0.87,0:49:26
20597,1,6.240824699401856,36.63,1,0,0.87,0:54:11
20598,1,15.224977493286133,36.63,0,1,0.87,0:55:15
20599,1,275.51992797851557,36.63,1,0,0.87,0:50:39
20600,1,5.421722888946533,36.63,0,1,0.87,1:00:01
20601,1,5.421722888946533,36.63,1,0,0.87,1:00:01
20602,1,81.51506042480469,36.63,1,0,0.87,0:56:38
20603,1,100.3342132568359,36.63,0,1,0.87,0:55:04
20604,1,31.71040916442871,36.63,0,1,0.87,1:01:14
20605,1,263.1090087890625,36.63,1,0,0.87,0:55:45
20606,1,121.23541259765621,36.63,1,0,0.87,0:56:21
20607,1,248.38470458984384,36.63,0,1,0.87,0:57:18
20608,1,77.97574615478516,36.63,0,1,0.87,0:55:41
20609,1,50.82839584350586,36.63,1,0,0.87,0:57:14
20610,1,3.065959692001343,36.63,0,1,0.87,0:54:17
20611,1,4.607863426208496,36.63,1,0,0.87,0:57:39
20612,1,110.83322143554692,36.63,1,0,0.87,0:54:32
20613,1,282.704345703125,36.63,0,1,0.87,0:54:00
20614,1,317.6456298828125,36.63,1,0,0.87,0:53:23
20615,1,505.1585388183594,36.63,0,1,0.87,0:57:08
20616,1,275.03494262695307,36.63,0,1,0.87,0:58:43
20617,1,16.84739112854004,36.63,1,0,0.87,0:58:21
20618,1,172.369873046875,36.63,0,1,0.87,0:57:08
20619,1,233.2363739013672,36.63,0,1,0.87,1:01:20
20620,1,11.05302143096924,36.63,0,1,0.87,0:51:36
20621,1,67.31046295166016,36.63,0,1,0.87,0:51:38
20622,1,326.9779968261719,36.63,1,0,0.87,0:47:23
20623,1,60.54598999023438,36.63,0,1,0.87,0:56:23
20624,1,7.309962749481201,36.63,1,0,0.87,0:59:22
20625,1,31.01458549499512,36.63,0,1,0.87,1:00:47
20626,1,184.9769134521484,36.63,1,0,0.87,0:57:08
20627,1,640.61181640625,36.63,0,1,0.87,0:53:27
20628,1,100.7476806640625,36.63,1,0,0.87,0:57:36
20629,1,10.44776248931885,36.63,1,0,0.87,1:01:26
20630,1,232.8982238769531,36.63,0,1,0.87,0:55:59
20631,1,2136.445068359375,36.63,0,1,0.87,0:52:57
20632,1,4.143080711364746,36.63,0,1,0.87,0:59:54
20633,1,11.085031509399409,36.63,1,0,0.87,0:54:47
20634,1,336.294921875,36.63,1,0,0.87,0:53:30
20635,1,238.484375,36.63,1,0,0.87,0:56:49
20636,1,7.058139324188232,36.63,0,1,0.87,0:54:06
20637,1,51.10973358154297,36.63,1,0,0.87,0:56:22
20638,1,188.2588348388672,36.63,1,0,0.87,0:50:29
20639,1,7.309962749481201,36.63,0,1,0.87,1:03:13
20640,1,20.29923248291016,36.63,1,0,0.87,0:55:22
20641,1,77.97574615478516,36.63,0,1,0.87,0:47:33
20642,1,425.3714904785156,36.63,1,0,0.87,1:01:14
20643,1,3.4519014358520512,36.63,0,1,0.87,0:57:16
20644,1,213.9208221435547,36.63,0,1,0.87,0:57:08
20645,1,29.1304931640625,36.63,0,1,0.87,0:56:22
20646,1,209.4566192626953,36.63,1,0,0.87,0:46:07
20647,1,369.6962890625,36.63,1,0,0.87,0:53:05
20648,1,152.9394073486328,36.63,0,1,0.87,0:54:55
20649,1,67.32421875,36.63,0,1,0.87,0:59:07
20650,1,485.0,36.63,0,1,0.87,0:56:38
20651,1,159.2595977783203,36.63,1,0,0.87,0:56:17
20652,1,26.88188362121582,36.63,1,0,0.87,0:57:17
20653,1,29.1304931640625,36.63,1,0,0.87,0:54:19
20654,1,124.17684936523442,36.63,1,0,0.87,0:48:45
20655,1,380.8604125976562,36.63,0,1,0.87,0:53:55
20656,1,1394.4505615234382,36.63,0,1,0.87,0:53:58
20657,1,1394.4505615234382,36.63,0,1,0.87,0:53:58
20658,1,10.44776248931885,36.63,0,1,0.87,1:01:00
20659,1,109.5065460205078,36.63,1,0,0.87,0:52:25
20660,1,10.44183731079102,36.63,0,1,0.87,0:56:22
20661,1,10.44776248931885,36.63,1,0,0.87,0:56:41
20662,1,140.9563293457031,36.63,1,0,0.87,0:38:25
20663,1,218.5335693359375,36.63,0,1,0.87,0:55:04
20664,1,259.998291015625,36.63,0,1,0.87,0:55:07
20665,1,218.5335693359375,36.63,0,1,0.87,0:55:05
20666,1,74.7370834350586,36.63,1,0,0.87,0:55:19
20667,1,421.3871459960938,36.63,1,0,0.87,0:56:44
20668,1,59.91531372070312,36.63,1,0,0.87,0:56:46
20669,1,454.9059143066406,36.63,0,1,0.87,0:52:53
20670,1,31.97005462646484,36.63,0,1,0.87,0:57:53
20671,1,421.3871459960938,36.63,0,1,0.87,0:57:53
20672,1,1333.847900390625,36.63,0,1,0.87,0:54:52
20673,1,47.58063888549805,36.63,0,1,0.87,0:56:23
20674,1,308.2814331054688,36.63,0,1,0.87,0:56:16
20675,1,271.24130249023443,36.63,0,1,0.87,0:51:18
20676,1,120.2036514282227,36.63,0,1,0.87,0:58:12
20677,1,22.11793327331543,36.63,1,0,0.87,0:51:13
20678,1,215.9745635986328,36.63,0,1,0.87,0:57:10
20679,1,39.47004318237305,36.63,0,1,0.87,0:55:56
20680,1,259.998291015625,36.63,0,1,0.87,1:00:16
20681,1,39.47004318237305,36.63,0,1,0.87,1:00:04
20682,1,254.7844543457031,36.63,0,1,0.87,0:49:07
20683,1,282.0,36.63,0,1,0.87,0:58:20
20684,1,18.05331420898438,36.63,1,0,0.87,0:55:01
20685,1,320.0387878417969,36.63,0,1,0.87,0:54:14
20686,1,49.19923400878906,36.63,0,1,0.87,0:54:49
20687,1,484.7640075683594,36.63,1,0,0.87,0:56:10
20688,1,24.55533409118652,36.63,0,1,0.87,0:58:34
20689,1,259.998291015625,36.63,0,1,0.87,0:54:31
20690,1,128.1840515136719,36.63,0,1,0.87,0:54:10
20691,1,190.1930236816406,36.63,0,1,0.87,0:55:25
20692,1,240.75494384765616,36.63,0,1,0.87,0:53:22
20693,1,259.998291015625,36.63,1,0,0.87,0:56:34
20694,1,2.103271007537842,36.63,1,0,0.87,0:58:04
20695,1,3.920108318328857,36.63,0,1,0.87,0:54:17
20696,1,181.5143737792969,36.63,1,0,0.87,0:54:41
20697,1,169.5493469238281,36.63,0,1,0.87,0:55:17
20698,1,6.240824699401856,36.63,1,0,0.87,0:59:52
20699,1,37.14537048339844,36.63,0,1,0.87,0:57:28
20700,1,239.9998931884766,36.63,0,1,0.87,0:55:32
20701,1,38.78234481811523,36.63,0,1,0.87,0:57:31
20702,1,4.8699212074279785,36.63,1,0,0.87,0:54:48
20703,1,27.62835693359375,36.63,1,0,0.87,0:58:49
20704,1,10.44776248931885,36.63,0,1,0.87,0:59:01
20705,1,43.40748977661133,36.63,1,0,0.87,0:52:55
20706,1,105.6290054321289,36.63,1,0,0.87,0:51:48
20707,1,10.58681583404541,36.63,1,0,0.87,0:53:16
20708,1,6.224824905395508,36.63,0,1,0.87,0:54:19
20709,1,22.25241279602051,36.63,0,1,0.87,0:57:08
20710,1,120.98013305664058,36.63,0,1,0.87,0:53:17
20711,1,209.2055511474609,36.63,0,1,0.87,0:54:32
20712,1,225.3675384521484,36.63,0,1,0.87,0:52:01
20713,1,399.1127624511719,36.63,0,1,0.87,0:58:31
20714,1,4.143080711364746,36.63,0,1,0.87,0:58:03
20715,1,38.034629821777344,36.63,0,1,0.87,0:58:15
20716,1,142.3699798583984,36.63,0,1,0.87,0:59:53
20717,1,13.315147399902338,36.63,1,0,0.87,0:58:27
20718,1,35.65705490112305,36.63,0,1,0.87,0:57:33
20719,1,407.7540283203125,36.63,0,1,0.87,0:59:44
20720,1,19.65970230102539,36.63,0,1,0.87,0:56:04
20721,1,259.998291015625,36.63,1,0,0.87,0:49:04
20722,1,116.2873992919922,36.63,1,0,0.87,0:56:32
20723,1,50.82839584350586,36.63,0,1,0.87,1:00:50
20724,1,767.1050415039062,36.63,0,1,0.87,0:57:17
20725,1,29.61646842956543,36.63,0,1,0.87,0:55:34
20726,1,767.1050415039062,36.63,0,1,0.87,0:57:17
20727,1,9.185050010681152,36.63,0,1,0.87,0:50:45
20728,1,175.0323028564453,36.63,1,0,0.87,1:04:11
20729,1,220.7496185302734,36.63,1,0,0.87,0:43:27
20730,1,62.24077606201172,36.63,1,0,0.87,0:52:43
20731,1,88.08312225341797,36.63,1,0,0.87,0:58:42
20732,1,109.5065460205078,36.63,0,1,0.87,0:55:18
20733,1,51.6639404296875,36.63,1,0,0.87,0:58:33
20734,1,14.523913383483892,36.63,1,0,0.87,0:53:12
20735,1,31.17976570129395,36.63,1,0,0.87,0:50:21
20736,1,259.7741088867188,36.63,0,1,0.87,0:57:35
20737,1,761.8228759765625,36.63,0,1,0.87,0:53:53
20738,1,12.58986759185791,36.63,1,0,0.87,1:01:26
20739,1,31.97005462646484,36.63,0,1,0.87,1:02:53
20740,1,5.22021484375,36.63,0,1,0.87,0:54:12
20741,1,10.44776248931885,36.63,0,1,0.87,0:53:47
20742,1,159.2595977783203,36.63,0,1,0.87,0:54:05
20743,1,109.5502395629883,36.63,1,0,0.87,0:54:39
20744,1,91.7226791381836,36.63,1,0,0.87,0:53:58
20745,1,14.038015365600591,36.63,1,0,0.87,0:56:06
20746,1,18.04083061218262,36.63,0,1,0.87,0:57:27
20747,1,264.034912109375,36.63,1,0,0.87,0:55:56
20748,1,10.76257038116455,36.63,1,0,0.87,0:58:45
20749,1,274.317626953125,36.63,0,1,0.87,0:56:10
20750,1,24.5399284362793,36.63,1,0,0.87,0:51:02
20751,1,225.5588531494141,36.63,0,1,0.87,0:54:33
20752,1,369.3993530273438,36.63,0,1,0.87,0:53:52
20753,1,1386.9697265625,36.63,0,1,0.87,0:52:55
20754,1,196.8123321533203,36.63,1,0,0.87,0:57:00
20755,1,25.88694953918457,36.63,0,1,0.87,0:59:37
20756,1,48.91930770874023,36.63,0,1,0.87,0:55:36
20757,1,324.2500610351562,36.63,0,1,0.87,0:55:57
20758,1,250.0769958496094,36.63,0,1,0.87,0:55:30
20759,1,222.2521514892578,36.63,0,1,0.87,0:51:56
20760,1,48.10107803344727,36.63,1,0,0.87,1:01:52
20761,1,28.00276184082031,36.63,1,0,0.87,0:50:00
20762,1,20.61880683898926,36.63,0,1,0.87,0:58:43
20763,1,91.85733795166016,36.63,0,1,0.87,0:58:32
20764,1,35.65705490112305,36.63,1,0,0.87,0:58:38
20765,1,180.2863311767578,36.63,0,1,0.87,0:58:43
20766,1,16.84739112854004,36.63,0,1,0.87,0:55:06
20767,1,182.8298187255859,36.63,0,1,0.87,0:55:57
20768,1,67.15016174316406,36.63,0,1,0.87,0:51:41
20769,1,35.48947143554688,36.63,0,1,0.87,0:56:54
20770,1,14.070459365844732,36.63,0,1,0.87,0:56:57
20771,1,157.0671691894531,36.63,1,0,0.87,0:56:36
20772,1,376.4162902832031,36.63,0,1,0.87,0:59:08
20773,1,85.97801971435547,36.63,0,1,0.87,0:56:15
20774,1,71.8073501586914,36.63,0,1,0.87,0:56:15
20775,1,148.2424926757812,36.63,1,0,0.87,0:54:08
20776,1,377.5501098632812,36.63,0,1,0.87,0:48:38
20777,1,15.224977493286133,36.63,1,0,0.87,0:53:43
20778,1,14.566981315612788,36.63,0,1,0.87,0:52:17
20779,1,221.7977752685547,36.63,0,1,0.87,0:59:46
20780,1,11.085031509399409,36.63,0,1,0.87,0:59:49
20781,1,484.7640075683594,36.63,0,1,0.87,0:59:37
20782,1,103.0499267578125,36.63,0,1,0.87,0:58:09
20783,1,3.880396127700806,36.63,0,1,0.87,0:53:23
20784,1,286.3919067382812,36.63,0,1,0.87,0:53:02
20785,1,16.00102424621582,36.63,0,1,0.87,0:47:22
20786,1,211.32427978515616,36.63,0,1,0.87,0:54:39
20787,1,43.333152770996094,36.63,1,0,0.87,0:55:53
20788,1,155.1304626464844,36.63,0,1,0.87,0:53:08
20789,1,259.998291015625,36.63,1,0,0.87,1:00:22
20790,1,17.80105018615723,36.63,0,1,0.87,0:57:06
20791,1,194.29931640625,36.63,0,1,0.87,0:55:39
20792,1,200.3652648925781,36.63,0,1,0.87,0:57:17
20793,1,1.098694801330566,36.63,1,0,0.87,0:42:54
20794,1,109.1946792602539,36.63,0,1,0.87,0:52:44
20795,1,39.47004318237305,36.63,1,0,0.87,0:58:49
20796,1,35.38968276977539,36.63,0,1,0.87,0:55:10
20797,1,34.564208984375,36.63,0,1,0.87,0:57:42
20798,1,324.3221740722656,36.63,0,1,0.87,0:57:18
20799,1,71.8073501586914,36.63,1,0,0.87,0:54:37
20800,1,187.1773376464844,36.63,1,0,0.87,0:53:21
20801,1,301.3503723144531,36.63,0,1,0.87,0:53:22
20802,1,7.662844181060791,36.63,0,1,0.87,0:57:10
20803,1,8.194785118103027,36.63,0,1,0.87,0:54:15
20804,1,4.792830467224121,36.63,0,1,0.87,0:54:33
20805,1,356.783935546875,36.63,0,1,0.87,0:56:41
20806,1,16.82146263122559,36.63,0,1,0.87,0:55:31
20807,1,180.2863311767578,36.63,1,0,0.87,0:56:29
20808,1,331.5245056152344,36.63,0,1,0.87,0:58:12
20809,1,149.1394653320312,36.63,1,0,0.87,0:52:30
20810,1,18.05331420898438,36.63,1,0,0.87,1:02:11
20811,1,233.2363739013672,36.63,0,1,0.87,0:57:20
20812,1,16.84739112854004,36.63,1,0,0.87,0:49:51
20813,1,7.058139324188232,36.63,0,1,0.87,1:01:56
20814,1,198.6544494628906,36.63,1,0,0.87,0:54:07
20815,1,3.6919877529144287,36.63,0,1,0.87,0:56:00
20816,1,298.1222534179688,36.63,1,0,0.87,0:55:01
20817,1,9.362552642822266,36.63,0,1,0.87,0:57:22
20818,1,330.9388732910156,36.63,0,1,0.87,0:53:09
20819,1,10.44776248931885,36.63,0,1,0.87,0:56:25
20820,1,14.79373359680176,36.63,0,1,0.87,0:54:26
20821,1,192.15087890625,36.63,0,1,0.87,0:57:44
20822,1,31.97005462646484,36.63,0,1,0.87,1:01:12
20823,1,67.15016174316406,36.63,0,1,0.87,0:55:37
20824,1,67.15016174316406,36.63,0,1,0.87,0:56:38
20825,1,126.1217880249023,36.63,0,1,0.87,0:57:27
20826,1,146.0377807617188,36.63,1,0,0.87,0:57:00
20827,1,5.969511985778809,36.63,0,1,0.87,0:52:20
20828,1,6.240824699401856,36.63,0,1,0.87,0:59:55
20829,1,6.489360332489014,36.63,0,1,0.87,0:52:54
20830,1,1707.1612548828118,36.63,0,1,0.87,0:55:54
20831,1,312.5457458496094,36.63,0,1,0.87,0:59:53
20832,1,356.783935546875,36.63,0,1,0.87,0:59:56
20833,1,6.672879219055176,36.63,0,1,0.87,0:56:00
20834,1,1596.6729736328118,36.63,0,1,0.87,1:00:56
20835,1,109.1946792602539,36.63,1,0,0.87,0:59:16
20836,1,278.0033569335938,36.63,0,1,0.87,0:56:58
20837,1,196.8123321533203,36.63,1,0,0.87,0:54:23
20838,1,218.9133148193359,36.63,0,1,0.87,0:55:55
20839,1,10.44776248931885,36.63,0,1,0.87,0:59:55
20840,1,925.0196533203124,36.63,1,0,0.87,0:52:54
20841,1,1298.494262695312,36.63,0,1,0.87,0:51:28
20842,1,10.44776248931885,36.63,1,0,0.87,0:59:38
20843,1,72.50276184082031,36.63,1,0,0.87,0:58:48
20844,1,37.34151840209961,36.63,1,0,0.87,0:57:19
20845,1,79.46357727050781,36.63,0,1,0.87,0:54:45
20846,1,673.9041748046875,36.63,1,0,0.87,0:55:46
20847,1,19.07254981994629,36.63,1,0,0.87,1:03:56
20848,1,11.34140872955322,36.63,0,1,0.87,0:56:44
20849,1,47.94073104858398,36.63,1,0,0.87,0:57:37
20850,1,794.662353515625,36.63,1,0,0.87,0:54:09
20851,1,2554.609619140625,36.63,1,0,0.87,0:52:54
20852,1,7.058139324188232,36.63,1,0,0.87,0:54:41
20853,1,126.1217880249023,36.63,0,1,0.87,0:58:27
20854,1,407.4801940917969,36.63,1,0,0.87,0:55:35
20855,1,415.0,36.63,0,1,0.87,0:56:01
20856,1,222.6811370849609,36.63,0,1,0.87,0:52:05
20857,1,50.26950454711914,36.63,1,0,0.87,0:56:39
20858,1,37.5223388671875,36.63,0,1,0.87,0:53:47
20859,1,107.1270523071289,36.63,1,0,0.87,0:49:53
20860,1,10.44776248931885,36.63,0,1,0.87,0:57:38
20861,1,207.3327484130859,36.63,1,0,0.87,0:50:33
20862,1,15.55781936645508,36.63,1,0,0.87,0:55:45
20863,1,456.3708801269531,36.63,0,1,0.87,0:57:18
20864,1,431.0298461914062,36.63,1,0,0.87,0:55:46
20865,1,181.5143737792969,36.63,0,1,0.87,0:54:42
20866,1,186.3385925292969,36.63,1,0,0.87,0:53:39
20867,1,81.51506042480469,36.63,1,0,0.87,0:53:28
20868,1,170.2723541259766,36.63,0,1,0.87,0:54:57
20869,1,39.21760559082031,36.63,1,0,0.87,1:00:37
20870,1,42.10452270507812,36.63,0,1,0.87,0:55:25
20871,1,272.28091430664057,36.63,1,0,0.87,0:53:09
20872,1,369.6962890625,36.63,0,1,0.87,1:00:40
20873,1,1976.76318359375,36.63,0,1,0.87,0:54:20
20874,1,272.28091430664057,36.63,0,1,0.87,0:54:38
20875,1,222.6948394775391,36.63,0,1,0.87,1:02:11
20876,1,10.44776248931885,36.63,0,1,0.87,1:02:11
20877,1,222.5330810546875,36.63,0,1,0.87,0:57:22
20878,1,43.46110153198242,36.63,0,1,0.87,0:59:33
20879,1,3.920108318328857,36.63,1,0,0.87,0:55:55
20880,1,149.5086364746094,36.63,0,1,0.87,0:56:27
20881,1,12.1080150604248,36.63,0,1,0.87,0:57:47
20882,1,3.920108318328857,36.63,0,1,0.87,0:55:21
20883,1,3.920108318328857,36.63,0,1,0.87,0:55:22
20884,3,21.08057022094727,36.63,1,0,0.87,0:58:31
20885,1,486.5151062011719,36.63,0,1,0.87,0:54:57
20886,1,20.68802642822266,36.63,0,1,0.87,0:57:43
20887,1,290.0987548828125,36.63,0,1,0.87,0:56:35
20888,1,569.853271484375,36.63,0,1,0.87,0:56:00
20889,2,90.76966857910156,36.63,1,0,0.87,1:02:15
20890,1,569.853271484375,36.63,1,0,0.87,0:56:01
20891,1,63.67988586425781,36.63,0,1,0.87,0:57:12
20892,1,55.22239303588867,36.63,1,0,0.87,0:52:34
20893,1,10.44183731079102,36.63,0,1,0.87,0:57:51
20894,1,1741.5775146484382,36.63,0,1,0.87,0:56:38
20895,1,95.78414916992188,36.63,1,0,0.87,0:57:00
20896,1,188.2588348388672,36.63,1,0,0.87,0:56:40
20897,1,307.8266296386719,36.63,1,0,0.87,1:01:53
20898,1,8.86233901977539,36.63,1,0,0.87,0:55:53
20899,1,32.52695846557617,36.63,1,0,0.87,0:56:37
20900,1,303.8334655761719,36.63,0,1,0.87,0:55:22
20901,1,35.99068832397461,36.63,0,1,0.87,1:01:32
20902,1,32.52695846557617,36.63,0,1,0.87,0:56:38
20903,1,39.21760559082031,36.63,0,1,0.87,1:01:32
20904,1,105.0149307250977,36.63,1,0,0.87,0:47:56
20905,1,343.5472106933594,36.63,0,1,0.87,0:57:03
20906,1,2.829342365264893,36.63,0,1,0.87,0:57:24
20907,1,195.1442413330078,36.63,1,0,0.87,0:54:49
20908,1,341.8431701660156,36.63,1,0,0.87,0:53:30
20909,1,73.40917205810547,36.63,1,0,0.87,0:51:59
20910,1,48.1821517944336,36.63,1,0,0.87,0:48:54
20911,1,12.35730648040771,36.63,1,0,0.87,0:57:50
20912,1,724.8308715820312,36.63,0,1,0.87,0:52:29
20913,1,167.9832916259766,36.63,1,0,0.87,0:58:55
20914,1,228.9576263427734,36.63,0,1,0.87,0:53:30
20915,1,8.949239730834961,36.63,0,1,0.87,1:02:53
20916,1,273.54550170898443,36.63,0,1,0.87,0:53:51
20917,1,73.17938995361328,36.63,0,1,0.87,0:55:16
20918,1,192.1500244140625,36.63,1,0,0.87,1:00:58
20919,1,38.79332733154297,36.63,1,0,0.87,0:56:35
20920,1,505.1585388183594,36.63,1,0,0.87,0:57:16
20921,1,9.22296905517578,36.63,1,0,0.87,0:58:48
20922,1,11.085031509399409,36.63,1,0,0.87,0:57:53
20923,1,181.5143737792969,36.63,1,0,0.87,0:52:50
20924,1,30.4487247467041,36.63,0,1,0.87,0:56:38
20925,2,3.940151453018188,36.63,1,0,0.87,1:04:49
20926,1,320.0387878417969,36.63,0,1,0.87,0:57:39
20927,1,13.074999809265142,36.63,0,1,0.87,0:52:36
20928,1,1332.598876953125,36.63,0,1,0.87,0:52:36
20929,1,320.0387878417969,36.63,1,0,0.87,0:52:20
20930,1,20.15006828308105,36.63,0,1,0.87,0:58:51
20931,1,23.50295829772949,36.63,1,0,0.87,1:01:20
20932,1,37.14976119995117,36.63,0,1,0.87,1:00:18
20933,1,10.44183731079102,36.63,1,0,0.87,0:59:14
20934,1,91.7226791381836,36.63,1,0,0.87,0:43:11
20935,1,248.38470458984384,36.63,0,1,0.87,0:56:58
20936,1,14.32654094696045,36.63,0,1,0.87,1:00:27
20937,1,282.704345703125,36.63,1,0,0.87,1:00:23
20938,1,259.998291015625,36.63,0,1,0.87,1:02:26
20939,1,0.5162138938903809,36.63,0,1,0.87,0:49:02
20940,1,195.3600616455078,36.63,0,1,0.87,0:57:49
20941,1,99.92736053466795,36.63,1,0,0.87,0:57:50
20942,1,18.05331420898438,36.63,1,0,0.87,0:41:48
20943,1,2.284589290618896,36.63,0,1,0.87,0:59:06
20944,1,31.01458549499512,36.63,0,1,0.87,0:59:50
20945,1,278.0640869140625,36.63,0,1,0.87,0:59:50
20946,1,14.070459365844732,36.63,0,1,0.87,0:55:06
20947,1,35.48947143554688,36.63,1,0,0.87,0:59:29
20948,1,331.5245056152344,36.63,1,0,0.87,0:51:50
20949,1,3.749159812927246,36.63,0,1,0.87,0:55:42
20950,1,46.732627868652344,36.63,1,0,0.87,0:53:20
20951,1,144.9225006103516,36.63,1,0,0.87,0:57:31
20952,1,1361.07470703125,36.63,0,1,0.87,0:56:25
20953,1,11.085031509399409,36.63,0,1,0.87,0:56:22
20954,1,259.998291015625,36.63,1,0,0.87,0:54:47
20955,1,897.9967651367188,36.63,1,0,0.87,0:57:16
20956,1,126.8194808959961,36.63,1,0,0.87,1:01:20
20957,1,1.7231634855270392,36.63,0,1,0.87,0:59:11
20958,1,356.783935546875,36.63,0,1,0.87,1:01:28
20959,1,11.05302143096924,36.63,0,1,0.87,0:55:23
20960,1,218.9133148193359,36.63,0,1,0.87,1:01:18
20961,1,10.44776248931885,36.63,1,0,0.87,0:53:09
20962,1,90.76966857910156,36.63,1,0,0.87,0:57:15
20963,1,99.92736053466795,36.63,1,0,0.87,0:54:27
20964,1,279.2320556640625,36.63,1,0,0.87,0:57:40
20965,1,407.7540283203125,36.63,0,1,0.87,1:01:12
20966,1,279.2320556640625,36.63,0,1,0.87,0:57:40
20967,1,117.2898101806641,36.63,1,0,0.87,0:58:51
20968,1,39.47004318237305,36.63,0,1,0.87,1:00:42
20969,1,149.5798187255859,36.63,0,1,0.87,0:59:35
20970,1,149.1394653320312,36.63,0,1,0.87,0:56:32
20971,1,55.22239303588867,36.63,0,1,0.87,0:56:49
20972,1,183.2224578857422,36.63,0,1,0.87,0:51:57
20973,1,4.303764820098877,36.63,1,0,0.87,0:54:38
20974,1,178.4308166503906,36.63,0,1,0.87,0:55:55
20975,1,311.047607421875,36.63,0,1,0.87,0:55:27
20976,1,10.44776248931885,36.63,1,0,0.87,0:59:30
20977,1,1596.6729736328118,36.63,0,1,0.87,0:59:19
20978,1,215.1114501953125,36.63,0,1,0.87,0:55:06
20979,1,250.0541687011719,36.63,0,1,0.87,0:53:45
20980,1,10.44776248931885,36.63,0,1,0.87,0:59:31
20981,1,223.4272308349609,36.63,1,0,0.87,0:57:26
20982,1,259.998291015625,36.63,0,1,0.87,0:55:47
20983,1,236.900634765625,36.63,0,1,0.87,0:59:09
20984,1,225.5564270019531,36.63,0,1,0.87,0:53:59
20985,1,26.01384162902832,36.63,1,0,0.87,0:52:47
20986,1,6.240824699401856,36.63,0,1,0.87,0:58:02
20987,1,10.44183731079102,36.63,0,1,0.87,0:58:34
20988,1,38.2463264465332,36.63,1,0,0.87,0:44:24
20989,1,9.22296905517578,36.63,0,1,0.87,0:53:23
20990,1,37.5223388671875,36.63,1,0,0.87,0:57:44
20991,1,145.4309997558594,36.63,1,0,0.87,0:42:56
20992,1,205.1435852050781,36.63,1,0,0.87,0:58:32
20993,1,71.8073501586914,36.63,1,0,0.87,0:54:11
20994,1,21.27112197875977,36.63,0,1,0.87,0:57:55
20995,1,260.29702758789057,36.63,0,1,0.87,0:52:44
20996,1,376.4162902832031,36.63,0,1,0.87,0:57:23
20997,1,196.0460205078125,36.63,0,1,0.87,0:57:29
20998,1,380.0,36.63,0,1,0.87,0:59:54
20999,1,581.3607788085938,36.63,1,0,0.87,0:55:33
21000,1,37.14537048339844,36.63,1,0,0.87,0:58:25
21001,1,53.79537582397461,36.63,0,1,0.87,0:53:50
21002,1,11.085031509399409,36.63,0,1,0.87,1:00:48
21003,1,1479.5489501953118,36.63,0,1,0.87,0:55:03
21004,1,178.2125396728516,36.63,1,0,0.87,0:57:38
21005,1,149.9436340332031,36.63,0,1,0.87,1:00:25
21006,1,10.44183731079102,36.63,1,0,0.87,0:55:07
21007,1,31.97005462646484,36.63,1,0,0.87,0:50:48
21008,1,113.49734497070308,36.63,0,1,0.87,0:56:11
21009,1,333.3985290527344,36.63,0,1,0.87,0:59:00
21010,1,23.71720314025879,36.63,0,1,0.87,0:52:48
21011,1,67.56373596191406,36.63,1,0,0.87,0:59:48
21012,1,384.0559692382812,36.63,0,1,0.87,0:52:41
21013,1,2.103271007537842,36.63,0,1,0.87,0:59:45
21014,1,197.41845703125,36.63,1,0,0.87,0:58:39
21015,1,128.0227203369141,36.63,0,1,0.87,0:54:04
21016,1,406.9486083984375,36.63,0,1,0.87,1:00:35
21017,1,199.6450042724609,36.63,0,1,0.87,0:58:12
21018,1,31.97005462646484,36.63,0,1,0.87,1:02:37
21019,1,266.2826538085938,36.63,1,0,0.87,1:06:56
21020,1,11.340977668762212,36.63,1,0,0.87,0:50:37
21021,1,421.3871459960938,36.63,0,1,0.87,1:02:36
21022,1,57.9035758972168,36.63,1,0,0.87,0:58:11
21023,1,312.5741882324219,36.63,1,0,0.87,0:50:57
21024,1,178.5460357666016,36.63,0,1,0.87,0:58:00
21025,1,347.8913269042969,36.63,0,1,0.87,0:54:27
21026,1,259.998291015625,36.63,0,1,0.87,0:59:00
21027,1,35.99068832397461,36.63,1,0,0.87,1:01:10
21028,1,71.8073501586914,36.63,0,1,0.87,0:55:23
21029,1,16.00102424621582,36.63,1,0,0.87,0:54:02
21030,1,44.61593246459961,36.63,0,1,0.87,0:55:02
21031,1,254.4806976318359,36.63,0,1,0.87,0:57:15
21032,1,116.6226959228516,36.63,0,1,0.87,0:54:40
21033,1,18.26416397094727,36.63,0,1,0.87,0:53:43
21034,1,31.01458549499512,36.63,0,1,0.87,1:01:23
21035,1,201.5828704833984,36.63,1,0,0.87,0:51:00
21036,1,15.859853744506841,36.63,1,0,0.87,0:48:28
21037,1,139.42889404296878,36.63,1,0,0.87,0:58:57
21038,1,611.3375244140625,36.63,0,1,0.87,0:55:30
21039,1,240.75494384765616,36.63,1,0,0.87,0:59:11
21040,1,151.6166839599609,36.63,1,0,0.87,0:57:42
21041,1,21.91367149353027,36.63,0,1,0.87,1:02:17
21042,1,724.8308715820312,36.63,0,1,0.87,0:54:17
21043,1,35.90165328979492,36.63,0,1,0.87,0:56:21
21044,1,359.0086669921875,36.63,1,0,0.87,0:53:11
21045,1,799.8717651367188,36.63,0,1,0.87,0:58:00
21046,1,181.5143737792969,36.63,1,0,0.87,0:48:38
21047,1,181.5143737792969,36.63,1,0,0.87,0:55:05
21048,1,27.23297309875488,36.63,0,1,0.87,0:50:56
21049,1,320.0387878417969,36.63,0,1,0.87,1:00:46
21050,1,263.49282836914057,36.63,1,0,0.87,0:56:41
21051,1,17.5898609161377,36.63,0,1,0.87,0:58:57
21052,1,5.729408264160156,36.63,0,1,0.87,0:56:26
21053,1,9.36025619506836,36.63,1,0,0.87,0:57:35
21054,1,38.78234481811523,36.63,0,1,0.87,0:53:15
21055,1,39.21760559082031,36.63,1,0,0.87,0:58:49
21056,1,259.998291015625,36.63,0,1,0.87,0:54:49
21057,1,72.68998718261719,36.63,0,1,0.87,0:54:29
21058,1,262.40097045898443,36.63,0,1,0.87,0:58:53
21059,1,100.2840957641602,36.63,0,1,0.87,0:58:53
21060,1,226.5792541503906,36.63,1,0,0.87,0:56:54
21061,1,1386.9697265625,36.63,1,0,0.87,0:54:08
21062,1,157.9389343261719,36.63,1,0,0.87,0:56:59
21063,1,19.78066635131836,36.63,0,1,0.87,1:02:02
21064,1,266.2826538085938,36.63,1,0,0.87,0:52:00
21065,1,11.05302143096924,36.63,1,0,0.87,0:51:44
21066,1,897.9967651367188,36.63,0,1,0.87,0:58:03
21067,1,231.5427703857422,36.63,0,1,0.87,0:56:25
21068,1,167.7673645019531,36.63,0,1,0.87,0:56:25
21069,1,7.309962749481201,36.63,0,1,0.87,1:00:56
21070,1,287.5038757324219,36.63,0,1,0.87,0:56:25
21071,1,1325.179443359375,36.63,0,1,0.87,0:54:01
21072,1,261.54904174804693,36.63,0,1,0.87,0:56:14
21073,1,13.973583221435552,36.63,0,1,0.87,0:55:49
21074,1,250.0541687011719,36.63,0,1,0.87,0:54:07
21075,1,7.309962749481201,36.63,0,1,0.87,1:02:53
21076,1,24.0,36.63,0,1,0.87,0:53:48
21077,1,259.998291015625,36.63,0,1,0.87,0:53:47
21078,1,30.4487247467041,36.63,0,1,0.87,0:59:30
21079,1,78.37238311767578,36.63,1,0,0.87,0:57:37
21080,1,10.44776248931885,36.63,0,1,0.87,1:00:28
21081,1,10.75895500183105,36.63,0,1,0.87,0:56:35
21082,1,283.2055053710938,36.63,0,1,0.87,0:57:10
21083,1,283.2055053710938,36.63,1,0,0.87,0:57:10
21084,1,24.55533409118652,36.63,1,0,0.87,0:48:57
21085,1,265.3085327148438,36.63,1,0,0.87,0:52:06
21086,1,59.45719909667969,36.63,0,1,0.87,0:57:52
21087,1,10.44183731079102,36.63,0,1,0.87,0:56:16
21088,1,9.335716247558594,36.63,0,1,0.87,1:00:50
21089,1,5.227899074554443,36.63,1,0,0.87,0:54:14
21090,1,7.756523132324219,36.63,1,0,0.87,0:57:10
21091,1,183.2224578857422,36.63,1,0,0.87,0:59:42
21092,1,81.51506042480469,36.63,0,1,0.87,0:53:05
21093,1,13.55171585083008,36.63,0,1,0.87,0:53:29
21094,1,52.87474060058594,36.63,1,0,0.87,0:57:27
21095,1,2136.445068359375,36.63,0,1,0.87,0:55:03
21096,1,16.84739112854004,36.63,0,1,0.87,1:02:24
21097,1,14.566981315612788,36.63,0,1,0.87,0:55:34
21098,2,134.0993957519531,36.63,1,0,0.87,0:49:32
21099,1,134.9916687011719,36.63,1,0,0.87,0:59:53
21100,1,428.7605285644531,36.63,1,0,0.87,0:59:15
21101,1,13.10407066345215,36.63,1,0,0.87,0:53:49
21102,1,421.3871459960938,36.63,0,1,0.87,0:59:47
21103,1,9.335716247558594,36.63,1,0,0.87,0:49:32
21104,1,10.44776248931885,36.63,1,0,0.87,1:01:43
21105,1,10.44183731079102,36.63,1,0,0.87,0:57:17
21106,1,731.52001953125,36.63,0,1,0.87,0:54:34
21107,1,19.07254981994629,36.63,1,0,0.87,1:03:20
21108,1,1046.732788085938,36.63,0,1,0.87,0:53:22
21109,1,259.998291015625,36.63,0,1,0.87,0:55:59
21110,1,20.8415412902832,36.63,0,1,0.87,0:55:44
21111,1,7.058139324188232,36.63,0,1,0.87,0:58:39
21112,1,9.362552642822266,36.63,0,1,0.87,0:58:05
21113,1,10.44776248931885,36.63,0,1,0.87,0:56:13
21114,1,50.82839584350586,36.63,1,0,0.87,0:58:28
21115,1,4.579788208007812,36.63,1,0,0.87,0:57:12
21116,1,7.766618251800537,36.63,0,1,0.87,0:57:12
21117,1,291.1369323730469,36.63,1,0,0.87,0:50:55
21118,1,316.0,36.63,0,1,0.87,0:53:10
21119,1,238.5087738037109,36.63,1,0,0.87,1:01:54
21120,1,1.9027504920959464,36.63,0,1,0.87,0:54:37
21121,1,11.05302143096924,36.63,0,1,0.87,0:55:32
21122,1,16.84739112854004,36.63,1,0,0.87,0:58:22
21123,1,1525.08740234375,36.63,1,0,0.87,0:57:07
21124,1,43.62190246582031,36.63,0,1,0.87,0:58:37
21125,1,239.3311767578125,36.63,1,0,0.87,0:54:25
21126,1,320.0387878417969,36.63,1,0,0.87,0:57:07
21127,1,10.054220199584961,36.63,0,1,0.87,0:53:51
21128,1,11.72537899017334,36.63,0,1,0.87,0:58:02
21129,1,1831.0819091796882,36.63,1,0,0.87,0:46:53
21130,1,571.0994873046875,36.63,0,1,0.87,0:54:47
21131,1,270.05172729492193,36.63,0,1,0.87,0:53:38
21132,1,109.1946792602539,36.63,1,0,0.87,1:01:31
21133,1,14.566981315612788,36.63,1,0,0.87,0:51:06
21134,1,59.45719909667969,36.63,0,1,0.87,0:54:53
21135,1,11.05302143096924,36.63,0,1,0.87,0:55:43
21136,1,219.4850006103516,36.63,1,0,0.87,0:51:26
21137,1,7.058139324188232,36.63,1,0,0.87,0:58:03
21138,1,202.9051818847656,36.63,0,1,0.87,0:55:01
21139,1,174.8987884521484,36.63,1,0,0.87,0:54:06
21140,1,196.8123321533203,36.63,0,1,0.87,0:58:02
21141,1,105.6290054321289,36.63,0,1,0.87,0:56:28
21142,1,1300.004516601562,36.63,1,0,0.87,0:55:02
21143,1,39.47004318237305,36.63,0,1,0.87,0:58:09
21144,1,13.05879592895508,36.63,1,0,0.87,1:01:19
21145,1,976.9442138671876,36.63,0,1,0.87,0:58:21
21146,1,7.309962749481201,36.63,1,0,0.87,1:03:02
21147,1,9.87485122680664,36.63,1,0,0.87,1:00:25
21148,1,201.6131286621094,36.63,1,0,0.87,0:53:52
21149,1,5.032363891601562,36.63,1,0,0.87,0:52:47
21150,1,13.445884704589838,36.63,1,0,0.87,0:59:03
21151,1,236.900634765625,36.63,1,0,0.87,0:53:43
21152,1,452.9608154296875,36.63,0,1,0.87,0:55:01
21153,1,149.1394653320312,36.63,0,1,0.87,0:59:41
21154,1,215.4762725830078,36.63,1,0,0.87,0:54:56
21155,1,14.32654094696045,36.63,1,0,0.87,0:56:28
21156,1,36.16746139526367,36.63,0,1,0.87,0:58:45
21157,1,10.44776248931885,36.63,1,0,0.87,0:57:28
21158,1,77.97574615478516,36.63,0,1,0.87,0:57:23
21159,2,356.2357482910156,36.63,1,0,0.87,0:54:33
21160,1,197.41845703125,36.63,0,1,0.87,0:56:40
21161,1,2430.782958984375,36.63,0,1,0.87,0:53:49
21162,1,275.03494262695307,36.63,1,0,0.87,0:54:27
21163,1,21.21549415588379,36.63,0,1,0.87,0:57:05
21164,1,259.998291015625,36.63,0,1,0.87,0:55:27
21165,1,17.3270263671875,36.63,1,0,0.87,1:00:13
21166,1,2.103271007537842,36.63,1,0,0.87,1:00:46
21167,1,36.19046020507812,36.63,0,1,0.87,1:00:34
21168,1,15.920199394226069,36.63,0,1,0.87,1:00:58
21169,1,36.19046020507812,36.63,1,0,0.87,1:00:34
21170,1,75.1241455078125,36.63,0,1,0.87,0:55:29
21171,1,356.2357482910156,36.63,0,1,0.87,0:55:33
21172,1,181.5143737792969,36.63,1,0,0.87,0:59:15
21173,1,183.2224578857422,36.63,1,0,0.87,0:53:19
21174,1,48.00765991210938,36.63,1,0,0.87,0:47:43
21175,1,110.1000442504883,36.63,0,1,0.87,0:55:48
21176,1,259.998291015625,36.63,0,1,0.87,0:54:36
21177,1,425.3714904785156,36.63,1,0,0.87,0:56:06
21178,1,18.58514213562012,36.63,1,0,0.87,0:56:00
21179,1,376.7197570800781,36.63,0,1,0.87,1:04:30
21180,1,408.3877258300781,36.63,1,0,0.87,0:59:29
21181,1,41.98091506958008,36.63,1,0,0.87,0:54:43
21182,1,0.5368872284889221,36.63,0,1,0.87,0:55:45
21183,1,92.71110534667969,36.63,0,1,0.87,0:56:24
21184,1,39.18559646606445,36.63,1,0,0.87,0:56:45
21185,1,77.3214340209961,36.63,0,1,0.87,1:05:51
21186,1,147.0316009521484,36.63,0,1,0.87,0:55:43
21187,1,8.85274600982666,36.63,0,1,0.87,1:01:32
21188,1,37.5223388671875,36.63,1,0,0.87,0:58:14
21189,1,111.7169570922852,36.63,1,0,0.87,0:54:23
21190,1,233.2363739013672,36.63,0,1,0.87,0:58:49
21191,1,259.998291015625,36.63,0,1,0.87,0:57:54
21192,1,198.6544494628906,36.63,0,1,0.87,0:54:13
21193,1,7.187693595886231,36.63,0,1,0.87,0:58:32
21194,1,332.7853698730469,36.63,1,0,0.87,1:04:38
21195,1,234.0605621337891,36.63,1,0,0.87,1:01:34
21196,1,259.998291015625,36.63,1,0,0.87,0:57:32
21197,1,236.900634765625,36.63,0,1,0.87,0:51:06
21198,1,3.857389688491821,36.63,0,1,0.87,0:59:12
21199,1,16.547185897827152,36.63,0,1,0.87,0:53:08
21200,1,94.4963150024414,36.63,0,1,0.87,0:51:43
21201,1,987.7908325195312,36.63,0,1,0.87,0:54:31
21202,1,298.6752014160156,36.63,0,1,0.87,0:54:10
21203,1,298.6752014160156,36.63,1,0,0.87,0:54:10
21204,1,4.980266094207764,36.63,0,1,0.87,0:57:02
21205,1,34.319351196289055,36.63,0,1,0.87,1:02:35
21206,1,20.15006828308105,36.63,0,1,0.87,0:55:54
21207,1,5.22021484375,36.63,1,0,0.87,0:57:42
21208,1,236.900634765625,36.63,0,1,0.87,0:58:27
21209,1,153.0057525634766,36.63,0,1,0.87,0:55:42
21210,1,152.3046112060547,36.63,0,1,0.87,0:55:30
21211,1,216.9527435302734,36.63,0,1,0.87,0:54:28
21212,1,255.0836486816406,36.63,0,1,0.87,0:57:59
21213,1,5.772377490997314,36.63,1,0,0.87,0:52:46
21214,1,118.4630813598633,36.63,1,0,0.87,0:53:38
21215,1,181.5143737792969,36.63,0,1,0.87,0:55:15
21216,1,259.998291015625,36.63,0,1,0.87,0:59:36
21217,1,36.52098846435547,36.63,0,1,0.87,0:58:51
21218,1,48.10107803344727,36.63,1,0,0.87,1:02:02
21219,1,326.5201110839844,36.63,0,1,0.87,0:53:44
21220,1,16.84739112854004,36.63,0,1,0.87,0:59:27
21221,1,58.93083190917969,36.63,0,1,0.87,0:56:03
21222,1,234.2509765625,36.63,0,1,0.87,0:54:51
21223,1,253.1743621826172,36.63,0,1,0.87,0:59:49
21224,1,676.4351806640625,36.63,0,1,0.87,0:58:43
21225,1,205.9886016845703,36.63,1,0,0.87,0:59:07
21226,1,4.784560680389403,36.63,0,1,0.87,0:53:06
21227,1,16.83182334899902,36.63,1,0,0.87,0:52:55
21228,1,2327.303466796875,36.63,0,1,0.87,0:57:59
21229,1,2554.609619140625,36.63,0,1,0.87,0:53:38
21230,1,275.03494262695307,36.63,0,1,0.87,0:58:43
21231,1,9.03772258758545,36.63,0,1,0.87,0:53:57
21232,2,193.25177001953116,36.63,1,0,0.87,0:58:45
21233,1,346.9402770996094,36.63,1,0,0.87,0:51:41
21234,1,108.9886856079102,36.63,0,1,0.87,0:58:00
21235,1,197.41845703125,36.63,1,0,0.87,1:01:35
21236,1,55.80356216430664,36.63,0,1,0.87,0:55:33
21237,1,104.1191558837891,36.63,1,0,0.87,0:58:20
21238,1,259.0045166015625,36.63,0,1,0.87,1:00:05
21239,1,203.6775817871094,36.63,1,0,0.87,1:00:29
21240,1,165.9402618408203,36.63,0,1,0.87,0:57:04
21241,1,50.82839584350586,36.63,0,1,0.87,0:56:59
21242,1,185.2336273193359,36.63,1,0,0.87,0:59:14
21243,1,10.44776248931885,36.63,1,0,0.87,0:54:18
21244,1,276.91259765625,36.63,0,1,0.87,0:57:10
21245,1,218.9133148193359,36.63,1,0,0.87,0:59:45
21246,1,11.8902006149292,36.63,0,1,0.87,0:55:48
21247,1,43.40748977661133,36.63,0,1,0.87,0:57:16
21248,1,1015.653198242188,36.63,1,0,0.87,0:56:37
21249,1,254.7844543457031,36.63,1,0,0.87,0:53:56
21250,1,21.92141723632812,36.63,0,1,0.87,0:54:22
21251,1,16.84739112854004,36.63,1,0,0.87,1:02:21
21252,1,219.4850006103516,36.63,1,0,0.87,0:54:50
21253,1,10.44776248931885,36.63,1,0,0.87,1:01:43
21254,1,31.97005462646484,36.63,1,0,0.87,1:01:13
21255,1,397.9790954589844,36.63,1,0,0.87,0:58:46
21256,1,65.48488616943361,36.63,1,0,0.87,0:57:27
21257,1,7.058139324188232,36.63,1,0,0.87,0:59:44
21258,1,378.2447204589844,36.63,0,1,0.87,0:59:43
21259,1,32.31407928466797,36.63,0,1,0.87,0:57:57
21260,1,17.3270263671875,36.63,1,0,0.87,0:57:05
21261,1,61.26875305175781,36.63,1,0,0.87,0:56:52
21262,1,159.2595977783203,36.63,1,0,0.87,0:58:47
21263,1,195.8657989501953,36.63,0,1,0.87,0:52:53
21264,1,271.45523071289057,36.63,0,1,0.87,0:56:30
21265,1,8.212539672851562,36.63,1,0,0.87,0:55:05
21266,1,349.0522155761719,36.63,0,1,0.87,0:58:16
21267,1,10.44776248931885,36.63,0,1,0.87,0:54:53
21268,1,200.3173065185547,36.63,0,1,0.87,1:01:23
21269,1,10.44183731079102,36.63,0,1,0.87,1:00:12
21270,1,204.2112731933594,36.63,0,1,0.87,0:55:44
21271,1,10.44776248931885,36.63,0,1,0.87,0:52:48
21272,1,373.4143981933594,36.63,1,0,0.87,0:51:32
21273,1,13.973583221435552,36.63,1,0,0.87,0:55:37
21274,1,10.44776248931885,36.63,1,0,0.87,1:01:43
21275,1,181.5143737792969,36.63,0,1,0.87,0:55:53
21276,1,242.0789947509766,36.63,1,0,0.87,0:55:52
21277,1,374.2570190429688,36.63,1,0,0.87,0:59:42
21278,1,159.2595977783203,36.63,1,0,0.87,0:58:23
21279,1,259.998291015625,36.63,1,0,0.87,1:00:32
21280,1,259.2710571289062,36.63,1,0,0.87,0:57:52
21281,1,162.4347686767578,36.63,1,0,0.87,0:49:44
21282,1,5.020810604095459,36.63,1,0,0.87,0:55:12
21283,1,88.01394653320312,36.63,1,0,0.87,0:54:34
21284,1,271.3071899414062,36.63,1,0,0.87,0:57:25
21285,1,12.58986759185791,36.63,0,1,0.87,0:54:51
21286,1,132.909912109375,36.63,0,1,0.87,0:56:13
21287,1,239.6722869873047,36.63,0,1,0.87,0:55:14
21288,1,601.2155151367188,36.63,1,0,0.87,0:56:18
21289,1,140.6603088378906,36.63,1,0,0.87,0:57:16
21290,1,4.792830467224121,36.63,0,1,0.87,0:57:56
21291,1,140.9563293457031,36.63,1,0,0.87,0:53:17
21292,1,248.2649841308594,36.63,0,1,0.87,0:55:18
21293,1,272.28091430664057,36.63,0,1,0.87,0:56:36
21294,1,11.085031509399409,36.63,1,0,0.87,0:59:21
21295,1,376.7197570800781,36.63,0,1,0.87,0:52:09
21296,1,1.441376805305481,36.63,1,0,0.87,0:44:51
21297,1,378.2447204589844,36.63,0,1,0.87,0:55:40
21298,1,376.4162902832031,36.63,0,1,0.87,0:49:25
21299,1,79.19601440429688,36.63,0,1,0.87,0:55:47
21300,1,10.44776248931885,36.63,0,1,0.87,0:52:24
21301,1,30.4487247467041,36.63,1,0,0.87,0:59:34
21302,1,270.05172729492193,36.63,1,0,0.87,0:54:47
21303,1,1544.9874267578118,36.63,1,0,0.87,0:53:25
21304,1,1496.893310546875,36.63,1,0,0.87,0:57:10
21305,1,344.3625793457031,36.63,0,1,0.87,0:59:03
21306,1,47.94073104858398,36.63,0,1,0.87,0:53:02
21307,1,14.070459365844732,36.63,0,1,0.87,0:54:40
21308,1,267.1992797851562,36.63,0,1,0.87,0:53:02
21309,1,222.6948394775391,36.63,0,1,0.87,0:59:22
21310,1,97.21581268310548,36.63,0,1,0.87,0:56:26
21311,1,6.240824699401856,36.63,0,1,0.87,0:59:55
21312,1,149.5086364746094,36.63,0,1,0.87,0:54:39
21313,1,180.2863311767578,36.63,1,0,0.87,0:56:36
21314,1,20.03082084655762,36.63,0,1,0.87,0:53:12
21315,1,2223.4814453125,36.63,0,1,0.87,0:59:33
21316,1,120.9079360961914,36.63,1,0,0.87,0:55:15
21317,1,259.75387573242193,36.63,1,0,0.87,0:57:06
21318,1,231.64434814453116,36.63,0,1,0.87,0:58:55
21319,1,16.82146263122559,36.63,1,0,0.87,0:58:35
21320,1,41.98091506958008,36.63,1,0,0.87,0:55:53
21321,1,149.1394653320312,36.63,1,0,0.87,0:56:59
21322,1,41.98091506958008,36.63,0,1,0.87,0:52:15
21323,1,109.5122451782227,36.63,1,0,0.87,0:57:03
21324,1,151.6166839599609,36.63,1,0,0.87,1:02:19
21325,1,3.245586395263672,36.63,0,1,0.87,0:58:13
21326,1,17.3270263671875,36.63,0,1,0.87,0:54:48
21327,1,197.41845703125,36.63,0,1,0.87,0:53:58
21328,1,11.82077217102051,36.63,1,0,0.87,1:02:11
21329,1,12.82390880584717,36.63,1,0,0.87,1:02:11
21330,1,37.5223388671875,36.63,1,0,0.87,0:56:04
21331,1,268.1920166015625,36.63,0,1,0.87,0:53:35
21332,1,9.36793613433838,36.63,0,1,0.87,0:58:47
21333,1,120.9079360961914,36.63,0,1,0.87,0:58:32
21334,1,19.78066635131836,36.63,0,1,0.87,0:52:41
21335,1,31.71623420715332,36.63,0,1,0.87,1:00:13
21336,1,447.4283447265625,36.63,0,1,0.87,0:54:40
21337,1,259.998291015625,36.63,0,1,0.87,0:54:24
21338,1,0.9626661539077759,36.63,0,1,0.87,0:55:05
21339,1,647.6728515625,36.63,1,0,0.87,0:57:30
21340,1,146.087158203125,36.63,0,1,0.87,0:53:35
21341,1,175.0360412597656,36.63,0,1,0.87,0:58:12
21342,1,259.998291015625,36.63,0,1,0.87,0:52:33
21343,1,1507.7174072265618,36.63,0,1,0.87,0:52:33
21344,1,3.310425281524658,36.63,0,1,0.87,0:59:24
21345,1,15.224977493286133,36.63,0,1,0.87,0:55:38
21346,1,73.92286682128906,36.63,1,0,0.87,0:51:49
21347,1,106.4913101196289,36.63,0,1,0.87,0:56:34
21348,1,59.45031356811523,36.63,1,0,0.87,0:59:47
21349,1,16.84739112854004,36.63,0,1,0.87,0:52:02
21350,1,215.1165466308594,36.63,0,1,0.87,0:54:21
21351,1,41.98091506958008,36.63,1,0,0.87,0:52:15
21352,1,6.240824699401856,36.63,1,0,0.87,0:58:31
21353,1,263.49282836914057,36.63,0,1,0.87,0:54:32
21354,1,10.44776248931885,36.63,1,0,0.87,1:02:53
21355,1,1137.075439453125,36.63,1,0,0.87,0:57:55
21356,1,13.682772636413569,36.63,1,0,0.87,1:00:06
21357,1,12.82390880584717,36.63,1,0,0.87,0:58:31
21358,1,290.0662231445312,36.63,0,1,0.87,0:59:26
21359,1,151.0,36.63,1,0,0.87,0:56:13
21360,1,151.0,36.63,0,1,0.87,0:56:14
21361,1,90.3441162109375,36.63,1,0,0.87,0:56:03
21362,1,229.5087432861328,36.63,0,1,0.87,0:55:38
21363,1,41.98091506958008,36.63,0,1,0.87,0:58:57
21364,1,41.98091506958008,36.63,1,0,0.87,0:58:57
21365,2,58.99697494506836,36.63,0,1,0.87,0:55:33
21366,1,25.30437278747559,36.63,0,1,0.87,0:56:21
21367,1,48.00765991210938,36.63,1,0,0.87,0:59:02
21368,1,51.61442184448242,36.63,0,1,0.87,1:00:37
21369,1,31.97005462646484,36.63,0,1,0.87,1:01:38
21370,1,11.085031509399409,36.63,1,0,0.87,1:01:01
21371,1,31.97005462646484,36.63,0,1,0.87,1:01:38
21372,1,7.63557243347168,36.63,0,1,0.87,0:57:21
21373,1,291.1369323730469,36.63,1,0,0.87,1:00:03
21374,1,291.1369323730469,36.63,1,0,0.87,1:00:05
21375,1,291.1369323730469,36.63,1,0,0.87,1:00:04
21376,1,147.0316009521484,36.63,0,1,0.87,0:54:57
21377,1,421.3871459960938,36.63,0,1,0.87,0:59:42
21378,1,180.2863311767578,36.63,0,1,0.87,0:56:07
21379,1,614.4942016601562,36.63,0,1,0.87,0:57:01
21380,1,193.8920745849609,36.63,1,0,0.87,0:54:22
21381,1,315.6446228027344,36.63,0,1,0.87,0:51:21
21382,1,3.3297035694122314,36.63,1,0,0.87,1:01:12
21383,1,75.84790802001953,36.63,1,0,0.87,0:57:34
21384,1,155.4471130371094,36.63,1,0,0.87,0:54:54
21385,1,355.7060852050781,36.63,0,1,0.87,0:50:39
21386,1,156.2656097412109,36.63,0,1,0.87,0:49:18
21387,1,258.83737182617193,36.63,1,0,0.87,1:00:03
21388,1,1246.276000976562,36.63,0,1,0.87,0:59:59
21389,1,291.7824096679688,36.63,0,1,0.87,0:55:21
21390,1,290.8581237792969,36.63,0,1,0.87,0:56:16
21391,1,175.0360412597656,36.63,0,1,0.87,1:03:53
21392,1,19.07254981994629,36.63,1,0,0.87,0:57:30
21393,1,1011.005493164062,36.63,0,1,0.87,0:51:19
21394,1,22.12597465515137,36.63,0,1,0.87,0:58:38
21395,1,289.3130798339844,36.63,0,1,0.87,0:54:29
21396,1,218.3410186767578,36.63,1,0,0.87,0:55:43
21397,1,220.1785736083984,36.63,1,0,0.87,0:59:44
21398,1,399.9556579589844,36.63,0,1,0.87,0:57:46
21399,1,231.64434814453116,36.63,0,1,0.87,0:57:16
21400,1,317.6456298828125,36.63,0,1,0.87,0:59:34
21401,1,337.4805297851562,36.63,0,1,0.87,0:57:52
21402,1,6.489360332489014,36.63,0,1,0.87,0:54:49
21403,1,38.02688980102539,36.63,0,1,0.87,0:59:20
21404,1,279.2320556640625,36.63,1,0,0.87,0:56:35
21405,1,288.1201171875,36.63,1,0,0.87,0:56:35
21406,1,38.02688980102539,36.63,0,1,0.87,0:59:20
21407,1,187.163818359375,36.63,1,0,0.87,0:54:10
21408,1,15.920199394226069,36.63,1,0,0.87,0:57:47
21409,1,12.25817584991455,36.63,0,1,0.87,1:01:45
21410,1,10.44776248931885,36.63,0,1,0.87,1:01:30
21411,1,55.22239303588867,36.63,0,1,0.87,0:56:25
21412,1,254.31939697265616,36.63,0,1,0.87,0:55:53
21413,1,5.793610095977782,36.63,1,0,0.87,0:55:34
21414,1,611.3375244140625,36.63,1,0,0.87,0:54:22
21415,1,242.2535705566406,36.63,1,0,0.87,0:46:22
21416,1,26.53032493591309,36.63,1,0,0.87,1:01:45
21417,1,11.085031509399409,36.63,0,1,0.87,0:59:57
21418,1,17.57425117492676,36.63,1,0,0.87,0:59:42
21419,1,1046.732788085938,36.63,0,1,0.87,0:58:18
21420,1,2154.8720703125,36.63,0,1,0.87,1:00:46
21421,1,13.81503200531006,36.63,1,0,0.87,0:53:49
21422,1,222.7997283935547,36.63,0,1,0.87,0:56:14
21423,1,102.071533203125,36.63,0,1,0.87,1:00:27
21424,1,182.8224945068359,36.63,1,0,0.87,0:54:03
21425,1,165.4194030761719,36.63,1,0,0.87,0:56:47
21426,1,1300.004516601562,36.63,0,1,0.87,0:56:21
21427,1,37.06092834472656,36.63,1,0,0.87,0:54:40
21428,1,987.7908325195312,36.63,1,0,0.87,0:56:46
21429,1,3.345678806304932,36.63,1,0,0.87,0:59:40
21430,1,225.9079742431641,36.63,0,1,0.87,0:57:54
21431,1,47.80936050415039,36.63,1,0,0.87,1:01:58
21432,1,269.0397338867188,36.63,1,0,0.87,1:02:26
21433,1,71.8073501586914,36.63,1,0,0.87,0:56:27
21434,1,3.1729369163513184,36.63,1,0,0.87,0:55:50
21435,1,109.1946792602539,36.63,0,1,0.87,1:01:28
21436,1,343.5472106933594,36.63,1,0,0.87,0:51:53
21437,1,7.309962749481201,36.63,0,1,0.87,0:58:54
21438,1,10.44776248931885,36.63,0,1,0.87,0:59:07
21439,1,104.1191558837891,36.63,0,1,0.87,0:56:38
21440,1,181.5143737792969,36.63,1,0,0.87,0:59:17
21441,1,235.0072021484375,36.63,0,1,0.87,0:56:08
21442,1,724.8308715820312,36.63,0,1,0.87,0:57:39
21443,1,278.0640869140625,36.63,1,0,0.87,0:54:50
21444,1,259.998291015625,36.63,1,0,0.87,0:57:39
21445,1,3.198105812072754,36.63,1,0,0.87,0:59:22
21446,1,33.42565536499023,36.63,1,0,0.87,0:59:15
21447,1,367.4970703125,36.63,0,1,0.87,0:55:18
21448,1,239.2341156005859,36.63,0,1,0.87,0:53:07
21449,1,10.44776248931885,36.63,0,1,0.87,0:59:30
21450,1,10.44776248931885,36.63,0,1,0.87,0:58:05
21451,1,202.05096435546884,36.63,1,0,0.87,0:56:27
21452,1,50.36128234863281,36.63,1,0,0.87,0:57:40
21453,1,282.1475219726562,36.63,0,1,0.87,1:01:33
21454,1,132.909912109375,36.63,1,0,0.87,0:54:19
21455,1,62.09518432617188,36.63,1,0,0.87,1:05:15
21456,1,7.965522289276122,36.63,0,1,0.87,0:53:50
21457,1,297.5103759765625,36.63,0,1,0.87,1:00:35
21458,1,305.0235900878906,36.63,1,0,0.87,0:59:17
21459,1,94.3494644165039,36.63,1,0,0.87,1:00:23
21460,1,171.1222991943359,36.63,1,0,0.87,0:58:32
21461,1,23.51996421813965,36.63,1,0,0.87,0:53:01
21462,1,145.5950317382812,36.63,1,0,0.87,0:55:57
21463,1,10.44776248931885,36.63,0,1,0.87,0:57:21
21464,1,10.44776248931885,36.63,0,1,0.87,1:07:11
21465,1,587.72802734375,36.63,1,0,0.87,1:02:18
21466,1,226.05609130859384,36.63,0,1,0.87,1:01:05
21467,1,4.016949653625488,36.63,1,0,0.87,1:00:56
21468,1,226.05609130859384,36.63,1,0,0.87,1:01:05
21469,1,134.9916687011719,36.63,1,0,0.87,1:00:14
21470,1,21.91367149353027,36.63,0,1,0.87,0:59:05
21471,1,35.48947143554688,36.63,0,1,0.87,0:59:11
21472,1,1.475898504257202,36.63,0,1,0.87,0:59:27
21473,1,4.8699212074279785,36.63,0,1,0.87,0:57:16
21474,1,11.339376449584961,36.63,0,1,0.87,0:52:51
21475,1,7.309962749481201,36.63,0,1,0.87,0:58:03
21476,1,187.9427490234375,36.63,0,1,0.87,0:55:46
21477,1,349.5933837890625,36.63,0,1,0.87,0:53:53
21478,1,10.44776248931885,36.63,0,1,0.87,0:59:30
21479,1,4.143080711364746,36.63,0,1,0.87,0:54:19
21480,1,5.421722888946533,36.63,1,0,0.87,0:58:36
21481,1,108.5567169189453,36.63,1,0,0.87,0:54:15
21482,1,197.583984375,36.63,0,1,0.87,1:00:46
21483,1,322.9078063964844,36.63,0,1,0.87,0:54:10
21484,1,159.2595977783203,36.63,1,0,0.87,0:55:40
21485,1,72.22600555419922,36.63,0,1,0.87,0:58:14
21486,1,614.4942016601562,36.63,0,1,0.87,0:53:34
21487,1,37.0828742980957,36.63,1,0,0.87,1:01:34
21488,1,287.5038757324219,36.63,1,0,0.87,0:54:46
21489,1,36.52098846435547,36.63,0,1,0.87,0:59:25
21490,1,282.704345703125,36.63,0,1,0.87,0:58:13
21491,1,15.81486129760742,36.63,0,1,0.87,0:54:08
21492,1,6.136213302612305,36.63,1,0,0.87,1:00:44
21493,1,217.51953125,36.63,0,1,0.87,0:56:11
21494,1,259.998291015625,36.63,0,1,0.87,1:01:19
21495,1,67.96146392822266,36.63,0,1,0.87,1:02:32
21496,1,23.40442085266113,36.63,1,0,0.87,1:01:19
21497,1,614.4942016601562,36.63,1,0,0.87,0:56:01
21498,1,425.3714904785156,36.63,0,1,0.87,1:03:41
21499,1,799.8717651367188,36.63,0,1,0.87,0:57:17
21500,1,15.224977493286133,36.63,1,0,0.87,0:57:43
21501,1,38.32305526733398,36.63,0,1,0.87,0:59:27
21502,1,51.85509490966797,36.63,1,0,0.87,0:51:19
21503,1,16.84739112854004,36.63,0,1,0.87,0:52:53
21504,1,16.698308944702152,36.63,0,1,0.87,0:55:02
21505,1,10.58681583404541,36.63,1,0,0.87,0:51:52
21506,1,516.6248779296875,36.63,0,1,0.87,0:54:09
21507,1,10.44776248931885,36.63,1,0,0.87,0:56:23
21508,1,2.335977554321289,36.63,0,1,0.87,0:56:04
21509,1,10.44776248931885,36.63,0,1,0.87,1:03:02
21510,1,71.8073501586914,36.63,1,0,0.87,0:48:10
21511,1,1089.23193359375,36.63,0,1,0.87,0:53:27
21512,1,6.391336917877197,36.63,0,1,0.87,0:57:34
21513,1,10.592244148254393,36.63,0,1,0.87,0:59:57
21514,1,1452.274169921875,36.63,1,0,0.87,0:53:16
21515,1,1210.288818359375,36.63,1,0,0.87,0:50:07
21516,1,260.0,36.63,1,0,0.87,1:01:00
21517,1,71.8073501586914,36.63,0,1,0.87,0:55:47
21518,1,7.058139324188232,36.63,1,0,0.87,0:57:11
21519,1,91.7226791381836,36.63,0,1,0.87,1:02:28
21520,1,75.76431274414062,36.63,0,1,0.87,0:59:05
21521,1,4.641374111175537,36.63,0,1,0.87,0:54:59
21522,1,200.7367095947266,36.63,0,1,0.87,0:53:02
21523,1,278.0033569335938,36.63,0,1,0.87,1:01:28
21524,1,1428.2430419921882,36.63,0,1,0.87,0:52:55
21525,1,41.98091506958008,36.63,1,0,0.87,0:56:08
21526,1,421.3871459960938,36.63,0,1,0.87,1:00:59
21527,1,72.69342041015625,36.63,0,1,0.87,0:59:26
21528,1,3.7417621612548833,36.63,1,0,0.87,0:54:59
21529,1,131.646484375,36.63,1,0,0.87,0:57:01
21530,1,11.34140872955322,36.63,1,0,0.87,0:54:18
21531,1,282.704345703125,36.63,1,0,0.87,1:00:25
21532,1,1391.0174560546882,36.63,0,1,0.87,0:57:25
21533,1,288.1201171875,36.63,0,1,0.87,0:53:08
21534,1,35.48947143554688,36.63,1,0,0.87,0:57:14
21535,1,252.96630859375,36.63,0,1,0.87,0:53:08
21536,1,26.88188362121582,36.63,1,0,0.87,0:57:21
21537,1,1507.7174072265618,36.63,0,1,0.87,0:53:14
21538,1,50.26950454711914,36.63,0,1,0.87,1:02:18
21539,1,186.7550811767578,36.63,1,0,0.87,0:51:54
21540,1,146.087158203125,36.63,1,0,0.87,0:53:49
21541,1,37.5223388671875,36.63,1,0,0.87,1:02:49
21542,1,10.44776248931885,36.63,1,0,0.87,1:02:50
21543,1,31.97005462646484,36.63,0,1,0.87,0:56:31
21544,1,374.3713684082031,36.63,0,1,0.87,0:56:14
21545,1,412.9441833496094,36.63,1,0,0.87,1:01:38
21546,1,60.942588806152344,36.63,1,0,0.87,0:55:57
21547,1,113.38473510742192,36.63,0,1,0.87,0:56:22
21548,1,318.9974670410156,36.63,0,1,0.87,0:57:20
21549,1,10.44776248931885,36.63,1,0,0.87,0:58:13
21550,1,41.98091506958008,36.63,1,0,0.87,0:59:09
21551,1,1.720813989639282,36.63,0,1,0.87,0:53:14
21552,1,376.7197570800781,36.63,0,1,0.87,0:57:38
21553,1,10.95854377746582,36.63,0,1,0.87,0:53:11
21554,1,283.3778686523438,36.63,1,0,0.87,0:57:02
21555,1,135.2699890136719,36.63,1,0,0.87,0:57:55
21556,1,100.36962127685551,36.63,0,1,0.87,0:57:44
21557,1,173.0932922363281,36.63,0,1,0.87,1:03:30
21558,1,186.2136383056641,36.63,1,0,0.87,0:53:53
21559,1,421.3871459960938,36.63,1,0,0.87,0:54:41
21560,1,234.2509765625,36.63,1,0,0.87,0:58:55
21561,1,71.8073501586914,36.63,0,1,0.87,0:55:15
21562,1,254.7844543457031,36.63,0,1,0.87,0:50:32
21563,1,120.8983688354492,36.63,0,1,0.87,0:56:57
21564,1,181.5143737792969,36.63,0,1,0.87,0:49:11
21565,1,7.005546569824219,36.63,1,0,0.87,0:59:43
21566,1,181.5143737792969,36.63,0,1,0.87,0:55:49
21567,1,226.7956085205078,36.63,0,1,0.87,0:57:15
21568,1,231.2805480957031,36.63,1,0,0.87,0:58:06
21569,1,9.335716247558594,36.63,1,0,0.87,0:58:37
21570,1,15.023329734802251,36.63,1,0,0.87,0:55:32
21571,1,376.4162902832031,36.63,1,0,0.87,1:03:47
21572,1,222.81597900390616,36.63,0,1,0.87,0:57:43
21573,1,16.84739112854004,36.63,0,1,0.87,0:59:07
21574,1,15.55781936645508,36.63,0,1,0.87,1:00:30
21575,1,237.6291656494141,36.63,0,1,0.87,0:57:36
21576,1,10.44776248931885,36.63,1,0,0.87,1:00:12
21577,1,1105.029907226562,36.63,0,1,0.87,0:54:31
21578,1,384.0559692382812,36.63,0,1,0.87,0:52:15
21579,1,384.0559692382812,36.63,1,0,0.87,0:52:14
21580,1,14.32654094696045,36.63,0,1,0.87,1:01:34
21581,1,6.110790252685548,36.63,1,0,0.87,0:59:12
21582,1,54.23469924926758,36.63,1,0,0.87,1:04:18
21583,1,8.85274600982666,36.63,0,1,0.87,1:01:33
21584,1,2.9525933265686035,36.63,0,1,0.87,0:56:32
21585,1,82.47357177734375,36.63,0,1,0.87,0:57:22
21586,1,259.998291015625,36.63,1,0,0.87,0:56:36
21587,1,264.034912109375,36.63,0,1,0.87,0:55:18
21588,1,187.2318572998047,36.63,1,0,0.87,0:50:54
21589,1,193.28656005859384,36.63,0,1,0.87,0:59:07
21590,1,1536.807861328125,36.63,0,1,0.87,0:53:16
21591,1,50.79936981201172,36.63,0,1,0.87,0:58:12
21592,1,116.2873992919922,36.63,1,0,0.87,0:59:30
21593,1,237.6291656494141,36.63,1,0,0.87,0:59:30
21594,1,219.4850006103516,36.63,0,1,0.87,0:59:31
21595,1,189.8132629394531,36.63,0,1,0.87,0:58:18
21596,1,159.9830627441406,36.63,0,1,0.87,0:55:46
21597,1,167.9832916259766,36.63,1,0,0.87,0:52:28
21598,1,7.651525020599365,36.63,1,0,0.87,0:58:38
21599,1,38.78234481811523,36.63,0,1,0.87,1:04:45
21600,1,16.84739112854004,36.63,1,0,0.87,1:01:21
21601,1,105.9341201782227,36.63,1,0,0.87,0:50:53
21602,1,24.7994327545166,36.63,1,0,0.87,0:56:05
21603,1,108.9886856079102,36.63,1,0,0.87,0:59:56
21604,1,180.2863311767578,36.63,1,0,0.87,1:00:05
21605,2,215.9745635986328,36.63,0,1,0.87,0:58:21
21606,1,3.245586395263672,36.63,1,0,0.87,0:59:24
21607,1,4.194859027862549,36.63,0,1,0.87,0:52:38
21608,1,4.368351459503174,36.63,1,0,0.87,0:54:41
21609,1,181.5143737792969,36.63,1,0,0.87,0:58:55
21610,1,120.9079360961914,36.63,1,0,0.87,0:57:19
21611,1,196.8123321533203,36.63,0,1,0.87,0:56:24
21612,1,10.44776248931885,36.63,1,0,0.87,0:51:16
21613,1,18.26416397094727,36.63,0,1,0.87,1:00:11
21614,1,259.998291015625,36.63,1,0,0.87,1:06:07
21615,1,6.240824699401856,36.63,0,1,0.87,1:02:07
21616,1,48.00765991210938,36.63,1,0,0.87,0:56:52
21617,1,153.4354248046875,36.63,1,0,0.87,0:52:04
21618,1,10.44776248931885,36.63,0,1,0.87,0:57:52
21619,1,2.103271007537842,36.63,0,1,0.87,1:00:05
21620,1,188.2588348388672,36.63,0,1,0.87,0:58:30
21621,1,255.8130950927734,36.63,1,0,0.87,0:59:54
21622,1,53.442832946777344,36.63,0,1,0.87,0:55:35
21623,1,30.4487247467041,36.63,0,1,0.87,0:59:02
21624,1,67.34521484375,36.63,0,1,0.87,0:55:17
21625,1,259.998291015625,36.63,1,0,0.87,1:00:20
21626,1,34.564208984375,36.63,0,1,0.87,0:59:28
21627,1,259.2710571289062,36.63,0,1,0.87,0:54:47
21628,1,7.309962749481201,36.63,0,1,0.87,1:04:51
21629,1,10.44776248931885,36.63,0,1,0.87,1:04:51
21630,1,77.97574615478516,36.63,1,0,0.87,0:48:47
21631,1,12.427563667297358,36.63,1,0,0.87,0:59:37
21632,1,7.058139324188232,36.63,0,1,0.87,1:02:22
21633,1,180.2863311767578,36.63,0,1,0.87,1:01:35
21634,1,1517.81298828125,36.63,0,1,0.87,0:58:20
21635,1,15.55781936645508,36.63,1,0,0.87,1:03:30
21636,1,181.5143737792969,36.63,0,1,0.87,1:03:31
21637,1,1300.004516601562,36.63,0,1,0.87,0:59:10
21638,1,421.3871459960938,36.63,0,1,0.87,0:59:48
21639,1,21.21549415588379,36.63,1,0,0.87,0:54:32
21640,1,7.058139324188232,36.63,0,1,0.87,0:58:39
21641,1,4.193099021911621,36.63,1,0,0.87,1:10:52
21642,1,647.6728515625,36.63,1,0,0.87,1:00:05
21643,1,62.27024841308594,36.63,1,0,0.87,0:57:53
21644,1,35.90165328979492,36.63,0,1,0.87,0:56:02
21645,1,21.91367149353027,36.63,1,0,0.87,0:57:14
21646,1,166.2411804199219,36.63,1,0,0.87,0:55:37
21647,1,23.74346733093262,36.63,1,0,0.87,0:58:49
21648,1,12.82390880584717,36.63,1,0,0.87,0:57:03
21649,1,243.0638122558594,36.63,0,1,0.87,0:53:43
21650,1,18.05331420898438,36.63,0,1,0.87,0:59:31
21651,1,128.44091796875,36.63,1,0,0.87,0:50:10
21652,1,137.57452392578122,36.63,0,1,0.87,0:54:38
21653,1,32.102649688720696,36.63,0,1,0.87,0:58:56
21654,1,1643.08056640625,36.63,0,1,0.87,0:59:14
21655,1,159.2595977783203,36.63,1,0,0.87,0:56:34
21656,1,284.6058349609375,36.63,0,1,0.87,1:00:35
21657,1,36.75872421264648,36.63,0,1,0.87,1:03:50
21658,1,18.26416397094727,36.63,1,0,0.87,0:56:18
21659,1,11.57025718688965,36.63,0,1,0.87,0:55:48
21660,1,11.57025718688965,36.63,0,1,0.87,0:54:42
21661,1,232.2133483886719,36.63,0,1,0.87,1:00:06
21662,1,7.058139324188232,36.63,1,0,0.87,0:56:35
21663,1,24.5399284362793,36.63,1,0,0.87,1:00:47
21664,1,74.7370834350586,36.63,0,1,0.87,0:54:49
21665,1,231.64434814453116,36.63,1,0,0.87,0:58:56
21666,1,91.7226791381836,36.63,1,0,0.87,0:58:56
21667,1,56.084815979003906,36.63,0,1,0.87,0:56:55
21668,1,19.07254981994629,36.63,1,0,0.87,0:59:30
21669,1,19.78066635131836,36.63,0,1,0.87,0:58:03
21670,1,215.4762725830078,36.63,0,1,0.87,1:02:38
21671,1,10.44776248931885,36.63,1,0,0.87,1:01:46
21672,1,11.085031509399409,36.63,1,0,0.87,1:01:13
21673,1,282.1475219726562,36.63,0,1,0.87,0:55:34
21674,1,18.05331420898438,36.63,0,1,0.87,0:57:11
21675,1,209.2940673828125,36.63,1,0,0.87,0:57:06
21676,1,140.9442596435547,36.63,1,0,0.87,0:57:10
21677,1,196.8123321533203,36.63,0,1,0.87,1:06:54
21678,1,544.2213134765625,36.63,0,1,0.87,1:01:50
21679,1,544.2213134765625,36.63,0,1,0.87,1:01:50
21680,1,249.9987335205078,36.63,1,0,0.87,0:54:41
21681,1,3.791347503662109,36.63,1,0,0.87,1:05:41
21682,1,41.98091506958008,36.63,1,0,0.87,0:58:57
21683,1,39.47004318237305,36.63,1,0,0.87,0:51:43
21684,1,10.44776248931885,36.63,0,1,0.87,1:00:34
21685,1,31.84040260314941,36.63,1,0,0.87,0:50:22
21686,1,16.91690063476562,36.63,1,0,0.87,1:03:02
21687,1,253.4924774169922,36.63,1,0,0.87,0:52:39
21688,1,7.058139324188232,36.63,0,1,0.87,0:56:45
21689,1,259.998291015625,36.63,1,0,0.87,0:58:32
21690,1,274.87313842773443,36.63,0,1,0.87,0:53:23
21691,1,259.998291015625,36.63,0,1,0.87,1:07:15
21692,1,13.70660877227783,36.63,0,1,0.87,0:53:23
21693,1,1596.6729736328118,36.63,1,0,0.87,0:52:53
21694,1,56.89868545532227,36.63,0,1,0.87,0:57:23
21695,1,266.2826538085938,36.63,0,1,0.87,0:52:38
21696,1,31.71623420715332,36.63,1,0,0.87,0:59:21
21697,1,51.61442184448242,36.63,0,1,0.87,0:56:13
21698,1,167.9832916259766,36.63,1,0,0.87,0:57:38
21699,1,1518.96630859375,36.63,1,0,0.87,0:57:39
21700,1,35.53342819213867,36.63,1,0,0.87,1:00:40
21701,1,11.085031509399409,36.63,1,0,0.87,0:59:44
21702,1,5.9770612716674805,36.63,0,1,0.87,0:58:55
21703,1,107.1270523071289,36.63,0,1,0.87,0:53:07
21704,1,1541.9351806640618,36.63,0,1,0.87,1:03:11
21705,1,58.75905227661133,36.63,0,1,0.87,0:56:44
21706,1,104.0583648681641,36.63,0,1,0.87,1:03:12
21707,1,542.0845947265625,36.63,0,1,0.87,0:59:31
21708,1,233.2363739013672,36.63,0,1,0.87,0:54:58
21709,1,1089.23193359375,36.63,1,0,0.87,0:56:15
21710,1,153.4354248046875,36.63,0,1,0.87,0:54:58
21711,1,19.91307258605957,36.63,1,0,0.87,0:55:19
21712,1,73.2974853515625,36.63,0,1,0.87,0:59:14
21713,1,27.62835693359375,36.63,1,0,0.87,0:58:47
21714,1,259.82864379882807,36.63,0,1,0.87,0:57:55
21715,1,197.583984375,36.63,1,0,0.87,0:50:32
21716,1,1596.6729736328118,36.63,1,0,0.87,0:59:25
21717,1,36.75872421264648,36.63,0,1,0.87,1:01:09
21718,1,120.8712921142578,36.63,1,0,0.87,0:55:45
21719,1,210.44793701171884,36.63,0,1,0.87,0:57:41
21720,2,22.23203277587891,36.63,0,1,0.87,0:58:34
21721,1,111.1497421264648,36.63,0,1,0.87,0:57:36
21722,1,118.5949020385742,36.63,0,1,0.87,1:01:35
21723,1,1662.29296875,36.63,0,1,0.87,0:49:05
21724,1,33.1964111328125,36.63,1,0,0.87,0:54:38
21725,1,112.65697479248051,36.63,0,1,0.87,1:01:12
21726,1,31.97005462646484,36.63,0,1,0.87,1:02:52
21727,1,58.93083190917969,36.63,1,0,0.87,0:55:45
21728,1,0.8513793349266052,36.63,1,0,0.87,0:58:31
21729,1,64.05807495117189,36.63,0,1,0.87,0:53:23
21730,1,4.303764820098877,36.63,0,1,0.87,0:57:54
21731,1,160.5248718261719,36.63,1,0,0.87,1:02:46
21732,1,7.309962749481201,36.63,0,1,0.87,0:59:53
21733,1,260.0,36.63,1,0,0.87,0:57:25
21734,1,41.98091506958008,36.63,0,1,0.87,1:01:26
21735,1,41.98091506958008,36.63,1,0,0.87,1:01:27
21736,1,26.88188362121582,36.63,1,0,0.87,0:59:16
21737,1,104.1357421875,36.63,0,1,0.87,0:58:07
21738,1,50.00377655029297,36.63,1,0,0.87,1:00:23
21739,1,598.8060302734375,36.63,1,0,0.87,0:57:59
21740,1,9.390371322631836,36.63,1,0,0.87,0:55:46
21741,1,77.97574615478516,36.63,1,0,0.87,0:53:18
21742,1,31.72106170654297,36.63,0,1,0.87,1:07:09
21743,1,109.5502395629883,36.63,0,1,0.87,0:57:14
21744,1,10.44183731079102,36.63,1,0,0.87,0:57:58
21745,1,277.4137573242188,36.63,0,1,0.87,0:57:16
21746,1,32.118362426757805,36.63,1,0,0.87,1:00:30
21747,1,222.6948394775391,36.63,1,0,0.87,0:57:09
21748,1,222.7997283935547,36.63,1,0,0.87,0:52:48
21749,1,287.5401611328125,36.63,1,0,0.87,1:09:02
21750,1,13.027480125427251,36.63,0,1,0.87,0:57:04
21751,1,321.1102600097656,36.63,0,1,0.87,1:00:23
21752,1,20.09131050109863,36.63,0,1,0.87,1:02:33
21753,1,17.5898609161377,36.63,1,0,0.87,0:55:18
21754,1,233.6640472412109,36.63,0,1,0.87,0:57:29
21755,1,29.1304931640625,36.63,0,1,0.87,1:02:50
21756,1,219.4850006103516,36.63,0,1,0.87,0:55:50
21757,1,195.2724914550781,36.63,0,1,0.87,0:53:42
21758,1,5.421722888946533,36.63,0,1,0.87,0:58:24
21759,2,218.9133148193359,36.63,1,0,0.87,0:54:00
21760,1,12.58986759185791,36.63,0,1,0.87,0:57:21
21761,1,3.765219449996948,36.63,1,0,0.87,0:53:55
21762,1,19.78066635131836,36.63,0,1,0.87,0:58:24
21763,1,14.566981315612788,36.63,1,0,0.87,0:50:41
21764,1,50.26950454711914,36.63,1,0,0.87,0:53:31
21765,1,139.7259826660156,36.63,1,0,0.87,0:54:33
21766,1,181.137939453125,36.63,0,1,0.87,0:56:08
21767,1,37.89982604980469,36.63,1,0,0.87,0:55:27
21768,1,1046.732788085938,36.63,1,0,0.87,0:54:30
21769,1,0.0,36.63,0,1,0.87,0:58:57
21770,1,77.97574615478516,36.63,0,1,0.87,0:55:57
21771,1,10.44776248931885,36.63,1,0,0.87,0:56:37
21772,1,35.90165328979492,36.63,0,1,0.87,0:55:38
21773,1,24.25078392028809,36.63,1,0,0.87,0:59:08
21774,1,1046.732788085938,36.63,0,1,0.87,0:50:55
21775,1,1628.9993896484382,36.63,0,1,0.87,0:57:00
21776,1,63.27411651611328,36.63,0,1,0.87,0:55:37
21777,1,220.8075714111328,36.63,0,1,0.87,0:50:12
21778,1,384.0559692382812,36.63,1,0,0.87,0:58:51
21779,1,120.9079360961914,36.63,1,0,0.87,0:55:50
21780,2,291.9338684082031,36.63,1,0,0.87,0:49:30
21781,1,10.913805961608892,36.63,0,1,0.87,0:57:13
21782,1,21.91367149353027,36.63,0,1,0.87,1:03:22
21783,1,232.5149993896484,36.63,0,1,0.87,0:56:51
21784,1,149.1394653320312,36.63,0,1,0.87,0:51:48
21785,1,13.29267978668213,36.63,1,0,0.87,1:00:18
21786,1,228.6362762451172,36.63,1,0,0.87,0:59:47
21787,1,138.9033355712891,36.63,1,0,0.87,0:54:10
21788,1,545.6688232421875,36.63,1,0,0.87,0:50:47
21789,1,2299.197509765625,36.63,1,0,0.87,1:04:27
21790,1,109.1946792602539,36.63,1,0,0.87,0:58:56
21791,1,303.4791564941406,36.63,1,0,0.87,1:01:21
21792,1,484.7640075683594,36.63,1,0,0.87,1:01:29
21793,1,10.96754741668701,36.63,0,1,0.87,0:58:59
21794,1,767.4879150390625,36.63,1,0,0.87,0:52:56
21795,1,215.4762725830078,36.63,0,1,0.87,0:58:10
21796,1,22.78268432617188,36.63,0,1,0.87,0:56:47
21797,1,19.07254981994629,36.63,0,1,0.87,0:58:10
21798,1,10.44776248931885,36.63,0,1,0.87,1:00:52
21799,1,571.0994873046875,36.63,0,1,0.87,0:54:44
21800,1,36.16746139526367,36.63,1,0,0.87,0:55:25
21801,1,44.45844268798828,36.63,1,0,0.87,1:01:24
21802,1,10.44776248931885,36.63,0,1,0.87,0:55:51
21803,1,23.51996421813965,36.63,0,1,0.87,1:00:11
21804,1,69.68721008300781,36.63,0,1,0.87,1:03:24
21805,1,100.3342132568359,36.63,0,1,0.87,0:56:16
21806,1,10.44776248931885,36.63,1,0,0.87,0:59:53
21807,1,16.84739112854004,36.63,0,1,0.87,0:58:56
21808,1,148.3488616943359,36.63,0,1,0.87,0:55:09
21809,1,74.23316192626953,36.63,1,0,0.87,0:58:58
21810,1,236.7088165283203,36.63,1,0,0.87,0:55:09
21811,1,21.00951385498047,36.63,0,1,0.87,0:59:31
21812,1,4.990877151489258,36.63,0,1,0.87,1:04:59
21813,1,209.4566192626953,36.63,1,0,0.87,0:57:28
21814,1,9.87485122680664,36.63,1,0,0.87,0:53:17
21815,1,140.6603088378906,36.63,1,0,0.87,0:58:44
21816,1,16.84739112854004,36.63,1,0,0.87,1:03:53
21817,1,16.84739112854004,36.63,0,1,0.87,1:00:08
21818,1,112.65697479248051,36.63,1,0,0.87,1:01:13
21819,1,249.0633392333984,36.63,1,0,0.87,0:54:39
21820,1,295.5433654785156,36.63,0,1,0.87,0:54:07
21821,1,614.4942016601562,36.63,0,1,0.87,0:54:00
21822,1,282.704345703125,36.63,0,1,0.87,0:53:22
21823,1,77.97574615478516,36.63,1,0,0.87,0:56:35
21824,1,181.5143737792969,36.63,0,1,0.87,0:55:29
21825,1,235.9955139160156,36.63,0,1,0.87,0:59:30
21826,1,2969.772216796875,36.63,1,0,0.87,0:55:53
21827,1,7.965522289276122,36.63,0,1,0.87,0:53:56
21828,1,260.84353637695307,36.63,0,1,0.87,0:59:19
21829,1,565.745849609375,36.63,0,1,0.87,0:52:56
21830,1,29.26150894165039,36.63,0,1,0.87,1:00:42
21831,1,192.3983917236328,36.63,0,1,0.87,0:54:46
21832,1,10.44183731079102,36.63,1,0,0.87,1:00:33
21833,1,366.0434265136719,36.63,0,1,0.87,0:58:52
21834,1,7.636163234710692,36.63,1,0,0.87,1:00:20
21835,1,192.8484039306641,36.63,0,1,0.87,0:50:08
21836,1,49.30255508422852,36.63,0,1,0.87,1:01:50
21837,1,259.998291015625,36.63,0,1,0.87,0:56:18
21838,1,332.7853698730469,36.63,1,0,0.87,0:57:38
21839,1,16.84739112854004,36.63,1,0,0.87,0:58:33
21840,1,31.97005462646484,36.63,0,1,0.87,0:58:33
21841,1,18.36637115478516,36.63,0,1,0.87,0:56:08
21842,1,241.7182922363281,36.63,1,0,0.87,1:03:28
21843,1,220.9884948730469,36.63,0,1,0.87,0:59:54
21844,1,52.420860290527344,36.63,0,1,0.87,0:57:37
21845,1,254.4806976318359,36.63,1,0,0.87,1:00:36
21846,1,225.5588531494141,36.63,1,0,0.87,1:01:04
21847,1,31.17976570129395,36.63,1,0,0.87,0:56:23
21848,1,1631.184326171875,36.63,0,1,0.87,0:58:38
21849,1,430.595458984375,36.63,1,0,0.87,0:57:09
21850,1,16.84739112854004,36.63,1,0,0.87,0:56:36
21851,1,19.32658767700195,36.63,0,1,0.87,0:55:54
21852,1,6.351354598999023,36.63,1,0,0.87,1:01:56
21853,2,20.61880683898926,36.63,0,1,0.87,0:57:06
21854,1,15.224977493286133,36.63,0,1,0.87,0:55:53
21855,1,1300.675048828125,36.63,0,1,0.87,0:54:47
21856,1,1361.07470703125,36.63,0,1,0.87,1:00:23
21857,1,144.2142028808594,36.63,0,1,0.87,0:58:46
21858,1,39.47004318237305,36.63,0,1,0.87,0:59:59
21859,1,1623.9774169921882,36.63,0,1,0.87,0:55:44
21860,1,219.4850006103516,36.63,0,1,0.87,1:06:38
21861,1,4.143080711364746,36.63,0,1,0.87,0:56:24
21862,1,320.0387878417969,36.63,0,1,0.87,0:56:23
21863,1,78.52559661865234,36.63,0,1,0.87,1:01:08
21864,1,10.44776248931885,36.63,0,1,0.87,0:54:58
21865,1,10.44776248931885,36.63,0,1,0.87,1:02:29
21866,1,10.32964706420898,36.63,1,0,0.87,1:02:21
21867,1,217.51953125,36.63,1,0,0.87,0:46:10
21868,1,36.52098846435547,36.63,0,1,0.87,1:00:28
21869,2,233.36956787109384,36.63,0,1,0.87,0:55:08
21870,1,236.0589599609375,36.63,0,1,0.87,0:57:49
21871,1,606.4376831054688,36.63,0,1,0.87,1:00:50
21872,1,3.920108318328857,36.63,0,1,0.87,1:00:50
21873,1,158.8190002441406,36.63,0,1,0.87,0:56:21
21874,1,2477.175048828125,36.63,0,1,0.87,1:00:39
21875,1,51.03147506713867,36.63,1,0,0.87,0:55:20
21876,1,7.965522289276122,36.63,1,0,0.87,0:55:44
21877,1,74.23316192626953,36.63,0,1,0.87,1:02:06
21878,1,187.2318572998047,36.63,0,1,0.87,0:55:44
21879,1,259.998291015625,36.63,0,1,0.87,0:54:52
21880,1,181.5143737792969,36.63,1,0,0.87,0:56:20
21881,1,384.0559692382812,36.63,0,1,0.87,0:55:04
21882,1,102.4204788208008,36.63,1,0,0.87,1:00:23
21883,1,31.97005462646484,36.63,0,1,0.87,1:01:54
21884,1,118.3513641357422,36.63,0,1,0.87,1:03:24
21885,1,9.87485122680664,36.63,0,1,0.87,1:00:06
21886,1,7.058139324188232,36.63,1,0,0.87,1:00:42
21887,1,187.3004302978516,36.63,1,0,0.87,0:59:20
21888,1,7.309962749481201,36.63,0,1,0.87,1:04:35
21889,1,137.57452392578122,36.63,1,0,0.87,0:49:04
21890,1,6.240824699401856,36.63,1,0,0.87,1:01:23
21891,1,202.2101898193359,36.63,0,1,0.87,0:55:27
21892,1,7.058139324188232,36.63,0,1,0.87,0:56:29
21893,1,6.240824699401856,36.63,1,0,0.87,1:01:22
21894,1,5.565427303314209,36.63,0,1,0.87,0:56:23
21895,1,22.25241279602051,36.63,1,0,0.87,0:51:13
21896,1,259.998291015625,36.63,1,0,0.87,1:03:21
21897,1,282.0519104003906,36.63,0,1,0.87,0:56:51
21898,1,127.74856567382808,36.63,1,0,0.87,1:00:14
21899,1,41.98091506958008,36.63,1,0,0.87,0:55:18
21900,1,149.1394653320312,36.63,1,0,0.87,0:56:01
21901,1,48.54412841796875,36.63,1,0,0.87,0:44:26
21902,1,1831.0819091796882,36.63,1,0,0.87,0:52:05
21903,1,273.60391235351557,36.63,0,1,0.87,1:01:44
21904,1,56.084815979003906,36.63,1,0,0.87,0:54:47
21905,1,104.1357421875,36.63,0,1,0.87,1:00:12
21906,1,6.952293395996094,36.63,1,0,0.87,0:56:13
21907,1,2.282873153686523,36.63,0,1,0.87,0:58:16
21908,1,10.44776248931885,36.63,0,1,0.87,0:58:23
21909,1,51.877418518066406,36.63,1,0,0.87,1:00:05
21910,1,50.26950454711914,36.63,1,0,0.87,0:57:04
21911,1,2465.108642578125,36.63,1,0,0.87,0:57:44
21912,1,259.998291015625,36.63,1,0,0.87,1:01:11
21913,1,10.96754741668701,36.63,0,1,0.87,1:00:26
21914,1,74.86676025390625,36.63,0,1,0.87,0:55:35
21915,1,194.2318115234375,36.63,1,0,0.87,0:57:59
21916,1,193.25177001953116,36.63,1,0,0.87,1:04:18
21917,1,1525.08740234375,36.63,1,0,0.87,0:49:12
21918,1,46.01627731323242,36.63,0,1,0.87,0:58:30
21919,1,48.00765991210938,36.63,1,0,0.87,0:57:50
21920,1,5.108084201812744,36.63,0,1,0.87,0:56:14
21921,1,168.8797760009766,36.63,0,1,0.87,0:59:44
21922,1,32.52695846557617,36.63,0,1,0.87,0:57:58
21923,1,1428.2430419921882,36.63,1,0,0.87,1:02:00
21924,1,14.83109951019287,36.63,1,0,0.87,0:54:22
21925,1,6.240824699401856,36.63,1,0,0.87,0:58:10
21926,1,266.2826538085938,36.63,1,0,0.87,0:57:08
21927,1,8.212539672851562,36.63,1,0,0.87,1:03:38
21928,1,868.4197998046875,36.63,0,1,0.87,0:59:55
21929,1,266.2826538085938,36.63,0,1,0.87,0:57:09
21930,1,421.3871459960938,36.63,0,1,0.87,0:57:13
21931,1,4.0,36.63,1,0,0.87,1:02:00
21932,1,187.0788269042969,36.63,1,0,0.87,0:58:39
21933,1,140.9563293457031,36.63,0,1,0.87,0:56:08
21934,1,10.44776248931885,36.63,1,0,0.87,0:57:57
21935,1,10.44183731079102,36.63,1,0,0.87,1:00:36
21936,1,31.97005462646484,36.63,0,1,0.87,0:57:58
21937,1,92.42916870117188,36.63,0,1,0.87,0:56:21
21938,1,176.3090667724609,36.63,0,1,0.87,0:57:10
21939,1,71.8073501586914,36.63,0,1,0.87,0:54:25
21940,1,15.711705207824712,36.63,1,0,0.87,1:00:55
21941,1,79.89909362792969,36.63,1,0,0.87,0:59:36
21942,1,38.576393127441406,36.63,1,0,0.87,0:51:53
21943,1,951.3828735351562,36.63,1,0,0.87,0:55:56
21944,1,31.2812614440918,36.63,0,1,0.87,0:54:35
21945,1,103.4696578979492,36.63,0,1,0.87,0:53:50
21946,1,22.59490966796875,36.63,1,0,0.87,0:50:10
21947,1,11.603414535522461,36.63,0,1,0.87,0:57:50
21948,1,16.84739112854004,36.63,0,1,0.87,1:01:54
21949,1,57.9035758972168,36.63,1,0,0.87,0:49:12
21950,1,12.35730648040771,36.63,0,1,0.87,0:56:44
21951,1,217.7653503417969,36.63,1,0,0.87,1:03:22
21952,1,58.76280212402344,36.63,1,0,0.87,0:56:31
21953,1,189.1244049072266,36.63,0,1,0.87,1:01:51
21954,1,331.5713806152344,36.63,0,1,0.87,0:56:12
21955,1,43.40748977661133,36.63,0,1,0.87,1:00:27
21956,1,134.9916687011719,36.63,0,1,0.87,0:55:55
21957,1,30.4487247467041,36.63,0,1,0.87,1:01:14
21958,1,15.224977493286133,36.63,0,1,0.87,0:53:46
21959,1,10.44183731079102,36.63,0,1,0.87,1:00:27
21960,1,232.5149993896484,36.63,1,0,0.87,0:59:49
21961,1,10.44776248931885,36.63,1,0,0.87,1:00:37
21962,1,100.90512084960942,36.63,0,1,0.87,0:59:50
21963,1,100.90512084960942,36.63,1,0,0.87,0:59:50
21964,1,54.23469924926758,36.63,0,1,0.87,0:58:58
21965,1,379.0153198242188,36.63,1,0,0.87,1:00:01
21966,1,64.37866973876953,36.63,1,0,0.87,0:57:44
21967,1,192.1578826904297,36.63,1,0,0.87,0:58:56
21968,1,1636.990966796875,36.63,0,1,0.87,0:57:00
21969,1,241.75341796875,36.63,0,1,0.87,0:57:23
21970,1,6.240824699401856,36.63,1,0,0.87,1:00:05
21971,1,39.21760559082031,36.63,0,1,0.87,1:02:50
21972,1,976.9442138671876,36.63,0,1,0.87,0:54:02
21973,1,233.2363739013672,36.63,1,0,0.87,0:59:07
21974,1,37.9741325378418,36.63,0,1,0.87,1:00:44
21975,1,190.1930236816406,36.63,0,1,0.87,1:01:04
21976,1,140.6603088378906,36.63,1,0,0.87,0:53:37
21977,1,134.5782775878906,36.63,0,1,0.87,0:55:45
21978,1,344.7054748535156,36.63,0,1,0.87,0:57:40
21979,1,219.4850006103516,36.63,0,1,0.87,0:58:20
21980,1,226.950927734375,36.63,0,1,0.87,1:01:41
21981,1,198.6544494628906,36.63,1,0,0.87,0:59:49
21982,1,89.54932403564453,36.63,1,0,0.87,1:00:23
21983,1,10.44776248931885,36.63,0,1,0.87,1:00:22
21984,1,344.7054748535156,36.63,0,1,0.87,0:57:44
21985,1,37.14537048339844,36.63,1,0,0.87,0:55:03
21986,1,80.32720947265625,36.63,0,1,0.87,0:57:19
21987,1,222.7997283935547,36.63,1,0,0.87,1:01:40
21988,1,259.998291015625,36.63,0,1,0.87,0:55:44
21989,1,178.32672119140616,36.63,1,0,0.87,1:02:00
21990,1,7.058139324188232,36.63,1,0,0.87,0:59:56
21991,1,10.054220199584961,36.63,1,0,0.87,0:57:18
21992,1,425.5066223144531,36.63,0,1,0.87,0:53:23
21993,1,25.37751960754395,36.63,1,0,0.87,0:54:49
21994,1,1325.164916992188,36.63,1,0,0.87,0:51:48
21995,1,20.63361167907715,36.63,1,0,0.87,0:54:49
21996,1,1311.276123046875,36.63,1,0,0.87,0:49:44
21997,1,21.80615043640137,36.63,0,1,0.87,0:56:06
21998,1,10.44776248931885,36.63,1,0,0.87,0:56:16
21999,1,11.86605930328369,36.63,0,1,0.87,0:59:59
22000,1,4.579788208007812,36.63,1,0,0.87,0:59:10
22001,1,10.44776248931885,36.63,0,1,0.87,0:59:35
22002,1,233.2363739013672,36.63,0,1,0.87,0:59:13
22003,1,91.7226791381836,36.63,1,0,0.87,1:02:18
22004,1,7.965522289276122,36.63,1,0,0.87,0:57:12
22005,1,10.96754741668701,36.63,0,1,0.87,0:56:26
22006,1,6.240824699401856,36.63,0,1,0.87,1:01:35
22007,1,1185.627197265625,36.63,0,1,0.87,0:55:43
22008,1,3.791347503662109,36.63,0,1,0.87,0:58:22
22009,1,89.54932403564453,36.63,1,0,0.87,1:01:16
22010,1,196.8123321533203,36.63,0,1,0.87,0:58:18
22011,1,22.25241279602051,36.63,1,0,0.87,0:59:47
22012,1,244.6195983886719,36.63,0,1,0.87,0:53:51
22013,1,10.44776248931885,36.63,1,0,0.87,0:59:16
22014,1,89.85609436035156,36.63,0,1,0.87,0:53:52
22015,1,4.303764820098877,36.63,0,1,0.87,0:56:39
22016,1,398.2716369628906,36.63,0,1,0.87,0:55:21
22017,1,16.83182334899902,36.63,1,0,0.87,0:57:32
22018,1,91.7226791381836,36.63,0,1,0.87,1:03:52
22019,1,91.7226791381836,36.63,0,1,0.87,1:03:53
22020,1,7.058139324188232,36.63,1,0,0.87,1:01:55
22021,1,122.4685211181641,36.63,1,0,0.87,1:00:35
22022,1,67.31046295166016,36.63,0,1,0.87,0:54:50
22023,1,86.71595001220703,36.63,0,1,0.87,0:57:59
22024,1,91.85733795166016,36.63,0,1,0.87,1:01:09
22025,1,149.1394653320312,36.63,1,0,0.87,0:49:28
22026,1,342.0,36.63,0,1,0.87,0:58:35
22027,1,614.4942016601562,36.63,1,0,0.87,0:55:59
22028,1,56.084815979003906,36.63,0,1,0.87,0:57:15
22029,1,167.9832916259766,36.63,1,0,0.87,0:55:04
22030,1,10.44776248931885,36.63,0,1,0.87,0:59:07
22031,1,29.1304931640625,36.63,0,1,0.87,1:01:41
22032,1,6.240824699401856,36.63,0,1,0.87,1:02:46
22033,1,25.88694953918457,36.63,1,0,0.87,0:53:54
22034,1,10.65874290466309,36.63,1,0,0.87,0:44:28
22035,1,2.411711931228638,36.63,1,0,0.87,0:53:24
22036,1,384.0559692382812,36.63,1,0,0.87,0:50:42
22037,1,571.0994873046875,36.63,1,0,0.87,0:50:42
22038,1,41.98091506958008,36.63,1,0,0.87,1:01:26
22039,1,588.7814331054688,36.63,0,1,0.87,0:54:05
22040,1,31.52193450927734,36.63,0,1,0.87,0:55:02
22041,1,102.18041229248051,36.63,0,1,0.87,0:59:29
22042,1,1605.6175537109382,36.63,0,1,0.87,0:55:21
22043,1,19.07568550109863,36.63,0,1,0.87,0:57:22
22044,1,10.44776248931885,36.63,1,0,0.87,1:02:19
22045,1,35.48947143554688,36.63,1,0,0.87,0:58:31
22046,1,142.791748046875,36.63,0,1,0.87,1:00:15
22047,1,392.9354553222656,36.63,0,1,0.87,1:00:44
22048,1,141.1842498779297,36.63,0,1,0.87,0:58:43
22049,1,11.782959938049322,36.63,0,1,0.87,0:58:29
22050,1,31.97005462646484,36.63,0,1,0.87,0:58:46
22051,1,259.998291015625,36.63,1,0,0.87,0:56:25
22052,1,14.32654094696045,36.63,1,0,0.87,1:02:11
22053,1,236.8426971435547,36.63,1,0,0.87,0:53:39
22054,1,50.82839584350586,36.63,1,0,0.87,1:00:54
22055,1,66.60700225830078,36.63,1,0,0.87,0:54:50
22056,1,78.6194839477539,36.63,1,0,0.87,1:01:42
22057,1,237.6291656494141,36.63,1,0,0.87,0:57:21
22058,1,216.5862274169922,36.63,0,1,0.87,0:58:00
22059,1,606.4376831054688,36.63,0,1,0.87,0:52:49
22060,1,236.6261138916016,36.63,1,0,0.87,0:54:23
22061,1,54.23469924926758,36.63,0,1,0.87,1:01:43
22062,1,7.058139324188232,36.63,0,1,0.87,1:03:37
22063,1,224.9377288818359,36.63,0,1,0.87,0:54:02
22064,1,67.15016174316406,36.63,1,0,0.87,0:55:07
22065,1,292.8221740722656,36.63,1,0,0.87,0:53:31
22066,1,148.2424926757812,36.63,1,0,0.87,0:54:08
22067,1,259.998291015625,36.63,0,1,0.87,0:55:12
22068,1,89.69725036621094,36.63,0,1,0.87,1:01:14
22069,1,101.7698516845703,36.63,0,1,0.87,1:01:32
22070,1,16.84739112854004,36.63,0,1,0.87,1:00:13
22071,1,134.9916687011719,36.63,1,0,0.87,0:59:44
22072,1,28.003864288330078,36.63,0,1,0.87,1:02:03
22073,1,298.6752014160156,36.63,0,1,0.87,0:58:18
22074,1,1290.2666015625,36.63,0,1,0.87,0:59:50
22075,1,28.003864288330078,36.63,0,1,0.87,1:02:03
22076,1,184.2229766845703,36.63,1,0,0.87,0:54:26
22077,1,10.44776248931885,36.63,1,0,0.87,0:59:58
22078,1,259.998291015625,36.63,0,1,0.87,0:56:57
22079,1,219.4850006103516,36.63,0,1,0.87,1:01:09
22080,1,662.5640869140625,36.63,0,1,0.87,0:57:53
22081,1,7.058139324188232,36.63,1,0,0.87,1:01:03
22082,1,165.3308258056641,36.63,1,0,0.87,0:56:39
22083,1,45.1541862487793,36.63,0,1,0.87,0:55:11
22084,1,4.194859027862549,36.63,0,1,0.87,1:02:57
22085,1,228.5584411621094,36.63,0,1,0.87,0:56:25
22086,1,14.03607654571533,36.63,1,0,0.87,1:01:44
22087,1,486.5151062011719,36.63,0,1,0.87,0:55:36
22088,1,180.95611572265616,36.63,0,1,0.87,0:55:51
22089,1,10.44776248931885,36.63,1,0,0.87,1:01:00
22090,1,16.84739112854004,36.63,0,1,0.87,0:55:00
22091,1,270.5533447265625,36.63,1,0,0.87,1:02:25
22092,1,43.40748977661133,36.63,1,0,0.87,0:41:17
22093,1,259.998291015625,36.63,0,1,0.87,0:59:22
22094,1,255.7295837402344,36.63,1,0,0.87,0:58:10
22095,1,9.22296905517578,36.63,0,1,0.87,1:02:41
22096,1,4.143080711364746,36.63,0,1,0.87,1:02:40
22097,1,55.22239303588867,36.63,0,1,0.87,1:03:28
22098,1,239.9998931884766,36.63,0,1,0.87,0:54:07
22099,1,177.8342437744141,36.63,1,0,0.87,1:05:23
22100,1,106.87122344970699,36.63,0,1,0.87,0:53:43
22101,1,48.10107803344727,36.63,0,1,0.87,1:01:02
22102,1,31.97005462646484,36.63,1,0,0.87,1:03:11
22103,1,421.3871459960938,36.63,1,0,0.87,1:03:11
22104,1,31.97005462646484,36.63,0,1,0.87,1:03:13
22105,1,292.6947631835938,36.63,0,1,0.87,0:57:13
22106,1,13.346641540527338,36.63,0,1,0.87,1:02:04
22107,1,16.19905471801758,36.63,1,0,0.87,0:49:31
22108,1,93.0883560180664,36.63,1,0,0.87,0:58:15
22109,1,10.65874290466309,36.63,1,0,0.87,0:48:42
22110,1,6.512597560882568,36.63,0,1,0.87,0:58:23
22111,1,259.998291015625,36.63,1,0,0.87,0:57:57
22112,1,15.55781936645508,36.63,1,0,0.87,1:04:44
22113,1,10.054220199584961,36.63,1,0,0.87,1:03:00
22114,1,19.07254981994629,36.63,1,0,0.87,0:51:45
22115,1,1089.23193359375,36.63,0,1,0.87,0:53:19
22116,1,1.637348413467407,36.63,1,0,0.87,0:58:22
22117,1,213.9208221435547,36.63,0,1,0.87,0:58:58
22118,1,213.9208221435547,36.63,0,1,0.87,0:58:59
22119,1,19.07254981994629,36.63,1,0,0.87,1:03:16
22120,1,217.2309417724609,36.63,0,1,0.87,0:58:21
22121,1,1082.839965820312,36.63,0,1,0.87,0:56:31
22122,1,10.44776248931885,36.63,0,1,0.87,0:57:13
22123,1,379.7075805664062,36.63,1,0,0.87,0:57:23
22124,1,77.97574615478516,36.63,0,1,0.87,0:59:37
22125,1,140.9442596435547,36.63,0,1,0.87,1:03:26
22126,1,5.020810604095459,36.63,0,1,0.87,1:03:26
22127,1,116.2873992919922,36.63,0,1,0.87,0:56:23
22128,1,7.579835891723633,36.63,1,0,0.87,0:56:51
22129,1,10.44776248931885,36.63,1,0,0.87,0:59:01
22130,1,108.9886856079102,36.63,1,0,0.87,0:54:36
22131,1,5.020810604095459,36.63,0,1,0.87,0:54:12
22132,1,339.9327087402344,36.63,0,1,0.87,0:58:55
22133,1,102.071533203125,36.63,0,1,0.87,0:59:05
22134,1,2133.544677734375,36.63,1,0,0.87,0:55:04
22135,1,109.13800048828121,36.63,0,1,0.87,0:57:34
22136,1,7.058139324188232,36.63,0,1,0.87,1:03:32
22137,1,101.50933837890621,36.63,1,0,0.87,0:59:55
22138,1,34.05218887329102,36.63,1,0,0.87,1:02:11
22139,1,10.71148586273193,36.63,0,1,0.87,1:05:00
22140,1,29.34052085876465,36.63,1,0,0.87,0:52:11
22141,1,7.309962749481201,36.63,1,0,0.87,1:03:53
22142,1,116.2873992919922,36.63,1,0,0.87,1:03:39
22143,1,22.78268432617188,36.63,1,0,0.87,1:03:03
22144,1,10.44776248931885,36.63,0,1,0.87,1:03:54
22145,1,317.7398071289062,36.63,0,1,0.87,0:51:55
22146,1,10.44776248931885,36.63,0,1,0.87,1:04:25
22147,1,31.97005462646484,36.63,0,1,0.87,1:03:54
22148,1,7.309962749481201,36.63,0,1,0.87,0:59:34
22149,1,11.085031509399409,36.63,0,1,0.87,0:59:35
22150,1,3.920108318328857,36.63,0,1,0.87,0:59:12
22151,1,14.566981315612788,36.63,0,1,0.87,1:01:32
22152,1,188.5019378662109,36.63,0,1,0.87,1:00:19
22153,1,407.7540283203125,36.63,1,0,0.87,1:00:38
22154,1,86.84709167480469,36.63,0,1,0.87,0:55:21
22155,1,142.3699798583984,36.63,0,1,0.87,0:54:24
22156,1,77.97574615478516,36.63,0,1,0.87,0:59:26
22157,1,1140.048706054688,36.63,0,1,0.87,0:58:09
22158,1,13.52747440338135,36.63,0,1,0.87,0:56:40
22159,1,39.47004318237305,36.63,1,0,0.87,0:59:36
22160,1,4.143080711364746,36.63,1,0,0.87,1:00:30
22161,1,93.64971923828124,36.63,0,1,0.87,0:53:19
22162,1,1046.732788085938,36.63,0,1,0.87,0:52:53
22163,1,2229.72216796875,36.63,1,0,0.87,0:59:05
22164,1,254.7844543457031,36.63,0,1,0.87,1:00:30
22165,1,196.8123321533203,36.63,1,0,0.87,0:59:18
22166,1,178.42401123046884,36.63,0,1,0.87,1:02:36
22167,1,259.998291015625,36.63,1,0,0.87,1:02:29
22168,1,2099.748779296875,36.63,0,1,0.87,0:59:48
22169,1,238.07537841796884,36.63,0,1,0.87,0:52:05
22170,1,1831.0819091796882,36.63,1,0,0.87,0:55:30
22171,1,55.65824508666992,36.63,1,0,0.87,0:50:23
22172,1,137.57452392578122,36.63,0,1,0.87,0:56:50
22173,1,39.18559646606445,36.63,1,0,0.87,1:01:01
22174,1,3.920108318328857,36.63,0,1,0.87,1:00:02
22175,1,47.6925277709961,36.63,1,0,0.87,0:57:21
22176,1,77.97574615478516,36.63,0,1,0.87,0:55:12
22177,1,37.5223388671875,36.63,1,0,0.87,1:00:35
22178,1,77.40332794189453,36.63,1,0,0.87,0:55:49
22179,1,6.916175365447997,36.63,0,1,0.87,1:02:42
22180,1,297.332763671875,36.63,1,0,0.87,0:53:34
22181,1,10.44776248931885,36.63,0,1,0.87,1:03:20
22182,1,7.662844181060791,36.63,0,1,0.87,1:02:04
22183,1,320.0387878417969,36.63,0,1,0.87,1:03:42
22184,1,27.96543884277344,36.63,0,1,0.87,0:58:12
22185,1,259.998291015625,36.63,1,0,0.87,0:59:39
22186,1,71.8073501586914,36.63,0,1,0.87,0:55:21
22187,1,15.32443046569824,36.63,1,0,0.87,0:55:25
22188,1,2136.445068359375,36.63,0,1,0.87,0:51:14
22189,1,259.998291015625,36.63,1,0,0.87,1:01:48
22190,1,95.99735260009766,36.63,0,1,0.87,0:51:44
22191,1,4.784560680389403,36.63,1,0,0.87,0:57:08
22192,1,32.52695846557617,36.63,0,1,0.87,0:57:58
22193,1,287.1083679199219,36.63,0,1,0.87,1:04:25
22194,1,330.508056640625,36.63,0,1,0.87,1:04:25
22195,1,142.4252166748047,36.63,1,0,0.87,0:56:41
22196,1,31.15179443359375,36.63,1,0,0.87,1:03:23
22197,1,31.15179443359375,36.63,1,0,0.87,1:03:22
22198,1,241.0966949462891,36.63,1,0,0.87,0:57:50
22199,1,16.00442504882812,36.63,0,1,0.87,0:57:46
22200,1,291.75537109375,36.63,0,1,0.87,1:00:11
22201,1,290.0662231445312,36.63,0,1,0.87,0:55:19
22202,1,321.9679870605469,36.63,0,1,0.87,1:07:10
22203,1,12.54732036590576,36.63,1,0,0.87,0:58:57
22204,1,14.566981315612788,36.63,1,0,0.87,1:03:47
22205,1,2229.72216796875,36.63,0,1,0.87,0:55:24
22206,1,120.8983688354492,36.63,1,0,0.87,0:54:11
22207,1,10.44776248931885,36.63,0,1,0.87,1:00:06
22208,1,259.998291015625,36.63,1,0,0.87,0:55:54
22209,1,8.438035011291504,36.63,1,0,0.87,0:56:43
22210,1,1354.186645507812,36.63,0,1,0.87,0:53:43
22211,1,6.433401107788086,36.63,0,1,0.87,0:59:21
22212,1,10.44776248931885,36.63,0,1,0.87,1:02:11
22213,1,219.0861511230469,36.63,1,0,0.87,0:51:46
22214,1,35.99068832397461,36.63,1,0,0.87,0:58:37
22215,1,36.16746139526367,36.63,0,1,0.87,1:02:40
22216,1,10.44776248931885,36.63,0,1,0.87,1:02:36
22217,1,259.998291015625,36.63,1,0,0.87,0:54:32
22218,1,52.51739120483398,36.63,1,0,0.87,0:59:49
22219,1,167.9832916259766,36.63,0,1,0.87,0:54:52
22220,1,3.8890023231506343,36.63,1,0,0.87,1:00:56
22221,1,81.34762573242188,36.63,0,1,0.87,0:56:20
22222,1,36.75872421264648,36.63,0,1,0.87,0:55:35
22223,1,10.0096321105957,36.63,1,0,0.87,0:57:57
22224,1,242.2535705566406,36.63,0,1,0.87,1:04:17
22225,1,142.9162445068359,36.63,1,0,0.87,0:56:11
22226,1,74.23316192626953,36.63,0,1,0.87,0:55:04
22227,1,46.06496810913086,36.63,0,1,0.87,0:57:25
22228,1,51.94340515136719,36.63,0,1,0.87,0:57:06
22229,1,182.7666320800781,36.63,1,0,0.87,0:48:03
22230,1,267.18069458007807,36.63,0,1,0.87,0:55:16
22231,1,267.18069458007807,36.63,0,1,0.87,0:55:15
22232,1,228.6362762451172,36.63,0,1,0.87,0:56:24
22233,1,228.6362762451172,36.63,0,1,0.87,0:56:24
22234,1,262.5374755859375,36.63,1,0,0.87,0:56:25
22235,1,39.21760559082031,36.63,0,1,0.87,0:54:58
22236,1,344.7054748535156,36.63,1,0,0.87,0:58:47
22237,1,7.459250450134277,36.63,1,0,0.87,0:56:25
22238,1,614.4942016601562,36.63,0,1,0.87,0:58:49
22239,1,6.110790252685548,36.63,0,1,0.87,1:00:37
22240,1,9.03772258758545,36.63,1,0,0.87,0:54:26
22241,1,3.920108318328857,36.63,0,1,0.87,0:59:52
22242,1,254.7844543457031,36.63,1,0,0.87,0:55:18
22243,1,289.4905090332031,36.63,1,0,0.87,0:55:18
22244,1,77.97574615478516,36.63,0,1,0.87,0:58:28
22245,1,112.8320083618164,36.63,1,0,0.87,0:58:07
22246,1,200.3173065185547,36.63,1,0,0.87,0:53:39
22247,1,215.4762725830078,36.63,0,1,0.87,0:57:22
22248,1,199.6450042724609,36.63,1,0,0.87,0:49:18
22249,1,77.3214340209961,36.63,1,0,0.87,1:01:15
22250,1,10.44183731079102,36.63,0,1,0.87,1:00:20
22251,1,167.9832916259766,36.63,0,1,0.87,0:57:24
22252,1,71.8073501586914,36.63,0,1,0.87,0:58:15
22253,1,6.240824699401856,36.63,1,0,0.87,1:02:22
22254,1,8.241552352905272,36.63,0,1,0.87,1:03:05
22255,1,197.91021728515616,36.63,1,0,0.87,1:01:00
22256,1,6.240824699401856,36.63,0,1,0.87,1:02:23
22257,1,288.7768859863281,36.63,0,1,0.87,0:57:31
22258,1,76.49766540527344,36.63,1,0,0.87,0:58:18
22259,1,26.14098167419434,36.63,0,1,0.87,1:01:28
22260,1,10.44776248931885,36.63,1,0,0.87,1:01:13
22261,1,196.8123321533203,36.63,1,0,0.87,1:01:53
22262,1,7.309962749481201,36.63,0,1,0.87,0:59:41
22263,1,52.51739120483398,36.63,0,1,0.87,0:57:33
22264,1,303.0,36.63,0,1,0.87,1:00:04
22265,1,16.84739112854004,36.63,1,0,0.87,0:55:12
22266,1,22.78268432617188,36.63,1,0,0.87,0:53:34
22267,1,10.44776248931885,36.63,0,1,0.87,0:59:48
22268,1,233.7287750244141,36.63,1,0,0.87,0:56:53
22269,1,259.998291015625,36.63,0,1,0.87,0:56:04
22270,1,81.6724853515625,36.63,0,1,0.87,0:55:43
22271,1,74.23316192626953,36.63,0,1,0.87,1:00:20
22272,1,1398.2740478515618,36.63,0,1,0.87,0:57:26
22273,1,236.900634765625,36.63,1,0,0.87,0:59:07
22274,1,16.83182334899902,36.63,0,1,0.87,1:06:54
22275,1,8.0,36.63,1,0,0.87,0:55:49
22276,1,10.44776248931885,36.63,0,1,0.87,1:00:20
22277,1,203.5360870361328,36.63,0,1,0.87,0:53:00
22278,1,430.595458984375,36.63,1,0,0.87,1:02:52
22279,1,7.209052085876465,36.63,0,1,0.87,1:01:30
22280,1,10.44776248931885,36.63,1,0,0.87,1:02:42
22281,1,1641.6605224609382,36.63,1,0,0.87,0:56:08
22282,1,374.1132507324219,36.63,1,0,0.87,0:55:14
22283,1,199.2205810546875,36.63,1,0,0.87,0:55:55
22284,1,41.98091506958008,36.63,1,0,0.87,1:02:52
22285,1,6.206067562103272,36.63,0,1,0.87,0:54:00
22286,1,139.42889404296878,36.63,0,1,0.87,1:00:58
22287,1,109.1946792602539,36.63,0,1,0.87,1:00:59
22288,1,18.05331420898438,36.63,0,1,0.87,1:02:01
22289,1,315.6446228027344,36.63,0,1,0.87,1:02:20
22290,1,157.0671691894531,36.63,0,1,0.87,0:53:40
22291,1,13.70071506500244,36.63,1,0,0.87,0:59:02
22292,1,169.5493469238281,36.63,0,1,0.87,0:56:03
22293,1,37.14537048339844,36.63,1,0,0.87,1:02:41
22294,1,10.44776248931885,36.63,0,1,0.87,1:02:11
22295,1,8.212539672851562,36.63,1,0,0.87,1:01:57
22296,1,105.6290054321289,36.63,0,1,0.87,0:57:25
22297,1,11.65360832214355,36.63,1,0,0.87,0:55:31
22298,1,20.6988353729248,36.63,0,1,0.87,1:04:39
22299,1,224.9872589111328,36.63,0,1,0.87,1:01:57
22300,1,260.84353637695307,36.63,0,1,0.87,1:02:47
22301,1,4.303764820098877,36.63,1,0,0.87,0:57:06
22302,1,7.707507610321045,36.63,0,1,0.87,0:56:29
22303,1,6.240824699401856,36.63,0,1,0.87,1:03:12
22304,1,36.75872421264648,36.63,0,1,0.87,1:01:47
22305,1,244.1101379394531,36.63,1,0,0.87,0:58:51
22306,1,21.80615043640137,36.63,0,1,0.87,0:56:46
22307,1,328.505859375,36.63,0,1,0.87,0:56:45
22308,1,93.24968719482422,36.63,1,0,0.87,1:00:30
22309,1,231.64434814453116,36.63,0,1,0.87,1:01:25
22310,1,7.058139324188232,36.63,1,0,0.87,0:59:20
22311,1,242.7269287109375,36.63,1,0,0.87,0:56:16
22312,1,91.7226791381836,36.63,0,1,0.87,1:00:16
22313,1,611.3375244140625,36.63,0,1,0.87,0:52:22
22314,1,35.48947143554688,36.63,0,1,0.87,1:02:08
22315,1,100.44088745117192,36.63,0,1,0.87,0:52:48
22316,1,95.77094268798828,36.63,0,1,0.87,0:57:14
22317,1,1197.311279296875,36.63,1,0,0.87,1:01:44
22318,1,45.278038024902344,36.63,0,1,0.87,0:54:58
22319,1,139.75041198730472,36.63,0,1,0.87,1:00:43
22320,1,259.998291015625,36.63,1,0,0.87,0:50:16
22321,1,10.58681583404541,36.63,1,0,0.87,1:02:48
22322,1,15.224977493286133,36.63,0,1,0.87,0:55:22
22323,1,306.8977661132812,36.63,1,0,0.87,0:51:13
22324,1,15.87549114227295,36.63,0,1,0.87,0:57:12
22325,1,50.26950454711914,36.63,0,1,0.87,0:55:25
22326,1,50.26950454711914,36.63,0,1,0.87,0:55:26
22327,1,19.07254981994629,36.63,1,0,0.87,1:00:47
22328,1,331.5245056152344,36.63,0,1,0.87,0:56:25
22329,1,6.029303550720215,36.63,0,1,0.87,0:53:50
22330,1,10.44776248931885,36.63,0,1,0.87,1:02:24
22331,1,5.020810604095459,36.63,0,1,0.87,0:53:03
22332,1,29.1304931640625,36.63,1,0,0.87,1:03:05
22333,1,6.090157508850098,36.63,0,1,0.87,1:01:13
22334,1,457.5611877441406,36.63,0,1,0.87,0:57:59
22335,1,242.7269287109375,36.63,0,1,0.87,0:55:42
22336,1,508.5125427246094,36.63,1,0,0.87,0:55:03
22337,1,1335.764770507812,36.63,1,0,0.87,1:05:03
22338,1,282.704345703125,36.63,1,0,0.87,0:56:20
22339,1,180.2863311767578,36.63,0,1,0.87,1:00:53
22340,1,10.44776248931885,36.63,0,1,0.87,1:04:46
22341,1,207.4205627441406,36.63,1,0,0.87,0:56:30
22342,1,219.4850006103516,36.63,1,0,0.87,1:06:48
22343,1,17.08505821228027,36.63,0,1,0.87,0:54:51
22344,1,105.9341201782227,36.63,0,1,0.87,0:54:52
22345,1,25.5869197845459,36.63,0,1,0.87,0:56:05
22346,1,3.718539714813232,36.63,1,0,0.87,0:53:06
22347,1,30.97216606140137,36.63,1,0,0.87,0:57:26
22348,1,598.945068359375,36.63,0,1,0.87,1:00:37
22349,1,1831.0819091796882,36.63,0,1,0.87,1:01:19
22350,1,254.4806976318359,36.63,1,0,0.87,1:00:03
22351,1,62.09518432617188,36.63,1,0,0.87,1:02:47
22352,1,36.75872421264648,36.63,1,0,0.87,1:03:18
22353,1,10.44776248931885,36.63,1,0,0.87,0:54:18
22354,1,38.128883361816406,36.63,0,1,0.87,0:55:43
22355,1,544.7928466796875,36.63,1,0,0.87,1:00:38
22356,1,282.704345703125,36.63,1,0,0.87,0:54:03
22357,1,116.2873992919922,36.63,1,0,0.87,1:01:43
22358,1,16.84739112854004,36.63,0,1,0.87,0:58:38
22359,1,16.58113670349121,36.63,0,1,0.87,0:59:51
22360,1,16.58113670349121,36.63,1,0,0.87,0:59:51
22361,1,321.1556396484375,36.63,0,1,0.87,0:54:32
22362,1,377.5501098632812,36.63,0,1,0.87,0:57:53
22363,1,51.877418518066406,36.63,0,1,0.87,0:58:40
22364,1,11.085031509399409,36.63,1,0,0.87,1:01:54
22365,1,31.52193450927734,36.63,0,1,0.87,0:54:29
22366,1,20.80054664611816,36.63,1,0,0.87,0:57:52
22367,1,197.583984375,36.63,1,0,0.87,1:02:36
22368,1,16.84739112854004,36.63,1,0,0.87,0:58:38
22369,1,273.60391235351557,36.63,0,1,0.87,1:03:25
22370,1,10.44183731079102,36.63,1,0,0.87,1:01:19
22371,1,320.0387878417969,36.63,1,0,0.87,0:56:28
22372,1,226.5792541503906,36.63,1,0,0.87,0:59:53
22373,1,22.12597465515137,36.63,0,1,0.87,1:00:38
22374,1,99.12141418457031,36.63,0,1,0.87,1:00:38
22375,1,8.212539672851562,36.63,0,1,0.87,1:01:04
22376,1,39.21760559082031,36.63,0,1,0.87,1:02:45
22377,1,393.7900390625,36.63,0,1,0.87,0:57:07
22378,1,10.44183731079102,36.63,0,1,0.87,0:59:47
22379,1,86.84709167480469,36.63,0,1,0.87,1:00:06
22380,1,52.04446411132812,36.63,0,1,0.87,0:57:49
22381,1,252.96630859375,36.63,0,1,0.87,0:55:24
22382,1,47.49871826171875,36.63,0,1,0.87,0:49:26
22383,1,38.98093795776367,36.63,0,1,0.87,0:59:13
22384,1,25.10855293273926,36.63,0,1,0.87,0:57:09
22385,1,10.44776248931885,36.63,0,1,0.87,0:59:30
22386,1,237.44512939453116,36.63,0,1,0.87,1:02:52
22387,1,2.7369754314422607,36.63,0,1,0.87,0:55:40
22388,1,18.05331420898438,36.63,1,0,0.87,0:57:36
22389,1,10.58681583404541,36.63,1,0,0.87,1:00:36
22390,1,55.65824508666992,36.63,0,1,0.87,0:59:12
22391,1,34.564208984375,36.63,0,1,0.87,1:04:11
22392,1,17.42758941650391,36.63,0,1,0.87,0:55:18
22393,1,16.83182334899902,36.63,0,1,0.87,1:04:58
22394,1,91.7226791381836,36.63,0,1,0.87,0:57:56
22395,1,10.96754741668701,36.63,0,1,0.87,1:01:45
22396,1,11.57025718688965,36.63,1,0,0.87,0:54:54
22397,1,10.44776248931885,36.63,0,1,0.87,0:58:51
22398,1,37.85586547851562,36.63,1,0,0.87,1:02:58
22399,1,197.587646484375,36.63,1,0,0.87,1:00:35
22400,1,9.390371322631836,36.63,1,0,0.87,1:02:10
22401,1,3.269193410873413,36.63,1,0,0.87,0:59:22
22402,1,187.9427490234375,36.63,0,1,0.87,0:54:29
22403,1,342.0,36.63,0,1,0.87,0:53:44
22404,1,3.8890023231506343,36.63,1,0,0.87,0:59:51
22405,1,137.57452392578122,36.63,0,1,0.87,0:57:00
22406,1,2229.72216796875,36.63,0,1,0.87,0:57:36
22407,1,44.61593246459961,36.63,1,0,0.87,1:03:06
22408,1,220.8075714111328,36.63,1,0,0.87,0:59:16
22409,1,2758.343505859375,36.63,1,0,0.87,0:59:15
22410,1,10.44183731079102,36.63,1,0,0.87,1:01:31
22411,1,50.79936981201172,36.63,0,1,0.87,0:58:00
22412,1,267.03823852539057,36.63,1,0,0.87,0:53:49
22413,1,16.84739112854004,36.63,1,0,0.87,1:01:10
22414,1,229.8807525634766,36.63,0,1,0.87,0:58:16
22415,1,235.5627136230469,36.63,1,0,0.87,0:53:39
22416,1,31.97005462646484,36.63,1,0,0.87,1:05:36
22417,1,209.8311004638672,36.63,1,0,0.87,1:00:26
22418,1,32.27655410766602,36.63,1,0,0.87,0:52:50
22419,1,10.44183731079102,36.63,0,1,0.87,0:54:51
22420,1,196.8123321533203,36.63,0,1,0.87,1:01:16
22421,1,168.8175964355469,36.63,1,0,0.87,0:58:44
22422,1,10.06689834594727,36.63,0,1,0.87,0:58:55
22423,1,291.1369323730469,36.63,0,1,0.87,0:53:28
22424,1,261.54904174804693,36.63,0,1,0.87,0:59:06
22425,1,197.583984375,36.63,1,0,0.87,0:55:44
22426,1,1300.004516601562,36.63,0,1,0.87,0:58:56
22427,1,128.7528991699219,36.63,0,1,0.87,0:53:04
22428,1,244.6195983886719,36.63,1,0,0.87,0:58:11
22429,1,17.88627624511719,36.63,1,0,0.87,0:55:03
22430,1,11.57025718688965,36.63,1,0,0.87,0:58:09
22431,1,19.07254981994629,36.63,1,0,0.87,0:58:15
22432,1,8.212539672851562,36.63,1,0,0.87,1:02:58
22433,1,221.179931640625,36.63,0,1,0.87,0:53:15
22434,1,384.8033752441406,36.63,0,1,0.87,0:43:18
22435,1,14.566981315612788,36.63,1,0,0.87,0:57:19
22436,1,1729.5029296875,36.63,0,1,0.87,1:01:15
22437,1,5.9770612716674805,36.63,1,0,0.87,0:49:39
22438,1,40.34015655517578,36.63,1,0,0.87,0:46:35
22439,1,22.59490966796875,36.63,1,0,0.87,0:53:41
22440,1,16.84739112854004,36.63,0,1,0.87,0:59:54
22441,2,14.070459365844732,36.63,1,0,0.87,0:55:04
22442,1,77.97574615478516,36.63,0,1,0.87,0:54:43
22443,1,42.4488639831543,36.63,0,1,0.87,0:56:43
22444,1,614.4942016601562,36.63,1,0,0.87,0:57:43
22445,1,31.97005462646484,36.63,1,0,0.87,1:00:54
22446,1,35.99068832397461,36.63,1,0,0.87,1:04:18
22447,1,2131.297607421875,36.63,0,1,0.87,0:55:27
22448,1,7.309962749481201,36.63,0,1,0.87,1:06:45
22449,1,10.44776248931885,36.63,1,0,0.87,1:01:47
22450,1,219.4850006103516,36.63,0,1,0.87,1:01:29
22451,1,219.4850006103516,36.63,0,1,0.87,0:56:13
22452,1,36.16746139526367,36.63,0,1,0.87,1:01:40
22453,1,237.0304260253906,36.63,0,1,0.87,0:53:02
22454,1,35.71042251586914,36.63,1,0,0.87,1:04:02
22455,1,17.02677917480469,36.63,1,0,0.87,0:57:19
22456,1,10.44776248931885,36.63,1,0,0.87,0:51:35
22457,1,1881.796875,36.63,0,1,0.87,0:57:52
22458,1,16.84739112854004,36.63,1,0,0.87,0:57:44
22459,1,22.24826240539551,36.63,0,1,0.87,0:55:54
22460,1,27.96543884277344,36.63,0,1,0.87,1:01:07
22461,1,126.1217880249023,36.63,0,1,0.87,0:59:34
22462,1,11.085031509399409,36.63,1,0,0.87,0:54:55
22463,1,46.732627868652344,36.63,0,1,0.87,1:04:05
22464,1,4.143080711364746,36.63,1,0,0.87,0:56:14
22465,1,52.51739120483398,36.63,0,1,0.87,0:55:19
22466,1,15.32443046569824,36.63,0,1,0.87,1:00:07
22467,1,24.80491638183594,36.63,1,0,0.87,1:01:55
22468,1,91.7226791381836,36.63,0,1,0.87,0:53:22
22469,1,149.1394653320312,36.63,1,0,0.87,0:57:28
22470,1,7.662844181060791,36.63,1,0,0.87,1:00:27
22471,1,140.9563293457031,36.63,0,1,0.87,0:57:00
22472,1,315.6446228027344,36.63,1,0,0.87,0:59:51
22473,3,407.4801940917969,36.63,1,0,0.87,0:57:41
22474,1,74.65789031982422,36.63,1,0,0.87,1:01:19
22475,1,10.44776248931885,36.63,1,0,0.87,0:53:40
22476,1,39.47004318237305,36.63,1,0,0.87,1:00:59
22477,1,181.5143737792969,36.63,1,0,0.87,1:04:53
22478,1,17.5898609161377,36.63,1,0,0.87,1:04:39
22479,1,32.54108047485352,36.63,0,1,0.87,0:57:51
22480,1,56.00885772705078,36.63,0,1,0.87,0:59:45
22481,1,11.085031509399409,36.63,1,0,0.87,1:07:42
22482,1,31.17976570129395,36.63,1,0,0.87,0:57:02
22483,1,58.93083190917969,36.63,1,0,0.87,1:02:01
22484,1,149.1394653320312,36.63,0,1,0.87,0:54:39
22485,1,105.4283065795898,36.63,1,0,0.87,0:54:34
22486,1,245.8200225830078,36.63,1,0,0.87,0:42:38
22487,1,233.7287750244141,36.63,0,1,0.87,1:00:43
22488,1,5.0,36.63,0,1,0.87,0:56:37
22489,1,137.57452392578122,36.63,0,1,0.87,0:59:33
22490,1,197.41845703125,36.63,1,0,0.87,0:57:20
22491,1,275.03494262695307,36.63,1,0,0.87,0:56:24
22492,1,1049.87939453125,36.63,0,1,0.87,0:57:01
22493,1,139.42889404296878,36.63,0,1,0.87,1:03:26
22494,1,17.3270263671875,36.63,0,1,0.87,0:56:59
22495,1,147.0316009521484,36.63,1,0,0.87,1:01:15
22496,1,260.0,36.63,1,0,0.87,0:59:17
22497,1,10.44776248931885,36.63,1,0,0.87,1:01:52
22498,1,92.65635681152344,36.63,1,0,0.87,0:58:58
22499,1,115.1393280029297,36.63,0,1,0.87,1:01:45
22500,1,14.566981315612788,36.63,0,1,0.87,0:55:47
22501,1,233.2363739013672,36.63,0,1,0.87,0:59:13
22502,1,47.60859680175781,36.63,1,0,0.87,0:56:58
22503,1,6.090157508850098,36.63,1,0,0.87,0:55:43
22504,1,6.433401107788086,36.63,1,0,0.87,1:01:26
22505,1,295.5433654785156,36.63,1,0,0.87,0:57:41
22506,1,53.399818420410156,36.63,1,0,0.87,1:01:47
22507,1,84.5443344116211,36.63,1,0,0.87,0:59:47
22508,1,51.877418518066406,36.63,1,0,0.87,1:00:35
22509,1,7.965522289276122,36.63,0,1,0.87,1:00:44
22510,1,103.0499267578125,36.63,1,0,0.87,0:57:44
22511,1,131.4553527832031,36.63,0,1,0.87,1:02:43
22512,1,5.032363891601562,36.63,1,0,0.87,1:01:36
22513,1,10.44776248931885,36.63,0,1,0.87,0:58:02
22514,1,188.2588348388672,36.63,0,1,0.87,0:54:07
22515,1,192.3346252441406,36.63,0,1,0.87,1:01:03
22516,1,195.2724914550781,36.63,0,1,0.87,1:00:29
22517,1,12.58986759185791,36.63,0,1,0.87,1:01:04
22518,1,51.94340515136719,36.63,1,0,0.87,1:02:24
22519,1,265.4263305664062,36.63,1,0,0.87,0:54:52
22520,1,18.4889087677002,36.63,1,0,0.87,0:55:23
22521,1,11.085031509399409,36.63,1,0,0.87,1:02:05
22522,1,841.2716064453125,36.63,1,0,0.87,1:01:11
22523,1,7.603908061981201,36.63,1,0,0.87,0:54:25
22524,1,795.274658203125,36.63,0,1,0.87,0:53:51
22525,1,146.0377807617188,36.63,1,0,0.87,0:56:49
22526,1,11.085031509399409,36.63,1,0,0.87,0:49:05
22527,1,38.32305526733398,36.63,0,1,0.87,0:57:56
22528,1,275.03494262695307,36.63,1,0,0.87,0:53:23
22529,1,243.07574462890616,36.63,1,0,0.87,1:01:39
22530,1,12.35730648040771,36.63,0,1,0.87,1:04:46
22531,1,90.76966857910156,36.63,1,0,0.87,0:58:54
22532,1,105.6290054321289,36.63,0,1,0.87,0:58:58
22533,1,140.6603088378906,36.63,0,1,0.87,0:55:03
22534,1,116.2873992919922,36.63,0,1,0.87,0:53:30
22535,1,3.920108318328857,36.63,0,1,0.87,1:01:17
22536,1,50.00377655029297,36.63,1,0,0.87,1:01:59
22537,1,377.5501098632812,36.63,1,0,0.87,1:04:44
22538,1,279.2320556640625,36.63,1,0,0.87,0:57:49
22539,1,194.2860260009766,36.63,0,1,0.87,1:01:50
22540,1,260.0966186523438,36.63,0,1,0.87,0:56:59
22541,1,137.57452392578122,36.63,1,0,0.87,0:57:30
22542,1,44.61593246459961,36.63,0,1,0.87,1:03:39
22543,1,259.998291015625,36.63,0,1,0.87,1:04:58
22544,1,379.12353515625,36.63,0,1,0.87,0:59:55
22545,1,220.4040222167969,36.63,0,1,0.87,0:55:29
22546,1,10.44776248931885,36.63,0,1,0.87,1:00:46
22547,1,398.2716369628906,36.63,0,1,0.87,0:59:11
22548,1,108.5549774169922,36.63,1,0,0.87,1:02:57
22549,1,10.44776248931885,36.63,1,0,0.87,1:00:28
22550,1,10.44183731079102,36.63,1,0,0.87,0:53:43
22551,1,31.97005462646484,36.63,0,1,0.87,1:01:51
22552,1,31.97005462646484,36.63,1,0,0.87,1:01:51
22553,1,160.6837005615234,36.63,1,0,0.87,0:56:32
22554,1,31.97005462646484,36.63,0,1,0.87,1:04:51
22555,1,315.9778747558594,36.63,0,1,0.87,0:59:30
22556,1,6.240824699401856,36.63,0,1,0.87,1:04:52
22557,1,7.309962749481201,36.63,0,1,0.87,1:04:47
22558,1,109.88095092773442,36.63,0,1,0.87,1:03:47
22559,1,137.57452392578122,36.63,0,1,0.87,1:00:17
22560,1,290.165771484375,36.63,0,1,0.87,0:55:24
22561,1,71.8073501586914,36.63,0,1,0.87,0:59:41
22562,1,1.441376805305481,36.63,1,0,0.87,0:56:01
22563,1,330.786376953125,36.63,1,0,0.87,0:54:02
22564,1,392.9354553222656,36.63,0,1,0.87,1:00:44
22565,1,392.9354553222656,36.63,0,1,0.87,1:00:44
22566,1,20.61880683898926,36.63,1,0,0.87,1:00:47
22567,1,183.0009918212891,36.63,0,1,0.87,0:57:29
22568,1,1525.08740234375,36.63,0,1,0.87,0:57:54
22569,1,39.47004318237305,36.63,1,0,0.87,1:03:25
22570,1,259.998291015625,36.63,0,1,0.87,0:56:06
22571,1,109.1239242553711,36.63,1,0,0.87,0:53:22
22572,1,10.44776248931885,36.63,1,0,0.87,0:45:36
22573,1,119.56497192382808,36.63,1,0,0.87,0:58:22
22574,1,7.058139324188232,36.63,0,1,0.87,1:02:07
22575,1,37.852821350097656,36.63,0,1,0.87,0:50:23
22576,1,224.95013427734384,36.63,0,1,0.87,0:55:45
22577,1,261.39535522460943,36.63,1,0,0.87,1:03:28
22578,1,491.1681213378906,36.63,0,1,0.87,1:03:28
22579,1,189.8126220703125,36.63,0,1,0.87,1:04:10
22580,1,10.44776248931885,36.63,0,1,0.87,1:04:35
22581,1,149.1394653320312,36.63,0,1,0.87,0:54:20
22582,1,320.0387878417969,36.63,0,1,0.87,1:00:27
22583,1,227.4792175292969,36.63,1,0,0.87,0:57:31
22584,1,197.583984375,36.63,0,1,0.87,1:01:43
22585,1,51.877418518066406,36.63,1,0,0.87,0:55:30
22586,1,50.00377655029297,36.63,1,0,0.87,1:01:13
22587,1,147.0316009521484,36.63,0,1,0.87,1:02:28
22588,1,31.2812614440918,36.63,1,0,0.87,0:52:18
22589,1,135.00054931640622,36.63,1,0,0.87,1:01:31
22590,1,203.0914306640625,36.63,1,0,0.87,0:56:05
22591,1,16.84739112854004,36.63,1,0,0.87,1:00:42
22592,1,37.85586547851562,36.63,1,0,0.87,1:03:07
22593,1,1.0898598432540891,36.63,1,0,0.87,0:58:21
22594,1,51.877418518066406,36.63,1,0,0.87,1:01:57
22595,1,0.5217891335487366,36.63,0,1,0.87,0:56:21
22596,1,196.8123321533203,36.63,1,0,0.87,0:54:57
22597,1,31.15179443359375,36.63,1,0,0.87,1:03:08
22598,1,8.628658294677733,36.63,0,1,0.87,0:57:53
22599,1,8.628658294677733,36.63,0,1,0.87,0:57:53
22600,1,12.35730648040771,36.63,0,1,0.87,0:53:45
22601,1,179.0225677490234,36.63,0,1,0.87,0:58:29
22602,1,19.07254981994629,36.63,0,1,0.87,0:57:37
22603,1,779.2720947265625,36.63,1,0,0.87,1:06:33
22604,1,4.704585552215576,36.63,0,1,0.87,0:54:53
22605,1,50.26950454711914,36.63,0,1,0.87,0:57:24
22606,1,1.92099666595459,36.63,1,0,0.87,0:59:10
22607,1,50.50469589233398,36.63,0,1,0.87,0:58:03
22608,1,157.4949645996094,36.63,0,1,0.87,1:02:58
22609,1,48.91930770874023,36.63,0,1,0.87,0:58:26
22610,1,50.26950454711914,36.63,0,1,0.87,1:04:56
22611,1,37.14537048339844,36.63,1,0,0.87,0:55:22
22612,1,27.96543884277344,36.63,0,1,0.87,1:03:29
22613,1,291.75537109375,36.63,0,1,0.87,0:58:17
22614,1,51.85509490966797,36.63,0,1,0.87,0:55:56
22615,1,3.82996392250061,36.63,1,0,0.87,0:49:43
22616,1,14.359289169311518,36.63,1,0,0.87,1:04:03
22617,1,198.6544494628906,36.63,0,1,0.87,1:01:25
22618,1,10.44776248931885,36.63,0,1,0.87,1:04:45
22619,1,91.7226791381836,36.63,1,0,0.87,0:58:13
22620,1,398.2716369628906,36.63,0,1,0.87,1:00:22
22621,1,34.05735397338867,36.63,1,0,0.87,1:00:19
22622,1,213.1199493408203,36.63,1,0,0.87,0:56:57
22623,1,666.8341674804688,36.63,0,1,0.87,0:58:17
22624,1,41.98091506958008,36.63,1,0,0.87,1:01:44
22625,1,55.22239303588867,36.63,1,0,0.87,0:56:14
22626,1,259.998291015625,36.63,1,0,0.87,0:57:21
22627,1,4.143080711364746,36.63,1,0,0.87,0:56:35
22628,1,233.7287750244141,36.63,0,1,0.87,0:59:29
22629,1,321.9679870605469,36.63,1,0,0.87,0:55:17
22630,1,287.84716796875,36.63,1,0,0.87,0:56:31
22631,1,29.1304931640625,36.63,1,0,0.87,1:01:21
22632,1,295.5433654785156,36.63,1,0,0.87,1:01:59
22633,1,12.82390880584717,36.63,0,1,0.87,0:48:22
22634,1,50.82839584350586,36.63,0,1,0.87,1:02:46
22635,1,421.3871459960938,36.63,0,1,0.87,1:04:03
22636,1,285.3211059570312,36.63,0,1,0.87,1:00:09
22637,1,90.76966857910156,36.63,1,0,0.87,1:03:03
22638,1,286.9538269042969,36.63,1,0,0.87,0:56:50
22639,1,286.9538269042969,36.63,0,1,0.87,0:56:50
22640,1,62.09518432617188,36.63,1,0,0.87,0:57:55
22641,1,296.1231384277344,36.63,0,1,0.87,0:57:09
22642,1,209.1282806396484,36.63,0,1,0.87,0:58:03
22643,1,155.4471130371094,36.63,1,0,0.87,1:04:47
22644,1,58.93083190917969,36.63,1,0,0.87,0:57:48
22645,1,41.98091506958008,36.63,0,1,0.87,0:59:03
22646,1,2136.445068359375,36.63,0,1,0.87,0:59:50
22647,1,46.732627868652344,36.63,0,1,0.87,1:04:46
22648,1,1300.004516601562,36.63,0,1,0.87,0:59:12
22649,1,41.98091506958008,36.63,1,0,0.87,0:59:02
22650,1,206.0412750244141,36.63,0,1,0.87,1:00:23
22651,3,62.85785675048828,36.63,1,0,0.87,0:58:20
22652,1,78.12564849853516,36.63,0,1,0.87,1:05:53
22653,1,78.12564849853516,36.63,1,0,0.87,1:05:54
22654,1,2257.392333984375,36.63,1,0,0.87,0:51:13
22655,1,376.4162902832031,36.63,0,1,0.87,1:04:46
22656,1,666.8341674804688,36.63,1,0,0.87,0:59:43
22657,1,1.495869755744934,36.63,0,1,0.87,0:59:51
22658,1,185.2336273193359,36.63,0,1,0.87,1:02:03
22659,1,135.6693115234375,36.63,0,1,0.87,0:56:24
22660,1,44.45844268798828,36.63,0,1,0.87,0:56:20
22661,1,7.058139324188232,36.63,0,1,0.87,1:09:14
22662,1,1310.919799804688,36.63,1,0,0.87,0:55:30
22663,1,9.794013023376463,36.63,0,1,0.87,0:57:05
22664,1,200.3173065185547,36.63,1,0,0.87,1:03:22
22665,1,41.98091506958008,36.63,1,0,0.87,0:59:04
22666,1,11.57025718688965,36.63,0,1,0.87,0:54:40
22667,1,146.1344451904297,36.63,0,1,0.87,1:00:32
22668,1,10.44776248931885,36.63,0,1,0.87,0:58:00
22669,1,10.44776248931885,36.63,0,1,0.87,0:58:00
22670,1,16.82146263122559,36.63,0,1,0.87,1:01:08
22671,1,360.6583251953125,36.63,0,1,0.87,0:54:58
22672,1,184.9748992919922,36.63,0,1,0.87,0:55:53
22673,1,7.058139324188232,36.63,1,0,0.87,0:54:20
22674,1,22.19160652160645,36.63,0,1,0.87,0:56:30
22675,1,15.5554141998291,36.63,0,1,0.87,0:59:43
22676,1,259.998291015625,36.63,1,0,0.87,1:03:57
22677,1,17.20105361938477,36.63,0,1,0.87,0:57:35
22678,1,60.01331329345703,36.63,1,0,0.87,0:59:34
22679,1,31.52193450927734,36.63,0,1,0.87,0:56:04
22680,1,15.224977493286133,36.63,0,1,0.87,1:05:15
22681,1,233.2363739013672,36.63,1,0,0.87,1:04:58
22682,1,62.27024841308594,36.63,1,0,0.87,0:59:59
22683,1,18.05331420898438,36.63,1,0,0.87,0:49:17
22684,1,322.6423645019531,36.63,0,1,0.87,0:57:37
22685,1,263.6666870117188,36.63,0,1,0.87,1:03:25
22686,1,11.085031509399409,36.63,0,1,0.87,0:54:47
22687,1,95.78414916992188,36.63,1,0,0.87,0:55:20
22688,1,10.44776248931885,36.63,1,0,0.87,1:03:07
22689,1,37.14537048339844,36.63,1,0,0.87,0:54:12
22690,1,10.44183731079102,36.63,1,0,0.87,0:56:04
22691,1,4.194859027862549,36.63,1,0,0.87,1:03:50
22692,1,91.7226791381836,36.63,1,0,0.87,0:48:20
22693,1,16.85318756103516,36.63,0,1,0.87,1:03:50
22694,1,1.1569663286209109,36.63,1,0,0.87,1:02:02
22695,1,331.5245056152344,36.63,0,1,0.87,1:00:32
22696,1,119.1561279296875,36.63,1,0,0.87,1:02:58
22697,1,6.027743339538574,36.63,1,0,0.87,1:03:12
22698,1,10.44183731079102,36.63,0,1,0.87,1:04:56
22699,1,4.143080711364746,36.63,1,0,0.87,1:03:07
22700,1,86.27144622802734,36.63,1,0,0.87,0:49:55
22701,1,19.07254981994629,36.63,1,0,0.87,1:02:32
22702,1,666.8341674804688,36.63,1,0,0.87,1:00:59
22703,1,296.1231384277344,36.63,0,1,0.87,0:59:42
22704,1,189.8126220703125,36.63,0,1,0.87,0:59:16
22705,1,18.64817237854004,36.63,0,1,0.87,1:00:24
22706,1,27.3308277130127,36.63,0,1,0.87,0:56:17
22707,1,62.09518432617188,36.63,1,0,0.87,0:59:33
22708,1,10.44776248931885,36.63,0,1,0.87,1:02:55
22709,1,1118.657958984375,36.63,0,1,0.87,0:59:02
22710,1,1631.184326171875,36.63,1,0,0.87,1:02:21
22711,1,91.85733795166016,36.63,1,0,0.87,0:56:23
22712,1,5.22021484375,36.63,1,0,0.87,1:06:07
22713,1,233.2363739013672,36.63,0,1,0.87,0:58:45
22714,1,477.5143737792969,36.63,1,0,0.87,0:59:34
22715,1,9.335716247558594,36.63,1,0,0.87,1:02:04
22716,1,6.433401107788086,36.63,1,0,0.87,1:02:27
22717,1,151.7768249511719,36.63,0,1,0.87,0:57:13
22718,1,313.4428405761719,36.63,0,1,0.87,1:02:33
22719,1,427.272216796875,36.63,0,1,0.87,0:50:48
22720,1,26.46520805358887,36.63,1,0,0.87,0:56:38
22721,1,1.7231634855270392,36.63,0,1,0.87,0:55:01
22722,1,278.07406616210943,36.63,1,0,0.87,1:02:12
22723,1,368.5984191894531,36.63,1,0,0.87,0:51:34
22724,1,9.335716247558594,36.63,1,0,0.87,1:03:42
22725,1,259.998291015625,36.63,1,0,0.87,0:58:18
22726,1,6.240824699401856,36.63,0,1,0.87,1:00:03
22727,1,295.5433654785156,36.63,0,1,0.87,1:01:57
22728,1,7.662844181060791,36.63,0,1,0.87,1:00:00
22729,1,45.73930358886719,36.63,0,1,0.87,0:57:51
22730,1,75.07860565185547,36.63,0,1,0.87,0:58:38
22731,1,30.4487247467041,36.63,1,0,0.87,1:02:23
22732,1,137.57452392578122,36.63,0,1,0.87,0:58:32
22733,1,516.3578491210939,36.63,1,0,0.87,0:55:28
22734,1,5.75153112411499,36.63,1,0,0.87,1:03:15
22735,1,188.2588348388672,36.63,0,1,0.87,0:53:57
22736,1,157.9130859375,36.63,1,0,0.87,1:02:11
22737,1,11.34140872955322,36.63,0,1,0.87,0:57:17
22738,1,149.2892608642578,36.63,0,1,0.87,0:54:13
22739,1,16.84739112854004,36.63,0,1,0.87,1:01:16
22740,1,55.22239303588867,36.63,0,1,0.87,1:01:41
22741,1,121.23541259765621,36.63,0,1,0.87,1:03:18
22742,1,377.5501098632812,36.63,0,1,0.87,0:52:51
22743,1,39.47004318237305,36.63,1,0,0.87,0:59:18
22744,1,257.984619140625,36.63,0,1,0.87,1:02:12
22745,1,188.6734466552734,36.63,1,0,0.87,0:54:26
22746,1,228.0850677490234,36.63,0,1,0.87,1:01:38
22747,1,26.88188362121582,36.63,0,1,0.87,0:58:41
22748,1,38.78234481811523,36.63,1,0,0.87,0:57:55
22749,1,41.287353515625,36.63,1,0,0.87,1:02:20
22750,1,37.85586547851562,36.63,1,0,0.87,0:58:07
22751,1,149.1394653320312,36.63,0,1,0.87,1:04:56
22752,1,192.4326477050781,36.63,1,0,0.87,0:54:36
22753,1,89.85609436035156,36.63,1,0,0.87,1:00:45
22754,1,2.7546546459198,36.63,0,1,0.87,0:53:05
22755,1,39.21760559082031,36.63,1,0,0.87,0:58:27
22756,1,1729.5029296875,36.63,1,0,0.87,1:02:15
22757,1,471.8834838867188,36.63,0,1,0.87,0:57:30
22758,1,97.86534881591795,36.63,0,1,0.87,0:56:49
22759,1,11.085031509399409,36.63,0,1,0.87,1:00:20
22760,1,10.44776248931885,36.63,0,1,0.87,1:00:20
22761,1,185.2336273193359,36.63,1,0,0.87,1:01:56
22762,1,250.0315856933594,36.63,0,1,0.87,0:57:30
22763,1,492.7011108398438,36.63,0,1,0.87,0:56:06
22764,1,3.920108318328857,36.63,0,1,0.87,0:59:05
22765,1,92.49187469482422,36.63,0,1,0.87,0:57:54
22766,1,14.359289169311518,36.63,0,1,0.87,0:55:58
22767,1,259.998291015625,36.63,1,0,0.87,1:02:34
22768,1,1300.004516601562,36.63,1,0,0.87,0:59:50
22769,1,259.998291015625,36.63,0,1,0.87,0:59:49
22770,1,50.26950454711914,36.63,1,0,0.87,1:02:18
22771,1,127.5620651245117,36.63,1,0,0.87,0:53:57
22772,1,317.6456298828125,36.63,1,0,0.87,1:03:08
22773,1,1976.76318359375,36.63,1,0,0.87,0:55:00
22774,1,260.84353637695307,36.63,0,1,0.87,0:58:08
22775,1,276.82778930664057,36.63,0,1,0.87,0:55:20
22776,1,61.279258728027344,36.63,0,1,0.87,0:55:39
22777,1,232.5149993896484,36.63,0,1,0.87,0:55:39
22778,1,275.51992797851557,36.63,0,1,0.87,1:00:16
22779,1,10.96754741668701,36.63,0,1,0.87,1:01:09
22780,1,67.31046295166016,36.63,0,1,0.87,1:00:52
22781,1,77.97574615478516,36.63,1,0,0.87,0:58:09
22782,1,20.15006828308105,36.63,0,1,0.87,0:58:00
22783,1,19.23562431335449,36.63,0,1,0.87,1:00:19
22784,1,107.2278060913086,36.63,1,0,0.87,1:02:11
22785,1,12.99024295806885,36.63,1,0,0.87,0:59:28
22786,1,69.68721008300781,36.63,1,0,0.87,1:01:01
22787,1,49.04265213012695,36.63,0,1,0.87,1:01:13
22788,1,190.1930236816406,36.63,1,0,0.87,1:01:10
22789,1,253.5734710693359,36.63,0,1,0.87,0:53:52
22790,1,298.6752014160156,36.63,1,0,0.87,1:01:10
22791,1,10.44776248931885,36.63,0,1,0.87,1:02:10
22792,1,1517.81298828125,36.63,1,0,0.87,1:00:12
22793,1,11.085031509399409,36.63,1,0,0.87,1:02:10
22794,1,181.5143737792969,36.63,1,0,0.87,0:52:41
22795,1,115.5184860229492,36.63,1,0,0.87,0:59:08
22796,1,121.3621368408203,36.63,1,0,0.87,1:04:25
22797,1,206.5233154296875,36.63,0,1,0.87,1:02:34
22798,1,11.72537899017334,36.63,0,1,0.87,1:03:46
22799,1,19.23562431335449,36.63,0,1,0.87,0:58:03
22800,1,35.48947143554688,36.63,0,1,0.87,1:03:47
22801,1,12.58986759185791,36.63,1,0,0.87,0:55:49
22802,1,77.97574615478516,36.63,1,0,0.87,0:59:59
22803,1,16.84739112854004,36.63,1,0,0.87,1:03:43
22804,1,376.4162902832031,36.63,0,1,0.87,1:01:25
22805,1,10.44183731079102,36.63,1,0,0.87,0:56:51
22806,1,10.44776248931885,36.63,0,1,0.87,1:02:21
22807,1,159.2595977783203,36.63,0,1,0.87,0:56:18
22808,1,430.595458984375,36.63,0,1,0.87,1:01:46
22809,1,5.675545692443848,36.63,1,0,0.87,1:01:01
22810,1,156.9478454589844,36.63,0,1,0.87,1:01:56
22811,1,608.0188598632812,36.63,1,0,0.87,0:56:56
22812,1,272.28091430664057,36.63,0,1,0.87,0:56:57
22813,1,8.101274490356445,36.63,1,0,0.87,0:52:22
22814,1,225.5588531494141,36.63,0,1,0.87,0:57:03
22815,1,10.75895500183105,36.63,1,0,0.87,0:51:20
22816,1,183.6381683349609,36.63,0,1,0.87,0:54:47
22817,1,6.206067562103272,36.63,0,1,0.87,0:58:35
22818,1,158.8190002441406,36.63,1,0,0.87,1:00:18
22819,1,16.17848587036133,36.63,0,1,0.87,0:58:56
22820,1,77.97574615478516,36.63,0,1,0.87,1:02:16
22821,1,261.3677368164062,36.63,1,0,0.87,0:56:55
22822,1,10.96754741668701,36.63,1,0,0.87,0:56:31
22823,1,93.76361846923828,36.63,0,1,0.87,1:09:27
22824,1,259.998291015625,36.63,0,1,0.87,1:01:46
22825,1,51.85509490966797,36.63,1,0,0.87,1:00:31
22826,1,259.998291015625,36.63,0,1,0.87,0:56:57
22827,1,7.058139324188232,36.63,1,0,0.87,0:52:16
22828,1,50.26950454711914,36.63,1,0,0.87,1:01:45
22829,1,1518.96630859375,36.63,0,1,0.87,1:00:00
22830,1,200.3173065185547,36.63,0,1,0.87,1:05:16
22831,1,390.1072998046875,36.63,1,0,0.87,0:56:18
22832,1,184.9769134521484,36.63,1,0,0.87,0:55:21
22833,1,10.44776248931885,36.63,1,0,0.87,1:03:54
22834,1,614.4942016601562,36.63,0,1,0.87,1:03:54
22835,1,10.44776248931885,36.63,1,0,0.87,1:03:53
22836,1,31.01458549499512,36.63,0,1,0.87,0:59:45
22837,1,39.47004318237305,36.63,0,1,0.87,1:01:22
22838,1,10.44776248931885,36.63,0,1,0.87,1:03:54
22839,1,10.44776248931885,36.63,0,1,0.87,1:03:55
22840,1,245.134033203125,36.63,1,0,0.87,0:56:00
22841,1,10.44776248931885,36.63,1,0,0.87,1:05:38
22842,1,250.5442810058594,36.63,1,0,0.87,0:56:26
22843,1,199.7879791259766,36.63,0,1,0.87,1:03:16
22844,1,31.71623420715332,36.63,1,0,0.87,1:03:37
22845,1,42.47363662719727,36.63,1,0,0.87,0:56:02
22846,1,245.8200225830078,36.63,1,0,0.87,0:57:22
22847,1,52.3252182006836,36.63,1,0,0.87,0:56:02
22848,1,140.9563293457031,36.63,0,1,0.87,0:59:01
22849,1,17.05924987792969,36.63,0,1,0.87,0:58:06
22850,1,222.7997283935547,36.63,0,1,0.87,0:58:06
22851,1,799.8717651367188,36.63,0,1,0.87,0:57:34
22852,1,197.41845703125,36.63,1,0,0.87,1:00:27
22853,1,85.997314453125,36.63,0,1,0.87,1:00:44
22854,1,149.8123931884766,36.63,0,1,0.87,1:00:40
22855,1,31.17976570129395,36.63,0,1,0.87,1:00:44
22856,1,39.47004318237305,36.63,0,1,0.87,1:00:43
22857,1,65.05636596679689,36.63,0,1,0.87,1:00:05
22858,1,222.5330810546875,36.63,1,0,0.87,0:57:49
22859,1,344.6998596191406,36.63,1,0,0.87,1:00:57
22860,1,611.3375244140625,36.63,1,0,0.87,0:55:59
22861,1,344.6998596191406,36.63,0,1,0.87,1:00:57
22862,1,159.2595977783203,36.63,0,1,0.87,0:58:01
22863,1,17.5898609161377,36.63,0,1,0.87,1:05:09
22864,1,72.50554656982422,36.63,0,1,0.87,1:00:26
22865,1,298.0540466308594,36.63,0,1,0.87,1:02:26
22866,1,1548.31396484375,36.63,1,0,0.87,1:02:36
22867,1,355.7060852050781,36.63,0,1,0.87,1:04:35
22868,1,141.1389312744141,36.63,1,0,0.87,0:42:56
22869,1,260.0966186523438,36.63,0,1,0.87,1:04:33
22870,1,194.4599151611328,36.63,1,0,0.87,0:58:05
22871,1,10.44776248931885,36.63,0,1,0.87,0:59:06
22872,1,128.57890319824222,36.63,0,1,0.87,1:04:34
22873,1,91.7226791381836,36.63,0,1,0.87,1:01:46
22874,1,18.4889087677002,36.63,1,0,0.87,1:04:39
22875,1,330.508056640625,36.63,1,0,0.87,1:04:36
22876,1,91.7226791381836,36.63,0,1,0.87,1:01:46
22877,1,10.44776248931885,36.63,1,0,0.87,1:00:47
22878,1,42.47363662719727,36.63,0,1,0.87,1:00:07
22879,1,38.78234481811523,36.63,0,1,0.87,0:56:45
22880,1,128.7479248046875,36.63,1,0,0.87,1:00:56
22881,1,398.2716369628906,36.63,1,0,0.87,1:04:23
22882,1,108.5486068725586,36.63,0,1,0.87,1:03:55
22883,1,10.44776248931885,36.63,1,0,0.87,1:03:55
22884,1,50.04387664794922,36.63,1,0,0.87,0:54:48
22885,1,11.085031509399409,36.63,0,1,0.87,1:03:57
22886,1,36.19046020507812,36.63,1,0,0.87,1:00:31
22887,1,118.3513641357422,36.63,0,1,0.87,1:03:24
22888,1,16.84739112854004,36.63,0,1,0.87,1:00:10
22889,1,194.2860260009766,36.63,0,1,0.87,0:57:41
22890,1,67.96146392822266,36.63,0,1,0.87,1:02:33
22891,1,24.22456359863281,36.63,1,0,0.87,0:58:05
22892,1,219.4850006103516,36.63,0,1,0.87,1:06:30
22893,1,421.3871459960938,36.63,0,1,0.87,1:01:00
22894,1,349.0522155761719,36.63,1,0,0.87,0:57:13
22895,1,10.44183731079102,36.63,1,0,0.87,0:53:05
22896,1,67.15016174316406,36.63,0,1,0.87,1:00:08
22897,1,22.78268432617188,36.63,1,0,0.87,1:06:29
22898,1,51.37853240966797,36.63,1,0,0.87,0:59:33
22899,1,1370.408203125,36.63,1,0,0.87,0:59:55
22900,1,31.97005462646484,36.63,0,1,0.87,1:06:30
22901,1,7.309962749481201,36.63,0,1,0.87,1:01:07
22902,1,10.054220199584961,36.63,1,0,0.87,0:52:06
22903,1,259.75387573242193,36.63,1,0,0.87,0:55:02
22904,1,10.44776248931885,36.63,1,0,0.87,1:07:47
22905,1,259.998291015625,36.63,1,0,0.87,0:51:14
22906,1,340.9992065429688,36.63,0,1,0.87,0:50:51
22907,1,3.791347503662109,36.63,0,1,0.87,1:02:18
22908,1,260.55117797851557,36.63,0,1,0.87,1:01:24
22909,1,179.3947906494141,36.63,1,0,0.87,1:02:01
22910,1,10.44776248931885,36.63,0,1,0.87,1:07:35
22911,1,14.32654094696045,36.63,0,1,0.87,1:03:54
22912,1,11.085031509399409,36.63,1,0,0.87,1:02:06
22913,1,4.693426609039307,36.63,1,0,0.87,1:01:27
22914,1,13.027480125427251,36.63,0,1,0.87,0:55:55
22915,1,147.0316009521484,36.63,0,1,0.87,0:59:25
22916,1,104.1357421875,36.63,0,1,0.87,1:02:37
22917,1,231.79034423828116,36.63,0,1,0.87,1:06:46
22918,1,2554.609619140625,36.63,1,0,0.87,0:52:16
22919,1,203.5360870361328,36.63,1,0,0.87,0:48:31
22920,1,94.43704986572266,36.63,1,0,0.87,1:00:23
22921,1,898.769287109375,36.63,0,1,0.87,0:54:14
22922,1,6.240824699401856,36.63,1,0,0.87,1:04:13
22923,1,94.43704986572266,36.63,1,0,0.87,1:00:23
22924,1,5.673779487609862,36.63,0,1,0.87,1:02:52
22925,1,65.53171539306639,36.63,1,0,0.87,0:54:14
22926,1,116.2873992919922,36.63,0,1,0.87,1:04:02
22927,1,74.7370834350586,36.63,0,1,0.87,1:03:05
22928,1,177.1923370361328,36.63,1,0,0.87,1:04:01
22929,1,7.309962749481201,36.63,1,0,0.87,1:03:27
22930,1,14.447757720947273,36.63,0,1,0.87,0:52:41
22931,1,35.48947143554688,36.63,0,1,0.87,1:06:38
22932,1,150.4564208984375,36.63,0,1,0.87,0:56:10
22933,1,1479.8099365234382,36.63,1,0,0.87,0:54:21
22934,1,116.2873992919922,36.63,0,1,0.87,1:03:25
22935,1,735.2921142578125,36.63,0,1,0.87,0:55:37
22936,1,259.998291015625,36.63,1,0,0.87,1:00:26
22937,1,181.5143737792969,36.63,0,1,0.87,1:00:39
22938,1,10.44776248931885,36.63,0,1,0.87,1:04:27
22939,1,14.88372325897217,36.63,1,0,0.87,1:03:03
22940,1,77.3214340209961,36.63,0,1,0.87,1:02:44
22941,1,22.11793327331543,36.63,1,0,0.87,1:04:11
22942,1,10.44776248931885,36.63,0,1,0.87,1:00:14
22943,1,16.84739112854004,36.63,0,1,0.87,1:00:19
22944,1,26.53032493591309,36.63,0,1,0.87,1:05:40
22945,1,61.291893005371094,36.63,1,0,0.87,1:03:04
22946,1,58.76280212402344,36.63,1,0,0.87,0:58:24
22947,1,7.058139324188232,36.63,1,0,0.87,1:01:23
22948,1,205.3728790283203,36.63,0,1,0.87,1:05:48
22949,1,298.1222534179688,36.63,1,0,0.87,0:55:26
22950,1,2.157077074050903,36.63,1,0,0.87,1:00:05
22951,1,16.66305160522461,36.63,0,1,0.87,0:55:58
22952,1,196.0460205078125,36.63,1,0,0.87,1:01:57
22953,1,269.0397338867188,36.63,1,0,0.87,1:03:56
22954,1,36.75872421264648,36.63,1,0,0.87,1:03:56
22955,1,29.1304931640625,36.63,1,0,0.87,0:57:59
22956,1,209.8497314453125,36.63,0,1,0.87,1:02:15
22957,1,196.8123321533203,36.63,1,0,0.87,1:03:58
22958,1,55.22239303588867,36.63,0,1,0.87,1:04:31
22959,1,16.5250129699707,36.63,0,1,0.87,0:54:56
22960,1,10.44776248931885,36.63,0,1,0.87,1:00:01
22961,1,77.3214340209961,36.63,1,0,0.87,0:59:56
22962,1,31.2812614440918,36.63,0,1,0.87,0:57:50
22963,1,250.0541687011719,36.63,0,1,0.87,0:54:51
22964,1,36.75872421264648,36.63,1,0,0.87,1:01:46
22965,1,269.0430908203125,36.63,0,1,0.87,0:54:56
22966,1,614.4942016601562,36.63,1,0,0.87,0:56:06
22967,1,260.0,36.63,0,1,0.87,1:00:06
22968,1,393.3303833007812,36.63,0,1,0.87,0:58:07
22969,1,421.3871459960938,36.63,0,1,0.87,0:59:56
22970,1,28.003864288330078,36.63,1,0,0.87,0:56:43
22971,1,1.979974031448364,36.63,0,1,0.87,0:55:17
22972,1,32.16836166381836,36.63,0,1,0.87,0:59:33
22973,1,43.62190246582031,36.63,1,0,0.87,0:58:02
22974,1,303.4573364257812,36.63,1,0,0.87,0:59:17
22975,1,68.20857238769531,36.63,1,0,0.87,0:50:01
22976,1,421.3871459960938,36.63,1,0,0.87,1:01:25
22977,1,117.0965118408203,36.63,0,1,0.87,0:57:35
22978,1,16.60160827636719,36.63,0,1,0.87,0:59:17
22979,1,516.3578491210939,36.63,0,1,0.87,1:09:11
22980,1,86.71595001220703,36.63,0,1,0.87,1:09:12
22981,1,74.65789031982422,36.63,0,1,0.87,0:59:06
22982,1,89.6968994140625,36.63,0,1,0.87,1:00:46
22983,1,374.1132507324219,36.63,0,1,0.87,0:56:11
22984,1,32.16836166381836,36.63,1,0,0.87,0:59:31
22985,1,51.85509490966797,36.63,1,0,0.87,1:04:27
22986,1,63.0792350769043,36.63,0,1,0.87,0:58:57
22987,1,25.88694953918457,36.63,0,1,0.87,0:54:40
22988,1,50.26950454711914,36.63,0,1,0.87,1:02:55
22989,1,196.8123321533203,36.63,0,1,0.87,1:02:03
22990,1,1881.796875,36.63,0,1,0.87,0:56:46
22991,1,10.44183731079102,36.63,1,0,0.87,1:02:33
22992,1,232.5149993896484,36.63,0,1,0.87,0:57:49
22993,1,41.98091506958008,36.63,1,0,0.87,1:04:09
22994,1,4.980266094207764,36.63,0,1,0.87,1:02:33
22995,1,12.82390880584717,36.63,1,0,0.87,1:02:17
22996,1,35.65705490112305,36.63,0,1,0.87,1:03:17
22997,1,1434.851806640625,36.63,1,0,0.87,0:56:24
22998,1,237.44512939453116,36.63,1,0,0.87,1:01:11
22999,1,275.03494262695307,36.63,0,1,0.87,0:58:17
23000,1,90.3441162109375,36.63,0,1,0.87,0:58:52
23001,1,168.4900665283203,36.63,1,0,0.87,0:54:08
23002,1,39.47004318237305,36.63,0,1,0.87,1:02:31
23003,1,2277.62060546875,36.63,1,0,0.87,1:01:30
23004,1,16.84739112854004,36.63,1,0,0.87,1:01:07
23005,1,7.058139324188232,36.63,0,1,0.87,1:03:32
23006,1,14.36013889312744,36.63,0,1,0.87,1:03:32
23007,1,213.9208221435547,36.63,0,1,0.87,0:59:33
23008,1,39.47004318237305,36.63,0,1,0.87,0:58:16
23009,1,35.22687911987305,36.63,1,0,0.87,0:48:12
23010,1,606.4376831054688,36.63,1,0,0.87,1:01:03
23011,1,18.05331420898438,36.63,1,0,0.87,0:56:38
23012,1,331.5245056152344,36.63,1,0,0.87,1:01:44
23013,1,7.63557243347168,36.63,1,0,0.87,1:01:45
23014,1,60.00441360473633,36.63,0,1,0.87,0:58:14
23015,1,8.027867317199707,36.63,0,1,0.87,1:02:48
23016,1,6.027743339538574,36.63,0,1,0.87,1:02:15
23017,1,16.83182334899902,36.63,0,1,0.87,0:57:55
23018,1,92.65635681152344,36.63,0,1,0.87,1:07:42
23019,1,421.3871459960938,36.63,1,0,0.87,1:02:49
23020,1,1509.999267578125,36.63,0,1,0.87,0:56:10
23021,1,198.1594390869141,36.63,0,1,0.87,1:04:01
23022,1,10.44776248931885,36.63,0,1,0.87,1:03:43
23023,1,140.58866882324222,36.63,1,0,0.87,1:01:13
23024,1,10.44776248931885,36.63,0,1,0.87,1:01:54
23025,1,15.224977493286133,36.63,0,1,0.87,1:05:17
23026,1,614.4942016601562,36.63,0,1,0.87,1:02:48
23027,1,173.5285186767578,36.63,0,1,0.87,0:56:15
23028,1,378.2447204589844,36.63,1,0,0.87,0:57:18
23029,1,151.7768249511719,36.63,1,0,0.87,0:58:19
23030,1,15.224977493286133,36.63,1,0,0.87,1:03:33
23031,1,134.9916687011719,36.63,0,1,0.87,1:02:12
23032,1,259.998291015625,36.63,0,1,0.87,0:59:21
23033,1,10.44776248931885,36.63,0,1,0.87,1:03:53
23034,1,58.93083190917969,36.63,1,0,0.87,0:58:26
23035,1,10.44776248931885,36.63,0,1,0.87,0:56:09
23036,1,21.91343116760254,36.63,1,0,0.87,1:01:43
23037,1,14.566981315612788,36.63,1,0,0.87,0:58:17
23038,1,31.97005462646484,36.63,0,1,0.87,0:58:31
23039,1,18.05331420898438,36.63,0,1,0.87,1:01:05
23040,1,10.44183731079102,36.63,1,0,0.87,0:56:01
23041,1,32.88138961791992,36.63,0,1,0.87,0:57:35
23042,1,306.3215942382812,36.63,1,0,0.87,1:00:29
23043,1,356.783935546875,36.63,0,1,0.87,1:03:54
23044,1,109.1946792602539,36.63,0,1,0.87,1:04:26
23045,1,109.1946792602539,36.63,0,1,0.87,1:03:54
23046,1,2.615363359451294,36.63,0,1,0.87,0:58:21
23047,1,16.84739112854004,36.63,0,1,0.87,1:02:52
23048,1,36.75872421264648,36.63,1,0,0.87,1:02:52
23049,1,767.4879150390625,36.63,1,0,0.87,0:56:50
23050,1,77.44851684570312,36.63,0,1,0.87,0:59:13
23051,1,55.65824508666992,36.63,1,0,0.87,0:59:57
23052,1,10.44776248931885,36.63,1,0,0.87,0:59:57
23053,1,52.54022216796875,36.63,1,0,0.87,0:56:22
23054,1,241.01104736328116,36.63,1,0,0.87,0:55:06
23055,1,10.44183731079102,36.63,1,0,0.87,0:59:16
23056,1,116.2873992919922,36.63,0,1,0.87,1:04:05
23057,1,255.6479949951172,36.63,1,0,0.87,0:58:19
23058,1,5.309460639953613,36.63,0,1,0.87,1:03:15
23059,1,90.76966857910156,36.63,0,1,0.87,1:00:49
23060,1,645.9476928710938,36.63,1,0,0.87,0:59:17
23061,1,181.5143737792969,36.63,0,1,0.87,0:59:03
23062,1,32.349292755126946,36.63,1,0,0.87,0:59:19
23063,1,199.8629608154297,36.63,0,1,0.87,0:57:10
23064,1,35.48947143554688,36.63,0,1,0.87,1:02:18
23065,1,47.437461853027344,36.63,1,0,0.87,1:04:01
23066,1,249.0633392333984,36.63,0,1,0.87,1:04:52
23067,1,10.44776248931885,36.63,0,1,0.87,1:05:31
23068,1,39.47004318237305,36.63,0,1,0.87,1:03:12
23069,1,228.0850677490234,36.63,0,1,0.87,0:49:03
23070,1,16.00102424621582,36.63,1,0,0.87,0:53:07
23071,1,15.16771793365479,36.63,1,0,0.87,0:57:38
23072,1,321.1102600097656,36.63,1,0,0.87,0:57:52
23073,1,51.877418518066406,36.63,1,0,0.87,1:03:10
23074,1,118.3513641357422,36.63,0,1,0.87,1:03:10
23075,1,29.1304931640625,36.63,1,0,0.87,0:56:33
23076,1,284.6058349609375,36.63,0,1,0.87,0:58:24
23077,1,236.900634765625,36.63,1,0,0.87,1:03:50
23078,1,715.9334716796875,36.63,0,1,0.87,0:57:49
23079,1,5.997476577758789,36.63,0,1,0.87,0:58:22
23080,1,13.346641540527338,36.63,0,1,0.87,1:01:23
23081,1,48.4811897277832,36.63,0,1,0.87,0:58:55
23082,1,76.49766540527344,36.63,0,1,0.87,1:05:00
23083,1,72.22600555419922,36.63,1,0,0.87,1:07:13
23084,1,12.58986759185791,36.63,0,1,0.87,1:04:11
23085,1,197.583984375,36.63,0,1,0.87,0:55:17
23086,1,315.6446228027344,36.63,1,0,0.87,0:56:31
23087,1,35.48947143554688,36.63,0,1,0.87,0:57:56
23088,1,9.22296905517578,36.63,0,1,0.87,1:01:35
23089,1,19.91307258605957,36.63,0,1,0.87,0:58:51
23090,1,10.44776248931885,36.63,0,1,0.87,0:54:30
23091,1,339.4572448730469,36.63,0,1,0.87,0:58:51
23092,1,22.33357238769531,36.63,1,0,0.87,0:52:16
23093,1,259.998291015625,36.63,1,0,0.87,1:01:33
23094,1,259.998291015625,36.63,1,0,0.87,1:01:33
23095,1,1976.76318359375,36.63,0,1,0.87,0:57:40
23096,1,189.8126220703125,36.63,1,0,0.87,0:55:22
23097,1,31.97005462646484,36.63,0,1,0.87,0:59:49
23098,1,10.44776248931885,36.63,1,0,0.87,1:05:28
23099,1,181.5143737792969,36.63,1,0,0.87,0:57:30
23100,1,7.309962749481201,36.63,1,0,0.87,1:05:28
23101,1,67.96146392822266,36.63,0,1,0.87,1:02:32
23102,1,39.21760559082031,36.63,1,0,0.87,1:05:29
23103,1,29.45329856872559,36.63,1,0,0.87,1:03:02
23104,1,10.44776248931885,36.63,0,1,0.87,0:56:27
23105,1,39.64147567749023,36.63,1,0,0.87,1:02:37
23106,1,5.020810604095459,36.63,0,1,0.87,1:03:50
23107,1,5.020810604095459,36.63,0,1,0.87,1:03:51
23108,1,259.998291015625,36.63,1,0,0.87,1:02:20
23109,1,28.003864288330078,36.63,0,1,0.87,1:00:37
23110,1,125.2000961303711,36.63,0,1,0.87,0:53:25
23111,1,6.240824699401856,36.63,0,1,0.87,1:02:30
23112,1,378.2447204589844,36.63,0,1,0.87,1:00:05
23113,1,92.60670471191406,36.63,1,0,0.87,0:56:42
23114,1,572.2963256835938,36.63,0,1,0.87,0:55:59
23115,1,181.5143737792969,36.63,0,1,0.87,0:59:56
23116,1,3.920108318328857,36.63,1,0,0.87,1:05:30
23117,1,3.920108318328857,36.63,0,1,0.87,1:05:29
23118,1,1.8587388992309568,36.63,0,1,0.87,0:55:59
23119,1,328.505859375,36.63,0,1,0.87,1:00:32
23120,1,147.2778472900391,36.63,0,1,0.87,1:01:55
23121,1,56.084815979003906,36.63,0,1,0.87,0:56:03
23122,1,15.030237197875982,36.63,1,0,0.87,0:59:53
23123,1,10.44776248931885,36.63,1,0,0.87,1:04:39
23124,1,37.61764526367188,36.63,0,1,0.87,0:57:16
23125,1,14.447757720947273,36.63,1,0,0.87,0:55:16
23126,1,222.81597900390616,36.63,0,1,0.87,0:55:08
23127,1,167.9832916259766,36.63,0,1,0.87,1:07:27
23128,1,36.968177795410156,36.63,1,0,0.87,1:02:45
23129,1,19.23562431335449,36.63,0,1,0.87,1:01:11
23130,1,202.9051818847656,36.63,0,1,0.87,0:56:17
23131,1,4.631145000457764,36.63,1,0,0.87,1:00:22
23132,1,11.085031509399409,36.63,1,0,0.87,1:00:01
23133,1,140.58866882324222,36.63,1,0,0.87,0:55:54
23134,1,26.14098167419434,36.63,0,1,0.87,0:54:29
23135,1,35.48947143554688,36.63,1,0,0.87,1:03:00
23136,1,86.71595001220703,36.63,0,1,0.87,1:03:27
23137,1,219.4850006103516,36.63,0,1,0.87,1:08:18
23138,1,41.98091506958008,36.63,0,1,0.87,0:57:44
23139,1,10.44776248931885,36.63,0,1,0.87,1:00:57
23140,1,269.9087524414062,36.63,1,0,0.87,0:59:44
23141,1,37.5223388671875,36.63,1,0,0.87,0:57:20
23142,1,31.97005462646484,36.63,0,1,0.87,1:03:17
23143,1,50.82839584350586,36.63,1,0,0.87,1:00:44
23144,1,31.97005462646484,36.63,0,1,0.87,1:03:17
23145,1,11.603414535522461,36.63,1,0,0.87,1:02:59
23146,1,7.058139324188232,36.63,0,1,0.87,1:03:15
23147,1,251.91278076171884,36.63,0,1,0.87,0:54:40
23148,1,12.58986759185791,36.63,1,0,0.87,1:03:46
23149,1,1596.6729736328118,36.63,1,0,0.87,1:01:03
23150,1,19.01333236694336,36.63,0,1,0.87,1:03:15
23151,1,198.6672515869141,36.63,1,0,0.87,0:58:03
23152,1,154.4349670410156,36.63,0,1,0.87,0:57:24
23153,1,10.71148586273193,36.63,1,0,0.87,1:03:06
23154,1,81.31647491455078,36.63,0,1,0.87,0:57:08
23155,1,37.51520156860352,36.63,1,0,0.87,0:55:08
23156,1,63.713539123535156,36.63,0,1,0.87,1:00:53
23157,1,50.82839584350586,36.63,1,0,0.87,1:01:53
23158,1,31.97005462646484,36.63,0,1,0.87,1:05:07
23159,1,90.76966857910156,36.63,1,0,0.87,1:03:13
23160,1,146.1344451904297,36.63,0,1,0.87,0:58:12
23161,1,226.5840606689453,36.63,1,0,0.87,1:03:45
23162,1,226.5840606689453,36.63,0,1,0.87,1:03:45
23163,1,33.587997436523445,36.63,0,1,0.87,1:02:04
23164,1,10.44776248931885,36.63,0,1,0.87,1:00:09
23165,1,30.17621803283691,36.63,0,1,0.87,0:59:32
23166,1,10.44183731079102,36.63,0,1,0.87,1:02:06
23167,1,14.32654094696045,36.63,0,1,0.87,1:01:39
23168,1,254.4806976318359,36.63,1,0,0.87,1:05:24
23169,1,41.98091506958008,36.63,1,0,0.87,1:03:04
23170,1,33.16278839111328,36.63,0,1,0.87,0:59:33
23171,1,24.55402755737305,36.63,0,1,0.87,0:59:36
23172,1,447.4283447265625,36.63,1,0,0.87,0:49:15
23173,1,91.7226791381836,36.63,1,0,0.87,0:54:17
23174,1,10.44776248931885,36.63,0,1,0.87,0:58:45
23175,1,175.0360412597656,36.63,1,0,0.87,0:53:40
23176,1,6.240824699401856,36.63,0,1,0.87,1:05:14
23177,1,35.99068832397461,36.63,0,1,0.87,1:01:59
23178,1,387.4266967773438,36.63,1,0,0.87,0:58:46
23179,1,311.047607421875,36.63,1,0,0.87,0:51:35
23180,1,66.27151489257811,36.63,0,1,0.87,1:03:45
23181,1,2.103271007537842,36.63,0,1,0.87,1:03:45
23182,1,37.14976119995117,36.63,1,0,0.87,0:58:23
23183,1,192.6400146484375,36.63,0,1,0.87,0:56:00
23184,1,85.10847473144531,36.63,1,0,0.87,0:57:56
23185,1,32.57057571411133,36.63,0,1,0.87,1:03:12
23186,1,292.6250610351562,36.63,1,0,0.87,1:00:19
23187,1,9.46739673614502,36.63,1,0,0.87,1:04:18
23188,1,64.17111968994139,36.63,0,1,0.87,0:58:23
23189,1,10.44776248931885,36.63,0,1,0.87,1:01:00
23190,1,183.2224578857422,36.63,1,0,0.87,1:02:57
23191,1,499.8729553222656,36.63,1,0,0.87,0:54:59
23192,1,1.824868202209473,36.63,1,0,0.87,0:50:49
23193,1,234.897705078125,36.63,1,0,0.87,0:58:11
23194,1,35.65705490112305,36.63,0,1,0.87,1:01:00
23195,1,219.4850006103516,36.63,0,1,0.87,1:01:58
23196,1,196.8123321533203,36.63,0,1,0.87,1:03:53
23197,1,1046.732788085938,36.63,0,1,0.87,0:56:14
23198,1,72.50276184082031,36.63,0,1,0.87,1:04:33
23199,1,10.44776248931885,36.63,1,0,0.87,1:05:46
23200,1,569.853271484375,36.63,1,0,0.87,0:48:26
23201,1,111.1497421264648,36.63,1,0,0.87,1:03:40
23202,1,342.0,36.63,0,1,0.87,1:03:42
23203,1,4.631145000457764,36.63,0,1,0.87,1:01:59
23204,1,219.4850006103516,36.63,0,1,0.87,1:00:28
23205,1,71.8073501586914,36.63,0,1,0.87,0:58:09
23206,1,157.0261993408203,36.63,1,0,0.87,0:53:15
23207,1,7.965522289276122,36.63,0,1,0.87,0:59:49
23208,1,71.23175048828125,36.63,1,0,0.87,1:01:55
23209,1,30.50012588500977,36.63,0,1,0.87,1:00:42
23210,1,20.15006828308105,36.63,0,1,0.87,1:02:03
23211,1,233.2363739013672,36.63,1,0,0.87,0:55:00
23212,1,1313.364624023438,36.63,0,1,0.87,1:03:28
23213,1,11.72537899017334,36.63,1,0,0.87,1:05:35
23214,1,50.50469589233398,36.63,1,0,0.87,0:55:23
23215,1,81.17364501953125,36.63,0,1,0.87,0:55:20
23216,1,53.399818420410156,36.63,0,1,0.87,0:51:00
23217,1,95.13848876953124,36.63,1,0,0.87,0:56:27
23218,1,3.241581916809082,36.63,0,1,0.87,1:03:33
23219,1,52.04446411132812,36.63,0,1,0.87,1:00:24
23220,1,19.23562431335449,36.63,0,1,0.87,1:01:19
23221,1,74.23316192626953,36.63,0,1,0.87,0:59:56
23222,1,221.7977752685547,36.63,0,1,0.87,0:55:43
23223,1,275.03494262695307,36.63,0,1,0.87,1:02:25
23224,1,18.05331420898438,36.63,0,1,0.87,1:04:26
23225,1,10.44776248931885,36.63,0,1,0.87,1:03:13
23226,1,17.80105018615723,36.63,0,1,0.87,1:03:13
23227,1,487.1786499023438,36.63,0,1,0.87,0:58:25
23228,1,1325.164916992188,36.63,0,1,0.87,0:54:57
23229,1,158.8190002441406,36.63,1,0,0.87,0:59:24
23230,1,16.83182334899902,36.63,1,0,0.87,0:55:24
23231,1,1325.164916992188,36.63,0,1,0.87,0:54:57
23232,1,36.19046020507812,36.63,0,1,0.87,1:00:20
23233,1,10.44183731079102,36.63,0,1,0.87,1:04:26
23234,1,42.47363662719727,36.63,0,1,0.87,0:59:50
23235,1,259.998291015625,36.63,1,0,0.87,0:56:45
23236,1,7.309962749481201,36.63,0,1,0.87,1:01:06
23237,1,10.44776248931885,36.63,0,1,0.87,1:02:31
23238,1,321.1102600097656,36.63,0,1,0.87,0:57:43
23239,1,1361.07470703125,36.63,0,1,0.87,0:56:38
23240,1,151.4055480957031,36.63,0,1,0.87,1:02:18
23241,1,14.070459365844732,36.63,0,1,0.87,1:02:10
23242,1,260.0,36.63,1,0,0.87,0:57:43
23243,1,126.26013946533199,36.63,1,0,0.87,1:06:50
23244,1,10.44776248931885,36.63,0,1,0.87,1:04:36
23245,1,287.5038757324219,36.63,1,0,0.87,0:56:14
23246,1,4.3414626121521005,36.63,1,0,0.87,1:04:36
23247,1,1.539181590080261,36.63,1,0,0.87,0:58:01
23248,1,10.44776248931885,36.63,0,1,0.87,1:01:01
23249,1,52.88887405395508,36.63,1,0,0.87,1:03:00
23250,1,156.2656097412109,36.63,1,0,0.87,0:58:02
23251,1,10.44776248931885,36.63,0,1,0.87,1:06:59
23252,1,31.01458549499512,36.63,0,1,0.87,1:00:08
23253,1,35.65705490112305,36.63,1,0,0.87,1:00:38
23254,1,31.97005462646484,36.63,1,0,0.87,0:59:28
23255,1,10.44776248931885,36.63,1,0,0.87,1:07:00
23256,1,10.44776248931885,36.63,0,1,0.87,1:00:03
23257,1,19.07254981994629,36.63,0,1,0.87,1:02:17
23258,1,26.88188362121582,36.63,1,0,0.87,0:55:34
23259,1,7.058139324188232,36.63,1,0,0.87,1:03:57
23260,1,7.058139324188232,36.63,1,0,0.87,1:03:57
23261,1,109.7792205810547,36.63,1,0,0.87,0:57:41
23262,1,151.7768249511719,36.63,1,0,0.87,1:00:23
23263,1,5.020810604095459,36.63,0,1,0.87,1:03:49
23264,1,6.489360332489014,36.63,0,1,0.87,0:49:53
23265,1,7.965522289276122,36.63,0,1,0.87,1:01:22
23266,1,133.8932037353516,36.63,1,0,0.87,0:59:16
23267,1,278.0640869140625,36.63,0,1,0.87,1:00:39
23268,1,57.82163619995117,36.63,1,0,0.87,0:53:08
23269,1,17.08402633666992,36.63,0,1,0.87,1:05:51
23270,1,194.2318115234375,36.63,1,0,0.87,0:59:10
23271,1,313.4428405761719,36.63,0,1,0.87,0:53:42
23272,1,32.734729766845696,36.63,0,1,0.87,0:59:06
23273,1,67.96146392822266,36.63,1,0,0.87,1:05:56
23274,1,217.5452423095703,36.63,0,1,0.87,0:58:07
23275,1,21.91367149353027,36.63,0,1,0.87,0:56:30
23276,1,221.8129425048828,36.63,0,1,0.87,1:02:21
23277,1,251.763916015625,36.63,1,0,0.87,1:00:57
23278,1,366.0434265136719,36.63,0,1,0.87,1:02:58
23279,1,1897.159912109375,36.63,0,1,0.87,1:02:58
23280,1,11.085031509399409,36.63,1,0,0.87,1:02:04
23281,1,16.56631660461426,36.63,1,0,0.87,0:58:29
23282,1,16.84739112854004,36.63,0,1,0.87,1:02:43
23283,1,259.998291015625,36.63,1,0,0.87,1:06:23
23284,1,167.9832916259766,36.63,1,0,0.87,0:58:33
23285,1,13.81503200531006,36.63,1,0,0.87,1:02:07
23286,1,142.791748046875,36.63,1,0,0.87,1:05:29
23287,1,19.48332405090332,36.63,0,1,0.87,1:00:25
23288,1,39.21760559082031,36.63,0,1,0.87,1:01:40
23289,1,321.9679870605469,36.63,1,0,0.87,1:00:52
23290,1,53.95555114746094,36.63,1,0,0.87,1:02:55
23291,1,373.8065185546875,36.63,1,0,0.87,0:59:03
23292,1,198.5838623046875,36.63,1,0,0.87,0:59:44
23293,1,48.10107803344727,36.63,0,1,0.87,0:59:46
23294,1,259.998291015625,36.63,0,1,0.87,1:07:00
23295,1,209.4566192626953,36.63,1,0,0.87,1:05:39
23296,1,481.0110168457031,36.63,1,0,0.87,0:58:10
23297,1,74.27950286865234,36.63,1,0,0.87,1:04:44
23298,1,6.262023448944093,36.63,1,0,0.87,0:59:44
23299,1,259.998291015625,36.63,0,1,0.87,1:06:57
23300,1,152.9394073486328,36.63,0,1,0.87,1:00:10
23301,1,4.693426609039307,36.63,1,0,0.87,1:06:58
23302,1,1.517265439033508,36.63,1,0,0.87,0:52:55
23303,1,4.631145000457764,36.63,0,1,0.87,1:04:38
23304,1,121.3621368408203,36.63,0,1,0.87,0:54:13
23305,1,50.04737091064453,36.63,1,0,0.87,0:58:31
23306,1,284.7704162597656,36.63,1,0,0.87,0:59:58
23307,1,27.76775741577148,36.63,1,0,0.87,1:00:27
23308,1,291.1369323730469,36.63,0,1,0.87,1:01:21
23309,1,10.44776248931885,36.63,1,0,0.87,1:01:52
23310,1,35.53342819213867,36.63,1,0,0.87,1:03:41
23311,1,39.47004318237305,36.63,1,0,0.87,1:03:16
23312,1,10.44776248931885,36.63,1,0,0.87,1:00:19
23313,1,151.5561676025391,36.63,0,1,0.87,1:02:23
23314,1,53.74789428710938,36.63,0,1,0.87,0:51:35
23315,1,182.04888916015616,36.63,0,1,0.87,1:00:21
23316,1,35.65705490112305,36.63,0,1,0.87,1:00:34
23317,1,374.1132507324219,36.63,0,1,0.87,0:58:28
23318,1,309.6552429199219,36.63,0,1,0.87,0:51:42
23319,1,35.65705490112305,36.63,1,0,0.87,1:04:26
23320,1,91.7226791381836,36.63,0,1,0.87,1:01:32
23321,1,21.16438865661621,36.63,1,0,0.87,1:06:15
23322,1,83.9320068359375,36.63,1,0,0.87,0:59:53
23323,1,208.2879638671875,36.63,0,1,0.87,0:59:53
23324,1,31.01458549499512,36.63,0,1,0.87,1:04:32
23325,1,16.84739112854004,36.63,1,0,0.87,1:02:37
23326,1,7.058139324188232,36.63,0,1,0.87,1:02:12
23327,1,198.6544494628906,36.63,0,1,0.87,0:59:28
23328,1,354.3406982421875,36.63,0,1,0.87,0:57:59
23329,1,407.7540283203125,36.63,0,1,0.87,1:05:26
23330,1,17.3270263671875,36.63,1,0,0.87,0:57:20
23331,1,321.9679870605469,36.63,0,1,0.87,1:00:52
23332,1,16.698308944702152,36.63,1,0,0.87,0:57:02
23333,1,232.5149993896484,36.63,1,0,0.87,0:53:56
23334,1,18.80724906921387,36.63,1,0,0.87,0:57:50
23335,1,104.2470016479492,36.63,0,1,0.87,1:03:39
23336,1,213.9208221435547,36.63,0,1,0.87,1:00:13
23337,1,10.44776248931885,36.63,1,0,0.87,0:59:26
23338,1,4.8699212074279785,36.63,0,1,0.87,1:03:39
23339,1,104.1357421875,36.63,0,1,0.87,0:51:00
23340,1,10.44776248931885,36.63,1,0,0.87,0:59:24
23341,1,244.6195983886719,36.63,0,1,0.87,0:56:08
23342,1,23.19246101379395,36.63,0,1,0.87,0:57:55
23343,1,61.279258728027344,36.63,1,0,0.87,0:53:05
23344,1,139.70271301269528,36.63,1,0,0.87,0:59:41
23345,1,140.58866882324222,36.63,0,1,0.87,1:06:24
23346,1,197.41845703125,36.63,0,1,0.87,1:08:28
23347,1,398.2716369628906,36.63,1,0,0.87,1:08:29
23348,1,159.2595977783203,36.63,0,1,0.87,1:00:54
23349,1,39.21760559082031,36.63,1,0,0.87,0:55:27
23350,1,10.44776248931885,36.63,1,0,0.87,1:00:17
23351,1,196.8123321533203,36.63,0,1,0.87,0:52:26
23352,1,35.99068832397461,36.63,0,1,0.87,1:02:19
23353,1,4.143080711364746,36.63,1,0,0.87,0:58:22
23354,1,18.64817237854004,36.63,1,0,0.87,1:03:19
23355,1,4.631145000457764,36.63,1,0,0.87,1:04:33
23356,1,68.73342132568361,36.63,0,1,0.87,1:00:16
23357,1,4.631145000457764,36.63,1,0,0.87,1:04:33
23358,1,90.76966857910156,36.63,1,0,0.87,1:03:14
23359,1,22.78268432617188,36.63,1,0,0.87,0:57:22
23360,1,147.0316009521484,36.63,1,0,0.87,0:56:47
23361,1,31.97005462646484,36.63,0,1,0.87,1:01:08
23362,1,11.085031509399409,36.63,1,0,0.87,0:58:47
23363,1,339.4572448730469,36.63,0,1,0.87,0:58:03
23364,1,22.29907417297363,36.63,0,1,0.87,0:55:41
23365,1,3.0,36.63,1,0,0.87,0:59:47
23366,1,16.83182334899902,36.63,0,1,0.87,1:00:38
23367,1,21.91367149353027,36.63,0,1,0.87,1:02:24
23368,1,10.44776248931885,36.63,1,0,0.87,1:04:47
23369,1,65.05636596679689,36.63,0,1,0.87,1:00:39
23370,1,181.6817321777344,36.63,1,0,0.87,0:50:25
23371,1,2600.427734375,36.63,1,0,0.87,0:57:58
23372,1,66.94795989990234,36.63,0,1,0.87,0:52:00
23373,1,9.22296905517578,36.63,0,1,0.87,1:05:26
23374,1,167.9832916259766,36.63,1,0,0.87,1:02:28
23375,1,31.97005462646484,36.63,0,1,0.87,1:04:00
23376,1,10.44776248931885,36.63,0,1,0.87,1:03:24
23377,1,44.45844268798828,36.63,0,1,0.87,1:02:13
23378,1,259.998291015625,36.63,1,0,0.87,1:08:42
23379,1,259.998291015625,36.63,1,0,0.87,1:08:43
23380,1,1434.851806640625,36.63,0,1,0.87,0:57:21
23381,1,31.97005462646484,36.63,0,1,0.87,1:05:10
23382,1,8.194785118103027,36.63,0,1,0.87,1:01:00
23383,1,259.998291015625,36.63,0,1,0.87,1:02:31
23384,1,22.60368156433105,36.63,1,0,0.87,1:04:57
23385,1,200.3173065185547,36.63,0,1,0.87,1:04:03
23386,1,16.84739112854004,36.63,0,1,0.87,1:06:49
23387,1,344.7054748535156,36.63,1,0,0.87,0:44:57
23388,1,24.55533409118652,36.63,1,0,0.87,0:46:28
23389,1,451.9224548339844,36.63,1,0,0.87,1:01:59
23390,1,50.26950454711914,36.63,1,0,0.87,1:02:32
23391,1,118.5949020385742,36.63,1,0,0.87,1:08:39
23392,1,4.784560680389403,36.63,0,1,0.87,1:02:25
23393,1,6.240824699401856,36.63,1,0,0.87,1:03:47
23394,1,31.97005462646484,36.63,1,0,0.87,0:58:49
23395,1,10.44776248931885,36.63,0,1,0.87,1:06:20
23396,1,152.1493835449219,36.63,0,1,0.87,1:03:07
23397,1,10.44776248931885,36.63,0,1,0.87,1:00:38
23398,1,37.14537048339844,36.63,1,0,0.87,0:54:02
23399,1,354.8083801269531,36.63,1,0,0.87,0:56:12
23400,1,232.07177734375,36.63,0,1,0.87,1:05:49
23401,1,35.99068832397461,36.63,0,1,0.87,1:08:04
23402,1,376.4162902832031,36.63,0,1,0.87,1:04:35
23403,1,73.98070526123047,36.63,1,0,0.87,0:52:13
23404,1,39.21760559082031,36.63,0,1,0.87,1:02:40
23405,1,1046.732788085938,36.63,0,1,0.87,0:59:26
23406,1,17.08699035644531,36.63,0,1,0.87,1:04:58
23407,1,10.44776248931885,36.63,0,1,0.87,0:59:19
23408,1,17.08699035644531,36.63,1,0,0.87,1:04:58
23409,1,13.445884704589838,36.63,0,1,0.87,0:56:47
23410,1,37.5223388671875,36.63,0,1,0.87,1:01:23
23411,1,102.071533203125,36.63,0,1,0.87,0:59:20
23412,1,6.883123874664308,36.63,0,1,0.87,0:48:42
23413,1,200.3173065185547,36.63,1,0,0.87,0:58:33
23414,1,12.806783676147461,36.63,1,0,0.87,1:05:59
23415,1,39.21760559082031,36.63,1,0,0.87,1:01:06
23416,1,91.56227111816406,36.63,1,0,0.87,1:03:35
23417,1,1756.8570556640618,36.63,0,1,0.87,1:02:09
23418,1,505.1585388183594,36.63,1,0,0.87,1:01:15
23419,1,1325.179443359375,36.63,1,0,0.87,1:04:27
23420,1,219.4850006103516,36.63,1,0,0.87,0:59:05
23421,1,6.029303550720215,36.63,0,1,0.87,0:56:30
23422,1,219.4850006103516,36.63,0,1,0.87,1:05:32
23423,1,6.70620059967041,36.63,0,1,0.87,1:04:45
23424,1,320.0387878417969,36.63,0,1,0.87,0:59:25
23425,1,640.0,36.63,0,1,0.87,1:02:48
23426,1,220.8075714111328,36.63,0,1,0.87,1:01:05
23427,1,23.51996421813965,36.63,0,1,0.87,0:57:51
23428,1,180.7179412841797,36.63,0,1,0.87,1:02:48
23429,1,182.8389587402344,36.63,0,1,0.87,1:02:48
23430,1,10.44183731079102,36.63,0,1,0.87,0:48:30
23431,1,44.07643127441406,36.63,0,1,0.87,1:02:14
23432,1,10.44776248931885,36.63,0,1,0.87,1:00:56
23433,1,799.8717651367188,36.63,0,1,0.87,0:56:31
23434,1,67.15016174316406,36.63,0,1,0.87,0:59:38
23435,1,27.96543884277344,36.63,0,1,0.87,1:04:27
23436,1,278.0640869140625,36.63,1,0,0.87,1:00:17
23437,1,1511.2135009765618,36.63,0,1,0.87,1:01:46
23438,1,66.39256286621094,36.63,0,1,0.87,0:58:29
23439,1,278.0640869140625,36.63,1,0,0.87,0:57:06
23440,1,52.04446411132812,36.63,0,1,0.87,1:07:15
23441,1,398.2716369628906,36.63,1,0,0.87,0:58:26
23442,1,214.3064422607422,36.63,0,1,0.87,0:58:08
23443,1,7.1861228942871085,36.63,0,1,0.87,0:56:34
23444,1,20.8415412902832,36.63,0,1,0.87,1:00:18
23445,1,24.80491638183594,36.63,0,1,0.87,1:02:30
23446,1,78.51099395751953,36.63,0,1,0.87,1:07:46
23447,1,311.047607421875,36.63,0,1,0.87,0:59:33
23448,1,291.1369323730469,36.63,0,1,0.87,1:00:20
23449,1,11.085031509399409,36.63,1,0,0.87,1:02:15
23450,1,19.48332405090332,36.63,1,0,0.87,0:59:15
23451,1,1480.1656494140618,36.63,0,1,0.87,0:52:23
23452,1,35.48947143554688,36.63,1,0,0.87,0:59:39
23453,1,148.676025390625,36.63,0,1,0.87,1:04:03
23454,1,1596.6729736328118,36.63,0,1,0.87,1:03:47
23455,1,17.5898609161377,36.63,0,1,0.87,1:01:09
23456,1,94.3544921875,36.63,0,1,0.87,1:04:26
23457,1,331.5245056152344,36.63,0,1,0.87,1:00:51
23458,1,270.566162109375,36.63,1,0,0.87,1:02:53
23459,1,1440.0677490234382,36.63,0,1,0.87,1:00:28
23460,1,1394.4505615234382,36.63,0,1,0.87,1:00:29
23461,1,1394.4505615234382,36.63,0,1,0.87,1:00:28
23462,1,5.075136661529541,36.63,1,0,0.87,1:00:49
23463,1,259.998291015625,36.63,1,0,0.87,1:01:40
23464,1,657.2290649414062,36.63,0,1,0.87,1:01:24
23465,1,18.05331420898438,36.63,0,1,0.87,1:02:30
23466,1,211.506591796875,36.63,0,1,0.87,0:54:29
23467,1,55.22239303588867,36.63,1,0,0.87,1:03:12
23468,1,37.14537048339844,36.63,1,0,0.87,1:00:38
23469,1,320.0387878417969,36.63,0,1,0.87,1:02:47
23470,1,114.9635238647461,36.63,0,1,0.87,1:03:32
23471,1,356.783935546875,36.63,0,1,0.87,1:03:32
23472,1,71.8073501586914,36.63,1,0,0.87,0:58:21
23473,1,398.2716369628906,36.63,1,0,0.87,1:04:11
23474,1,35.48947143554688,36.63,1,0,0.87,1:03:57
23475,1,326.7254028320312,36.63,0,1,0.87,1:02:52
23476,1,19.07254981994629,36.63,1,0,0.87,1:05:00
23477,1,10.44776248931885,36.63,0,1,0.87,1:00:50
23478,1,80.32720947265625,36.63,0,1,0.87,1:04:47
23479,1,138.3571929931641,36.63,1,0,0.87,1:02:37
23480,1,14.359289169311518,36.63,0,1,0.87,1:03:14
23481,1,30.4487247467041,36.63,0,1,0.87,1:02:58
23482,1,29.26150894165039,36.63,0,1,0.87,1:00:52
23483,1,197.41845703125,36.63,0,1,0.87,1:02:00
23484,1,74.22908020019531,36.63,1,0,0.87,1:04:06
23485,1,6.262023448944093,36.63,1,0,0.87,0:59:57
23486,1,1046.732788085938,36.63,0,1,0.87,1:02:13
23487,1,399.9556579589844,36.63,1,0,0.87,0:59:24
23488,1,190.1930236816406,36.63,0,1,0.87,0:59:00
23489,1,259.998291015625,36.63,1,0,0.87,0:59:29
23490,1,190.1930236816406,36.63,1,0,0.87,0:59:00
23491,1,17.80105018615723,36.63,1,0,0.87,0:59:35
23492,1,4.693426609039307,36.63,1,0,0.87,1:01:53
23493,1,342.0,36.63,0,1,0.87,0:59:54
23494,1,6.240824699401856,36.63,0,1,0.87,1:00:02
23495,1,244.8513488769531,36.63,1,0,0.87,1:04:11
23496,1,376.4162902832031,36.63,0,1,0.87,1:03:06
23497,1,259.998291015625,36.63,1,0,0.87,1:00:38
23498,1,35.65705490112305,36.63,0,1,0.87,1:09:58
23499,1,22.33357238769531,36.63,1,0,0.87,0:59:10
23500,1,27.3308277130127,36.63,0,1,0.87,0:59:27
23501,1,421.3871459960938,36.63,0,1,0.87,0:56:55
23502,1,219.4850006103516,36.63,1,0,0.87,1:00:44
23503,1,131.4553527832031,36.63,0,1,0.87,0:53:10
23504,1,220.8075714111328,36.63,1,0,0.87,1:03:58
23505,1,220.8075714111328,36.63,1,0,0.87,1:03:58
23506,1,193.1722259521484,36.63,1,0,0.87,1:00:03
23507,1,10.44776248931885,36.63,0,1,0.87,1:01:56
23508,1,10.44776248931885,36.63,1,0,0.87,1:06:45
23509,1,137.57452392578122,36.63,1,0,0.87,1:04:09
23510,1,10.44776248931885,36.63,1,0,0.87,1:01:49
23511,1,10.65874290466309,36.63,1,0,0.87,0:56:13
23512,1,196.8123321533203,36.63,0,1,0.87,1:06:12
23513,1,43.62190246582031,36.63,1,0,0.87,1:01:02
23514,1,91.85733795166016,36.63,1,0,0.87,0:50:51
23515,1,5.565427303314209,36.63,0,1,0.87,0:59:23
23516,1,103.2173385620117,36.63,0,1,0.87,0:59:41
23517,1,11.085031509399409,36.63,1,0,0.87,0:59:32
23518,1,717.7359008789062,36.63,1,0,0.87,1:01:53
23519,1,10.44183731079102,36.63,0,1,0.87,1:04:51
23520,1,6.240824699401856,36.63,0,1,0.87,0:56:27
23521,1,360.4160461425781,36.63,0,1,0.87,0:56:28
23522,1,16.83619689941406,36.63,0,1,0.87,0:57:13
23523,1,10.44183731079102,36.63,1,0,0.87,0:50:18
23524,1,51.03147506713867,36.63,0,1,0.87,1:04:14
23525,1,16.84739112854004,36.63,0,1,0.87,1:05:23
23526,1,259.998291015625,36.63,1,0,0.87,1:03:25
23527,1,29.1304931640625,36.63,1,0,0.87,1:03:40
23528,1,10.44776248931885,36.63,0,1,0.87,1:03:07
23529,1,0.5237801074981691,36.63,1,0,0.87,1:00:40
23530,1,320.0387878417969,36.63,0,1,0.87,1:00:47
23531,1,10.32964706420898,36.63,1,0,0.87,1:07:18
23532,1,9.794013023376463,36.63,1,0,0.87,1:02:20
23533,1,17.5898609161377,36.63,0,1,0.87,1:02:24
23534,1,24.17752647399902,36.63,1,0,0.87,1:00:45
23535,1,30.4487247467041,36.63,1,0,0.87,0:56:19
23536,1,4.792830467224121,36.63,1,0,0.87,0:55:36
23537,1,242.7269287109375,36.63,0,1,0.87,0:56:05
23538,1,35.99068832397461,36.63,1,0,0.87,1:01:17
23539,1,10.44776248931885,36.63,1,0,0.87,1:00:16
23540,1,10.44776248931885,36.63,0,1,0.87,1:08:40
23541,1,6.240824699401856,36.63,1,0,0.87,1:00:45
23542,1,32.118362426757805,36.63,0,1,0.87,1:01:32
23543,1,180.2863311767578,36.63,1,0,0.87,1:02:06
23544,1,37.14537048339844,36.63,1,0,0.87,1:03:26
23545,1,31.97005462646484,36.63,0,1,0.87,1:03:35
23546,1,92.71110534667969,36.63,1,0,0.87,0:59:06
23547,1,140.58866882324222,36.63,1,0,0.87,0:56:11
23548,1,19.42654228210449,36.63,0,1,0.87,1:00:48
23549,1,21.0,36.63,1,0,0.87,1:01:46
23550,2,194.2318115234375,36.63,0,1,0.87,1:00:44
23551,1,320.5737609863281,36.63,0,1,0.87,1:02:20
23552,1,10.44776248931885,36.63,0,1,0.87,1:07:58
23553,1,5.6399245262146,36.63,1,0,0.87,1:03:50
23554,1,7.309962749481201,36.63,0,1,0.87,1:09:58
23555,1,447.4283447265625,36.63,1,0,0.87,1:00:35
23556,1,1452.274169921875,36.63,0,1,0.87,1:00:20
23557,1,2.103271007537842,36.63,1,0,0.87,0:59:53
23558,1,127.22582244873051,36.63,0,1,0.87,0:55:04
23559,1,3.920108318328857,36.63,0,1,0.87,1:00:55
23560,1,20.19857788085938,36.63,0,1,0.87,1:05:16
23561,1,3.920108318328857,36.63,0,1,0.87,1:00:56
23562,1,330.508056640625,36.63,1,0,0.87,0:40:36
23563,1,141.9242706298828,36.63,1,0,0.87,1:04:07
23564,1,51.877418518066406,36.63,0,1,0.87,1:00:02
23565,1,31.71623420715332,36.63,0,1,0.87,1:01:10
23566,1,2615.98095703125,36.63,0,1,0.87,1:01:13
23567,1,137.57452392578122,36.63,1,0,0.87,1:02:03
23568,1,4.631145000457764,36.63,0,1,0.87,1:02:00
23569,1,94.3494644165039,36.63,1,0,0.87,1:03:16
23570,1,51.94340515136719,36.63,0,1,0.87,0:59:06
23571,1,107.4973297119141,36.63,0,1,0.87,0:56:43
23572,1,244.1101379394531,36.63,1,0,0.87,1:03:17
23573,1,10.44776248931885,36.63,0,1,0.87,1:04:53
23574,1,1771.6531982421882,36.63,1,0,0.87,1:05:56
23575,1,1300.004516601562,36.63,1,0,0.87,1:05:43
23576,1,24.55533409118652,36.63,0,1,0.87,0:57:05
23577,1,110.1372756958008,36.63,1,0,0.87,1:03:08
23578,1,208.2879638671875,36.63,0,1,0.87,1:05:41
23579,1,37.14537048339844,36.63,1,0,0.87,1:01:11
23580,1,1596.6729736328118,36.63,1,0,0.87,0:57:04
23581,1,249.9987335205078,36.63,1,0,0.87,0:57:14
23582,1,31.52193450927734,36.63,0,1,0.87,0:53:41
23583,1,193.1563873291016,36.63,0,1,0.87,1:04:57
23584,1,47.62214660644531,36.63,0,1,0.87,0:58:42
23585,1,89.8837890625,36.63,1,0,0.87,0:58:40
23586,1,108.9836578369141,36.63,1,0,0.87,1:02:16
23587,1,657.2290649414062,36.63,1,0,0.87,0:59:43
23588,1,41.98091506958008,36.63,1,0,0.87,0:56:12
23589,1,9.794013023376463,36.63,0,1,0.87,1:04:59
23590,1,115.1393280029297,36.63,0,1,0.87,1:02:52
23591,1,320.0387878417969,36.63,0,1,0.87,0:59:19
23592,1,307.6661376953125,36.63,1,0,0.87,0:59:19
23593,1,39.21760559082031,36.63,1,0,0.87,1:00:54
23594,1,39.21760559082031,36.63,1,0,0.87,1:00:54
23595,1,321.1102600097656,36.63,0,1,0.87,1:03:20
23596,1,395.4680480957031,36.63,0,1,0.87,0:57:13
23597,1,270.96609497070307,36.63,0,1,0.87,1:01:53
23598,1,292.7398376464844,36.63,1,0,0.87,1:03:08
23599,1,151.7860565185547,36.63,1,0,0.87,0:58:54
23600,1,94.3494644165039,36.63,1,0,0.87,0:57:02
23601,1,565.7193603515625,36.63,0,1,0.87,0:58:17
23602,1,10.44183731079102,36.63,1,0,0.87,1:03:28
23603,1,39.21760559082031,36.63,1,0,0.87,0:56:58
23604,1,10.44776248931885,36.63,0,1,0.87,1:00:10
23605,1,197.41845703125,36.63,0,1,0.87,1:02:19
23606,1,407.7540283203125,36.63,0,1,0.87,1:02:17
23607,1,748.8409423828125,36.63,0,1,0.87,1:05:05
23608,1,219.4850006103516,36.63,0,1,0.87,1:05:32
23609,1,259.998291015625,36.63,0,1,0.87,1:03:53
23610,1,31.97005462646484,36.63,0,1,0.87,1:04:29
23611,1,31.17976570129395,36.63,1,0,0.87,1:03:23
23612,1,175.3139953613281,36.63,1,0,0.87,1:05:48
23613,1,10.44776248931885,36.63,0,1,0.87,1:01:19
23614,1,1386.9697265625,36.63,1,0,0.87,0:52:23
23615,1,259.998291015625,36.63,0,1,0.87,0:58:06
23616,1,7.459250450134277,36.63,1,0,0.87,1:05:32
23617,1,6.240824699401856,36.63,0,1,0.87,1:05:22
23618,1,15.55781936645508,36.63,0,1,0.87,1:02:16
23619,1,275.340576171875,36.63,1,0,0.87,1:11:13
23620,1,76.49766540527344,36.63,0,1,0.87,1:03:06
23621,1,259.998291015625,36.63,1,0,0.87,0:55:44
23622,1,425.3714904785156,36.63,1,0,0.87,1:05:48
23623,1,10.44776248931885,36.63,0,1,0.87,1:04:51
23624,1,10.44776248931885,36.63,0,1,0.87,1:07:26
23625,1,295.1239318847656,36.63,1,0,0.87,1:02:54
23626,1,94.3494644165039,36.63,1,0,0.87,1:04:16
23627,1,18.05331420898438,36.63,0,1,0.87,1:04:17
23628,1,18.05331420898438,36.63,0,1,0.87,1:04:06
23629,1,48.00765991210938,36.63,1,0,0.87,1:07:35
23630,1,10.44776248931885,36.63,1,0,0.87,1:05:07
23631,1,10.44776248931885,36.63,0,1,0.87,1:02:36
23632,1,4.3414626121521005,36.63,1,0,0.87,0:56:08
23633,1,13.346641540527338,36.63,0,1,0.87,1:08:40
23634,1,192.8484039306641,36.63,0,1,0.87,0:57:21
23635,1,146.0377807617188,36.63,0,1,0.87,1:01:44
23636,1,15.859853744506841,36.63,0,1,0.87,1:01:40
23637,1,5.72465705871582,36.63,1,0,0.87,1:03:10
23638,1,71.36392974853516,36.63,1,0,0.87,1:02:06
23639,1,306.3215942382812,36.63,1,0,0.87,1:06:06
23640,1,10.44776248931885,36.63,1,0,0.87,1:03:15
23641,1,99.92736053466795,36.63,1,0,0.87,1:03:15
23642,1,15.55781936645508,36.63,1,0,0.87,1:02:02
23643,1,31.71623420715332,36.63,0,1,0.87,1:02:53
23644,1,219.4850006103516,36.63,1,0,0.87,1:08:09
23645,1,140.9563293457031,36.63,0,1,0.87,0:56:20
23646,1,47.49871826171875,36.63,1,0,0.87,0:59:39
23647,1,10.44776248931885,36.63,1,0,0.87,1:00:50
23648,1,1623.9774169921882,36.63,1,0,0.87,1:07:01
23649,1,10.44776248931885,36.63,0,1,0.87,1:04:57
23650,1,10.44776248931885,36.63,0,1,0.87,1:04:57
23651,1,3.197103261947632,36.63,0,1,0.87,1:07:45
23652,1,10.44183731079102,36.63,0,1,0.87,1:07:28
23653,1,207.8424377441406,36.63,0,1,0.87,1:00:46
23654,1,131.3699645996094,36.63,0,1,0.87,1:02:18
23655,1,251.496826171875,36.63,1,0,0.87,0:54:37
23656,1,15.55781936645508,36.63,1,0,0.87,1:06:43
23657,1,421.3871459960938,36.63,1,0,0.87,1:05:23
23658,1,611.3375244140625,36.63,0,1,0.87,1:03:37
23659,1,262.40097045898443,36.63,1,0,0.87,1:06:02
23660,1,9.362552642822266,36.63,0,1,0.87,1:03:38
23661,1,278.0033569335938,36.63,1,0,0.87,1:02:43
23662,1,182.8298187255859,36.63,0,1,0.87,1:03:20
23663,1,35.53342819213867,36.63,0,1,0.87,1:04:34
23664,1,57.82163619995117,36.63,1,0,0.87,0:58:48
23665,1,278.0033569335938,36.63,1,0,0.87,1:02:43
23666,1,1.979974031448364,36.63,0,1,0.87,0:58:29
23667,1,17.5898609161377,36.63,0,1,0.87,1:02:43
23668,1,8.919455528259277,36.63,1,0,0.87,0:58:30
23669,1,353.0921325683594,36.63,0,1,0.87,0:58:12
23670,1,215.9176330566406,36.63,1,0,0.87,1:03:45
23671,1,140.6603088378906,36.63,1,0,0.87,0:55:23
23672,1,259.998291015625,36.63,1,0,0.87,1:03:14
23673,1,140.58866882324222,36.63,0,1,0.87,1:02:05
23674,1,249.9987335205078,36.63,0,1,0.87,0:59:23
23675,1,9.807595252990724,36.63,0,1,0.87,1:04:45
23676,1,131.4553527832031,36.63,0,1,0.87,1:02:43
23677,1,10.44776248931885,36.63,0,1,0.87,1:03:32
23678,1,275.03494262695307,36.63,1,0,0.87,1:06:43
23679,1,5.729408264160156,36.63,0,1,0.87,1:03:16
23680,1,238.3380279541016,36.63,1,0,0.87,1:04:47
23681,1,13.346641540527338,36.63,0,1,0.87,1:11:20
23682,1,31.72106170654297,36.63,1,0,0.87,1:02:13
23683,1,421.3871459960938,36.63,0,1,0.87,1:02:31
23684,1,35.99068832397461,36.63,1,0,0.87,1:07:28
23685,1,200.3173065185547,36.63,1,0,0.87,1:05:09
23686,1,259.998291015625,36.63,0,1,0.87,1:05:10
23687,1,55.22239303588867,36.63,0,1,0.87,0:58:13
23688,1,10.44776248931885,36.63,0,1,0.87,1:05:15
23689,1,44.07643127441406,36.63,1,0,0.87,1:02:59
23690,1,313.3936462402344,36.63,1,0,0.87,0:53:27
23691,1,1013.0524291992192,36.63,1,0,0.87,0:58:44
23692,1,159.9830627441406,36.63,0,1,0.87,0:58:52
23693,1,11.05302143096924,36.63,1,0,0.87,0:59:24
23694,1,614.4942016601562,36.63,1,0,0.87,1:01:17
23695,1,2465.108642578125,36.63,0,1,0.87,0:57:40
23696,1,237.44512939453116,36.63,0,1,0.87,1:06:11
23697,1,31.97005462646484,36.63,0,1,0.87,0:59:13
23698,1,10.44183731079102,36.63,0,1,0.87,0:57:06
23699,1,10.44776248931885,36.63,0,1,0.87,1:02:52
23700,1,309.6552429199219,36.63,0,1,0.87,0:58:42
23701,1,138.3722991943359,36.63,1,0,0.87,1:01:48
23702,1,1596.6729736328118,36.63,0,1,0.87,1:00:03
23703,1,16.84739112854004,36.63,1,0,0.87,0:56:12
23704,1,31.97005462646484,36.63,0,1,0.87,1:03:22
23705,1,3.079184293746948,36.63,0,1,0.87,0:56:23
23706,1,72.50554656982422,36.63,0,1,0.87,1:05:29
23707,1,24.5399284362793,36.63,1,0,0.87,0:59:44
23708,1,120.2036514282227,36.63,1,0,0.87,0:56:51
23709,1,194.2318115234375,36.63,0,1,0.87,1:02:26
23710,1,15.079251289367681,36.63,1,0,0.87,0:56:31
23711,1,194.2318115234375,36.63,0,1,0.87,1:02:26
23712,1,27.3157787322998,36.63,0,1,0.87,1:04:00
23713,1,149.1394653320312,36.63,0,1,0.87,1:03:09
23714,1,10.44776248931885,36.63,0,1,0.87,1:01:09
23715,1,259.998291015625,36.63,0,1,0.87,1:02:43
23716,1,10.44776248931885,36.63,0,1,0.87,1:02:43
23717,1,259.998291015625,36.63,0,1,0.87,1:03:24
23718,1,37.85586547851562,36.63,1,0,0.87,1:03:07
23719,1,35.65705490112305,36.63,0,1,0.87,1:06:48
23720,1,51.94340515136719,36.63,0,1,0.87,0:55:04
23721,1,24.953754425048828,36.63,0,1,0.87,0:55:04
23722,1,29.1304931640625,36.63,1,0,0.87,1:03:07
23723,1,37.5223388671875,36.63,1,0,0.87,1:03:21
23724,1,51.877418518066406,36.63,0,1,0.87,1:04:04
23725,1,326.7633666992188,36.63,1,0,0.87,1:00:13
23726,1,16.83182334899902,36.63,1,0,0.87,0:53:40
23727,1,10.44776248931885,36.63,0,1,0.87,1:07:40
23728,1,80.1837158203125,36.63,1,0,0.87,1:01:53
23729,1,845.6631469726562,36.63,1,0,0.87,1:04:48
23730,1,16.00102424621582,36.63,1,0,0.87,1:05:59
23731,1,16.298028945922848,36.63,0,1,0.87,1:07:49
23732,1,71.8073501586914,36.63,0,1,0.87,1:01:34
23733,1,2.790159702301025,36.63,1,0,0.87,1:02:34
23734,1,32.118362426757805,36.63,0,1,0.87,1:00:41
23735,1,197.91021728515616,36.63,0,1,0.87,1:01:52
23736,1,11.085031509399409,36.63,0,1,0.87,1:01:29
23737,1,2233.563720703125,36.63,0,1,0.87,1:03:17
23738,1,36.75872421264648,36.63,1,0,0.87,1:00:06
23739,1,4.375861644744873,36.63,0,1,0.87,0:59:45
23740,1,19.07254981994629,36.63,0,1,0.87,0:59:39
23741,1,82.315673828125,36.63,1,0,0.87,1:03:26
23742,1,4.143080711364746,36.63,1,0,0.87,1:07:02
23743,1,39.47004318237305,36.63,0,1,0.87,1:04:01
23744,1,233.7287750244141,36.63,1,0,0.87,1:00:18
23745,1,4.143080711364746,36.63,0,1,0.87,1:05:45
23746,1,10.44776248931885,36.63,0,1,0.87,1:03:55
23747,1,37.14537048339844,36.63,1,0,0.87,1:05:15
23748,1,232.5149993896484,36.63,1,0,0.87,0:59:24
23749,1,35.53342819213867,36.63,0,1,0.87,1:04:34
23750,1,34.564208984375,36.63,1,0,0.87,0:54:56
23751,1,16.84739112854004,36.63,1,0,0.87,1:01:27
23752,1,19.23562431335449,36.63,0,1,0.87,1:02:20
23753,1,101.0947265625,36.63,1,0,0.87,0:57:48
23754,1,81.51506042480469,36.63,1,0,0.87,1:07:47
23755,1,149.1394653320312,36.63,1,0,0.87,0:49:44
23756,1,259.998291015625,36.63,0,1,0.87,0:59:40
23757,1,201.4784851074219,36.63,0,1,0.87,1:05:13
23758,1,117.7304840087891,36.63,0,1,0.87,1:07:24
23759,1,10.44183731079102,36.63,0,1,0.87,1:01:47
23760,1,117.7304840087891,36.63,1,0,0.87,1:07:24
23761,1,312.773193359375,36.63,0,1,0.87,1:02:55
23762,1,24.55402755737305,36.63,1,0,0.87,1:02:48
23763,1,19.23562431335449,36.63,0,1,0.87,1:00:07
23764,1,451.0260314941406,36.63,1,0,0.87,0:53:50
23765,1,22.47590255737305,36.63,1,0,0.87,1:00:03
23766,1,15.32443046569824,36.63,0,1,0.87,1:08:15
23767,1,10.44776248931885,36.63,0,1,0.87,0:59:29
23768,1,134.2879791259766,36.63,1,0,0.87,0:57:00
23769,1,4.143080711364746,36.63,0,1,0.87,1:05:45
23770,1,224.7559356689453,36.63,0,1,0.87,0:55:42
23771,1,10.44183731079102,36.63,1,0,0.87,1:01:42
23772,1,260.0,36.63,1,0,0.87,1:03:31
23773,1,16.82146263122559,36.63,0,1,0.87,0:58:23
23774,1,5.020810604095459,36.63,1,0,0.87,1:01:29
23775,1,419.7933044433594,36.63,1,0,0.87,1:01:29
23776,1,237.6291656494141,36.63,0,1,0.87,1:01:29
23777,1,342.0,36.63,0,1,0.87,0:59:55
23778,1,19.07254981994629,36.63,1,0,0.87,1:02:06
23779,1,392.9354553222656,36.63,1,0,0.87,1:01:39
23780,1,120.9079360961914,36.63,0,1,0.87,0:56:25
23781,1,39.47004318237305,36.63,0,1,0.87,0:54:05
23782,1,197.583984375,36.63,0,1,0.87,1:04:06
23783,1,15.224977493286133,36.63,0,1,0.87,1:01:22
23784,1,4.631145000457764,36.63,1,0,0.87,1:02:11
23785,1,31.97005462646484,36.63,0,1,0.87,1:06:47
23786,1,77.97574615478516,36.63,0,1,0.87,1:02:16
23787,1,259.998291015625,36.63,0,1,0.87,1:00:01
23788,1,41.98091506958008,36.63,1,0,0.87,1:02:08
23789,1,77.97574615478516,36.63,0,1,0.87,1:02:17
23790,1,20.15006828308105,36.63,0,1,0.87,1:04:01
23791,1,31.97005462646484,36.63,0,1,0.87,1:04:01
23792,1,10.44776248931885,36.63,1,0,0.87,1:02:02
23793,1,2681.665771484375,36.63,1,0,0.87,1:04:43
23794,1,6.240824699401856,36.63,0,1,0.87,1:07:30
23795,1,291.1369323730469,36.63,0,1,0.87,1:02:44
23796,1,213.9208221435547,36.63,0,1,0.87,1:01:18
23797,1,28.50639724731445,36.63,1,0,0.87,0:59:40
23798,1,6.207621574401856,36.63,0,1,0.87,0:56:32
23799,1,259.998291015625,36.63,1,0,0.87,1:02:23
23800,1,775.9696044921875,36.63,0,1,0.87,0:59:40
23801,1,16.698308944702152,36.63,1,0,0.87,1:02:04
23802,1,197.91021728515616,36.63,0,1,0.87,1:05:09
23803,1,18.05331420898438,36.63,0,1,0.87,1:00:32
23804,1,199.6450042724609,36.63,1,0,0.87,0:57:56
23805,1,8.194785118103027,36.63,1,0,0.87,1:00:25
23806,1,198.6672515869141,36.63,1,0,0.87,0:55:13
23807,1,39.74082946777344,36.63,1,0,0.87,1:03:50
23808,1,213.8687438964844,36.63,0,1,0.87,1:03:48
23809,1,30.73892211914062,36.63,0,1,0.87,1:04:33
23810,1,203.5360870361328,36.63,0,1,0.87,0:57:06
23811,1,39.47004318237305,36.63,1,0,0.87,0:59:28
23812,1,55.22239303588867,36.63,1,0,0.87,1:02:09
23813,1,152.3335723876953,36.63,1,0,0.87,0:56:44
23814,1,196.8123321533203,36.63,1,0,0.87,1:07:26
23815,1,20.15006828308105,36.63,0,1,0.87,1:06:25
23816,1,15.55781936645508,36.63,1,0,0.87,1:05:26
23817,1,50.82839584350586,36.63,1,0,0.87,1:02:23
23818,1,332.7853698730469,36.63,0,1,0.87,1:04:56
23819,1,421.3871459960938,36.63,0,1,0.87,0:59:15
23820,1,36.16746139526367,36.63,0,1,0.87,1:00:43
23821,1,116.2873992919922,36.63,0,1,0.87,1:04:05
23822,1,1.7364590167999268,36.63,1,0,0.87,0:53:07
23823,1,203.33319091796884,36.63,0,1,0.87,1:02:01
23824,1,37.34151840209961,36.63,0,1,0.87,0:59:40
23825,1,242.2535705566406,36.63,0,1,0.87,1:02:01
23826,1,10.44776248931885,36.63,1,0,0.87,0:58:39
23827,1,165.6404113769531,36.63,1,0,0.87,0:59:44
23828,1,11.085031509399409,36.63,0,1,0.87,1:01:37
23829,1,196.8123321533203,36.63,0,1,0.87,1:07:36
23830,1,11.05302143096924,36.63,1,0,0.87,0:52:44
23831,1,19.07254981994629,36.63,1,0,0.87,1:04:35
23832,1,259.998291015625,36.63,1,0,0.87,1:04:35
23833,1,306.636474609375,36.63,0,1,0.87,0:58:12
23834,1,14.88372325897217,36.63,1,0,0.87,0:53:27
23835,1,18.36637115478516,36.63,0,1,0.87,0:57:54
23836,1,23.51996421813965,36.63,0,1,0.87,1:01:59
23837,1,219.4850006103516,36.63,0,1,0.87,1:08:47
23838,1,46.23047637939453,36.63,0,1,0.87,0:59:51
23839,1,6.136213302612305,36.63,0,1,0.87,1:01:03
23840,1,376.4162902832031,36.63,1,0,0.87,1:05:24
23841,1,23.51996421813965,36.63,0,1,0.87,1:03:50
23842,1,57.9035758972168,36.63,1,0,0.87,0:59:48
23843,1,320.0387878417969,36.63,0,1,0.87,1:02:26
23844,1,232.8982238769531,36.63,1,0,0.87,0:59:15
23845,1,314.1141662597656,36.63,1,0,0.87,0:54:48
23846,1,0.5237801074981691,36.63,1,0,0.87,1:04:39
23847,1,11.085031509399409,36.63,0,1,0.87,1:03:16
23848,1,10.44776248931885,36.63,0,1,0.87,1:04:08
23849,1,231.2128601074219,36.63,0,1,0.87,1:04:25
23850,1,47.437461853027344,36.63,1,0,0.87,1:01:22
23851,1,4.694972515106201,36.63,0,1,0.87,0:58:27
23852,1,41.98091506958008,36.63,1,0,0.87,0:55:42
23853,1,226.7956085205078,36.63,0,1,0.87,1:00:36
23854,1,4.8699212074279785,36.63,1,0,0.87,0:59:37
23855,1,6.433401107788086,36.63,0,1,0.87,0:59:37
23856,1,7.058139324188232,36.63,1,0,0.87,0:57:54
23857,1,5.032363891601562,36.63,0,1,0.87,1:03:21
23858,1,8.194785118103027,36.63,0,1,0.87,0:55:44
23859,1,158.6006774902344,36.63,1,0,0.87,1:03:27
23860,1,110.9721298217773,36.63,0,1,0.87,0:59:24
23861,1,10.44776248931885,36.63,1,0,0.87,0:59:36
23862,1,550.4672241210939,36.63,0,1,0.87,1:04:56
23863,1,15.55781936645508,36.63,0,1,0.87,1:00:46
23864,1,10.44776248931885,36.63,0,1,0.87,1:05:53
23865,1,259.998291015625,36.63,1,0,0.87,0:56:39
23866,1,56.084815979003906,36.63,1,0,0.87,0:59:06
23867,1,48.00765991210938,36.63,0,1,0.87,1:01:36
23868,1,69.51416778564453,36.63,0,1,0.87,1:04:22
23869,1,10.44776248931885,36.63,1,0,0.87,1:04:06
23870,1,134.9916687011719,36.63,0,1,0.87,1:09:29
23871,1,118.5949020385742,36.63,1,0,0.87,1:07:31
23872,1,10.44776248931885,36.63,1,0,0.87,0:59:59
23873,1,197.583984375,36.63,0,1,0.87,1:07:47
23874,1,28.02807998657227,36.63,0,1,0.87,1:04:22
23875,1,15.224977493286133,36.63,1,0,0.87,1:00:49
23876,1,4.693426609039307,36.63,0,1,0.87,1:01:17
23877,1,9.22296905517578,36.63,0,1,0.87,1:00:01
23878,1,140.58866882324222,36.63,1,0,0.87,1:04:15
23879,1,39.47004318237305,36.63,1,0,0.87,1:06:04
23880,1,59.91531372070312,36.63,1,0,0.87,1:04:37
23881,1,10.44776248931885,36.63,1,0,0.87,1:05:54
23882,1,47.49871826171875,36.63,0,1,0.87,1:02:05
23883,1,70.75878143310547,36.63,1,0,0.87,1:04:52
23884,1,181.5143737792969,36.63,0,1,0.87,1:00:02
23885,1,202.2101898193359,36.63,1,0,0.87,1:03:31
23886,1,17.80105018615723,36.63,1,0,0.87,1:04:57
23887,1,4.303764820098877,36.63,0,1,0.87,0:59:02
23888,1,225.0845947265625,36.63,1,0,0.87,1:00:07
23889,1,1134.373168945312,36.63,0,1,0.87,0:58:57
23890,1,14.070459365844732,36.63,0,1,0.87,1:01:32
23891,1,16.84739112854004,36.63,0,1,0.87,1:05:13
23892,1,36.19046020507812,36.63,0,1,0.87,0:59:15
23893,1,6.090157508850098,36.63,0,1,0.87,0:55:08
23894,1,398.2716369628906,36.63,0,1,0.87,1:00:54
23895,1,767.4879150390625,36.63,1,0,0.87,1:03:20
23896,1,376.4162902832031,36.63,1,0,0.87,1:04:29
23897,1,10.44776248931885,36.63,0,1,0.87,1:03:38
23898,1,398.2716369628906,36.63,1,0,0.87,1:00:22
23899,1,484.7640075683594,36.63,0,1,0.87,1:01:13
23900,1,1955.557373046875,36.63,1,0,0.87,0:59:19
23901,1,91.7226791381836,36.63,0,1,0.87,1:05:30
23902,1,259.998291015625,36.63,1,0,0.87,1:03:44
23903,1,259.998291015625,36.63,0,1,0.87,1:03:44
23904,1,263.49282836914057,36.63,0,1,0.87,1:09:59
23905,1,263.49282836914057,36.63,0,1,0.87,1:09:59
23906,1,217.0154266357422,36.63,0,1,0.87,1:01:47
23907,1,194.29931640625,36.63,1,0,0.87,1:02:35
23908,1,107.5547332763672,36.63,1,0,0.87,1:02:23
23909,1,86.71595001220703,36.63,0,1,0.87,1:05:48
23910,1,230.8924407958984,36.63,1,0,0.87,0:57:33
23911,1,55.22239303588867,36.63,1,0,0.87,1:01:05
23912,1,55.22239303588867,36.63,0,1,0.87,1:01:06
23913,1,10.44776248931885,36.63,1,0,0.87,1:00:49
23914,1,196.8123321533203,36.63,0,1,0.87,1:04:28
23915,1,16.83182334899902,36.63,0,1,0.87,1:06:46
23916,1,10.44183731079102,36.63,1,0,0.87,0:56:37
23917,1,228.7381286621094,36.63,0,1,0.87,1:01:58
23918,1,243.8819274902344,36.63,0,1,0.87,1:01:58
23919,1,123.7852401733398,36.63,0,1,0.87,0:56:37
23920,1,10.44776248931885,36.63,1,0,0.87,1:04:07
23921,1,10.44776248931885,36.63,1,0,0.87,1:00:58
23922,1,24.80491638183594,36.63,0,1,0.87,1:02:45
23923,1,209.1282806396484,36.63,0,1,0.87,1:01:03
23924,1,5.22021484375,36.63,1,0,0.87,0:53:46
23925,1,105.6290054321289,36.63,1,0,0.87,0:41:49
23926,1,259.998291015625,36.63,1,0,0.87,0:57:31
23927,1,10.44776248931885,36.63,1,0,0.87,1:09:59
23928,1,1434.851806640625,36.63,0,1,0.87,1:00:00
23929,1,275.6912841796875,36.63,0,1,0.87,0:59:44
23930,1,209.3033447265625,36.63,1,0,0.87,0:58:12
23931,1,83.61799621582031,36.63,1,0,0.87,1:02:11
23932,1,295.15576171875,36.63,0,1,0.87,1:01:28
23933,1,6.240824699401856,36.63,0,1,0.87,1:06:14
23934,1,196.8123321533203,36.63,0,1,0.87,1:02:50
23935,1,10.44776248931885,36.63,0,1,0.87,1:06:10
23936,1,21.13623237609863,36.63,0,1,0.87,1:05:00
23937,1,180.2863311767578,36.63,1,0,0.87,1:02:09
23938,1,4.3414626121521005,36.63,1,0,0.87,1:04:31
23939,1,7.058139324188232,36.63,0,1,0.87,1:06:58
23940,1,15.55781936645508,36.63,1,0,0.87,0:56:48
23941,1,10.44776248931885,36.63,1,0,0.87,1:03:50
23942,1,2893.0,36.63,0,1,0.87,1:02:33
23943,1,202.05096435546884,36.63,1,0,0.87,1:00:28
23944,1,40.51537704467773,36.63,1,0,0.87,1:00:50
23945,1,40.51537704467773,36.63,0,1,0.87,1:00:50
23946,1,15.55781936645508,36.63,0,1,0.87,1:07:25
23947,1,3.835139274597168,36.63,0,1,0.87,1:07:46
23948,1,67.96146392822266,36.63,0,1,0.87,0:59:47
23949,1,8.194785118103027,36.63,1,0,0.87,1:01:54
23950,1,7.058139324188232,36.63,1,0,0.87,1:04:06
23951,1,2136.445068359375,36.63,1,0,0.87,1:01:34
23952,1,290.0987548828125,36.63,1,0,0.87,1:00:56
23953,1,32.118362426757805,36.63,0,1,0.87,1:05:16
23954,1,259.998291015625,36.63,1,0,0.87,1:04:36
23955,1,197.583984375,36.63,0,1,0.87,1:01:22
23956,1,219.4850006103516,36.63,0,1,0.87,1:00:07
23957,1,90.76966857910156,36.63,0,1,0.87,0:58:26
23958,1,10.44776248931885,36.63,1,0,0.87,0:57:47
23959,1,39.18559646606445,36.63,1,0,0.87,1:00:03
23960,1,233.1082305908203,36.63,1,0,0.87,1:03:20
23961,1,19.23562431335449,36.63,0,1,0.87,1:02:00
23962,1,12.58986759185791,36.63,0,1,0.87,1:02:00
23963,1,215.4762725830078,36.63,0,1,0.87,0:59:29
23964,1,215.4762725830078,36.63,0,1,0.87,0:59:29
23965,1,39.18559646606445,36.63,0,1,0.87,1:05:00
23966,1,24.17752647399902,36.63,1,0,0.87,1:02:01
23967,1,10.44183731079102,36.63,0,1,0.87,1:07:51
23968,1,38.91242218017578,36.63,0,1,0.87,1:06:22
23969,1,219.4850006103516,36.63,0,1,0.87,0:58:40
23970,1,37.14537048339844,36.63,1,0,0.87,1:01:28
23971,1,1831.0819091796882,36.63,0,1,0.87,1:02:18
23972,1,3.079184293746948,36.63,0,1,0.87,1:02:57
23973,1,169.5493469238281,36.63,0,1,0.87,0:52:03
23974,1,2.9525933265686035,36.63,0,1,0.87,1:06:34
23975,1,41.782447814941406,36.63,1,0,0.87,1:06:33
23976,1,255.8130950927734,36.63,1,0,0.87,0:58:24
23977,1,77.97574615478516,36.63,1,0,0.87,1:00:43
23978,1,10.44183731079102,36.63,0,1,0.87,0:58:56
23979,1,180.2863311767578,36.63,1,0,0.87,0:58:56
23980,1,39.47004318237305,36.63,1,0,0.87,1:03:08
23981,1,74.27950286865234,36.63,0,1,0.87,1:03:10
23982,1,31.72106170654297,36.63,1,0,0.87,1:00:50
23983,1,51.877418518066406,36.63,0,1,0.87,1:03:12
23984,1,15.711705207824712,36.63,1,0,0.87,0:59:13
23985,1,16.84739112854004,36.63,1,0,0.87,1:03:08
23986,1,10.44776248931885,36.63,0,1,0.87,1:08:42
23987,1,614.4942016601562,36.63,0,1,0.87,1:03:32
23988,1,6.090157508850098,36.63,1,0,0.87,1:07:08
23989,1,147.0316009521484,36.63,1,0,0.87,1:11:37
23990,1,25.647907257080078,36.63,0,1,0.87,1:05:31
23991,1,18.05331420898438,36.63,0,1,0.87,1:05:31
23992,1,31.97005462646484,36.63,1,0,0.87,0:59:36
23993,1,35.99068832397461,36.63,0,1,0.87,1:04:50
23994,1,77.3214340209961,36.63,1,0,0.87,1:02:30
23995,1,134.9916687011719,36.63,0,1,0.87,0:53:21
23996,1,14.566981315612788,36.63,0,1,0.87,0:59:36
23997,1,32.52695846557617,36.63,1,0,0.87,0:56:22
23998,1,364.1126098632812,36.63,0,1,0.87,1:05:22
23999,1,37.5223388671875,36.63,1,0,0.87,1:01:45
24000,1,142.791748046875,36.63,0,1,0.87,1:02:51
24001,1,52.04446411132812,36.63,0,1,0.87,1:01:47
24002,1,246.8044738769531,36.63,0,1,0.87,1:05:21
24003,1,181.5143737792969,36.63,1,0,0.87,0:55:24
24004,1,344.0768127441406,36.63,0,1,0.87,1:00:16
24005,1,4.193099021911621,36.63,1,0,0.87,1:01:52
24006,1,18.26416397094727,36.63,1,0,0.87,1:01:54
24007,1,243.2678375244141,36.63,0,1,0.87,1:07:52
24008,1,239.9998931884766,36.63,0,1,0.87,1:07:52
24009,1,138.3571929931641,36.63,0,1,0.87,1:04:36
24010,1,10.44776248931885,36.63,0,1,0.87,1:04:33
24011,1,0.6114726066589355,36.63,0,1,0.87,1:09:27
24012,1,22.78268432617188,36.63,1,0,0.87,1:01:22
24013,1,143.4179992675781,36.63,1,0,0.87,1:04:09
24014,1,219.4850006103516,36.63,0,1,0.87,1:03:00
24015,1,83.71841430664062,36.63,0,1,0.87,1:05:36
24016,1,259.998291015625,36.63,0,1,0.87,1:02:38
24017,1,10.44776248931885,36.63,0,1,0.87,1:02:03
24018,1,39.47004318237305,36.63,0,1,0.87,1:02:02
24019,1,16.84739112854004,36.63,0,1,0.87,1:05:32
24020,1,187.9427490234375,36.63,0,1,0.87,1:06:09
24021,1,91.7226791381836,36.63,0,1,0.87,1:06:10
24022,1,74.22908020019531,36.63,1,0,0.87,0:55:46
24023,1,81.51506042480469,36.63,0,1,0.87,0:58:02
24024,1,231.8138275146484,36.63,0,1,0.87,1:07:04
24025,1,9.776250839233398,36.63,0,1,0.87,1:01:59
24026,1,54.79407119750977,36.63,0,1,0.87,0:57:16
24027,1,64.54953002929689,36.63,1,0,0.87,0:59:31
24028,1,39.21760559082031,36.63,1,0,0.87,0:59:45
24029,1,10.44776248931885,36.63,0,1,0.87,1:07:26
24030,1,4.693426609039307,36.63,0,1,0.87,1:06:58
24031,1,1596.6729736328118,36.63,0,1,0.87,1:08:47
24032,1,31.71623420715332,36.63,1,0,0.87,1:01:52
24033,1,10.44776248931885,36.63,0,1,0.87,1:00:39
24034,1,15.32443046569824,36.63,1,0,0.87,1:05:43
24035,1,91.7226791381836,36.63,1,0,0.87,1:03:30
24036,1,278.0640869140625,36.63,1,0,0.87,1:00:41
24037,1,38.78234481811523,36.63,0,1,0.87,0:58:02
24038,1,10.44776248931885,36.63,1,0,0.87,0:59:42
24039,1,104.1357421875,36.63,1,0,0.87,1:00:53
24040,1,219.4850006103516,36.63,1,0,0.87,0:59:41
24041,1,91.85733795166016,36.63,0,1,0.87,1:03:40
24042,1,332.7853698730469,36.63,0,1,0.87,1:04:38
24043,1,16.84739112854004,36.63,0,1,0.87,1:06:12
24044,1,17.31131172180176,36.63,0,1,0.87,1:03:15
24045,1,767.4879150390625,36.63,1,0,0.87,0:51:43
24046,1,140.58866882324222,36.63,0,1,0.87,1:05:25
24047,1,24.17752647399902,36.63,0,1,0.87,1:00:06
24048,1,219.4850006103516,36.63,0,1,0.87,1:00:16
24049,1,10.44183731079102,36.63,0,1,0.87,1:03:35
24050,1,7.309962749481201,36.63,0,1,0.87,1:04:05
24051,1,187.4071044921875,36.63,0,1,0.87,1:03:38
24052,1,428.7605285644531,36.63,0,1,0.87,1:05:23
24053,1,33.99021148681641,36.63,1,0,0.87,0:58:50
24054,1,180.2863311767578,36.63,0,1,0.87,1:03:15
24055,1,6.240824699401856,36.63,0,1,0.87,1:06:00
24056,1,34.564208984375,36.63,0,1,0.87,1:05:09
24057,1,126.8194808959961,36.63,1,0,0.87,1:01:48
24058,1,35.65705490112305,36.63,0,1,0.87,1:04:29
24059,1,376.4162902832031,36.63,1,0,0.87,1:04:25
24060,1,287.1083679199219,36.63,0,1,0.87,1:02:38
24061,1,10.44776248931885,36.63,1,0,0.87,1:10:39
24062,1,10.44776248931885,36.63,1,0,0.87,1:10:39
24063,1,1.979974031448364,36.63,1,0,0.87,1:03:50
24064,1,17.3270263671875,36.63,0,1,0.87,1:04:04
24065,1,14.32654094696045,36.63,0,1,0.87,1:02:40
24066,1,378.2447204589844,36.63,1,0,0.87,1:01:30
24067,1,22.78268432617188,36.63,1,0,0.87,1:00:37
24068,1,41.98091506958008,36.63,0,1,0.87,1:10:27
24069,1,44.61593246459961,36.63,1,0,0.87,1:01:04
24070,1,219.4850006103516,36.63,0,1,0.87,1:03:43
24071,1,47.51385116577148,36.63,1,0,0.87,1:05:40
24072,1,614.4942016601562,36.63,0,1,0.87,1:08:50
24073,1,1.979974031448364,36.63,0,1,0.87,1:02:08
24074,1,236.900634765625,36.63,1,0,0.87,0:58:16
24075,1,298.6752014160156,36.63,0,1,0.87,0:58:06
24076,1,19.79681396484375,36.63,1,0,0.87,1:03:26
24077,1,15.224977493286133,36.63,0,1,0.87,0:59:25
24078,1,10.44776248931885,36.63,1,0,0.87,1:00:28
24079,1,330.508056640625,36.63,1,0,0.87,1:03:18
24080,1,180.2863311767578,36.63,1,0,0.87,0:58:56
24081,1,10.44183731079102,36.63,0,1,0.87,0:58:19
24082,1,7.058139324188232,36.63,0,1,0.87,1:02:40
24083,1,1300.004516601562,36.63,1,0,0.87,1:03:32
24084,1,12.58986759185791,36.63,1,0,0.87,0:57:35
24085,1,158.8190002441406,36.63,1,0,0.87,1:03:02
24086,1,1548.31396484375,36.63,0,1,0.87,0:58:50
24087,1,251.763916015625,36.63,0,1,0.87,1:06:43
24088,1,271.45523071289057,36.63,0,1,0.87,1:02:20
24089,1,425.3714904785156,36.63,0,1,0.87,0:59:38
24090,1,106.87122344970699,36.63,0,1,0.87,1:05:32
24091,1,10.44183731079102,36.63,1,0,0.87,0:59:39
24092,1,59.45031356811523,36.63,0,1,0.87,1:07:03
24093,1,103.6016159057617,36.63,1,0,0.87,0:57:38
24094,1,4.194859027862549,36.63,1,0,0.87,1:01:26
24095,1,131.22892761230472,36.63,1,0,0.87,1:01:56
24096,1,9.200467109680176,36.63,1,0,0.87,0:59:07
24097,1,109.1946792602539,36.63,0,1,0.87,1:01:29
24098,1,10.44183731079102,36.63,1,0,0.87,0:58:51
24099,1,259.998291015625,36.63,1,0,0.87,0:53:02
24100,1,2893.0,36.63,0,1,0.87,1:03:57
24101,1,225.349853515625,36.63,1,0,0.87,1:02:04
24102,1,120.9079360961914,36.63,1,0,0.87,1:08:39
24103,1,259.998291015625,36.63,1,0,0.87,1:01:56
24104,1,12.82390880584717,36.63,1,0,0.87,0:59:59
24105,1,12.82390880584717,36.63,0,1,0.87,0:59:08
24106,1,76.49766540527344,36.63,0,1,0.87,1:04:57
24107,1,402.0382385253906,36.63,1,0,0.87,0:48:16
24108,1,151.6166839599609,36.63,0,1,0.87,1:00:42
24109,1,10.44776248931885,36.63,0,1,0.87,1:03:20
24110,1,39.21760559082031,36.63,0,1,0.87,1:07:49
24111,1,42.97978591918945,36.63,0,1,0.87,1:03:46
24112,1,139.42889404296878,36.63,0,1,0.87,1:07:15
24113,1,39.47004318237305,36.63,0,1,0.87,1:09:02
24114,1,5.72465705871582,36.63,1,0,0.87,1:04:48
24115,1,17.66356468200684,36.63,0,1,0.87,1:04:30
24116,1,35.48947143554688,36.63,1,0,0.87,1:04:22
24117,1,219.4850006103516,36.63,0,1,0.87,1:02:19
24118,1,46.62310409545898,36.63,1,0,0.87,0:59:42
24119,1,99.92736053466795,36.63,1,0,0.87,0:58:22
24120,1,17.5898609161377,36.63,0,1,0.87,0:58:17
24121,1,92.49187469482422,36.63,0,1,0.87,1:05:22
24122,1,13.315147399902338,36.63,1,0,0.87,1:00:53
24123,1,34.564208984375,36.63,0,1,0.87,1:08:19
24124,1,26.53032493591309,36.63,0,1,0.87,1:08:19
24125,1,10.44183731079102,36.63,0,1,0.87,1:02:28
24126,1,2.103271007537842,36.63,0,1,0.87,1:03:39
24127,1,36.75872421264648,36.63,0,1,0.87,1:04:43
24128,1,51.6639404296875,36.63,1,0,0.87,1:02:55
24129,1,171.1291351318359,36.63,1,0,0.87,0:56:47
24130,1,178.5460357666016,36.63,0,1,0.87,1:02:50
24131,1,91.85733795166016,36.63,1,0,0.87,1:00:41
24132,1,39.47004318237305,36.63,1,0,0.87,1:01:34
24133,1,39.47004318237305,36.63,1,0,0.87,1:01:35
24134,1,398.2716369628906,36.63,1,0,0.87,0:44:09
24135,1,31.97005462646484,36.63,0,1,0.87,1:03:02
24136,1,48.38787841796875,36.63,1,0,0.87,1:00:22
24137,1,10.44776248931885,36.63,0,1,0.87,1:02:43
24138,1,356.783935546875,36.63,1,0,0.87,1:03:45
24139,1,220.4464874267578,36.63,1,0,0.87,0:50:51
24140,1,196.8123321533203,36.63,0,1,0.87,1:05:15
24141,1,105.59640502929692,36.63,0,1,0.87,0:59:18
24142,1,1043.831420898438,36.63,0,1,0.87,1:07:36
24143,1,15.920199394226069,36.63,0,1,0.87,1:05:39
24144,1,21.25289535522461,36.63,0,1,0.87,1:15:18
24145,1,77.3214340209961,36.63,0,1,0.87,1:04:56
24146,1,29.1304931640625,36.63,0,1,0.87,0:59:16
24147,1,4.3414626121521005,36.63,0,1,0.87,1:02:46
24148,1,91.7226791381836,36.63,1,0,0.87,1:01:15
24149,1,63.906028747558594,36.63,1,0,0.87,1:03:34
24150,1,356.783935546875,36.63,1,0,0.87,1:03:13
24151,1,4.631145000457764,36.63,0,1,0.87,1:05:17
24152,1,252.9573211669922,36.63,1,0,0.87,0:52:17
24153,1,215.4762725830078,36.63,0,1,0.87,1:09:53
24154,1,76.49766540527344,36.63,0,1,0.87,1:00:52
24155,1,41.98091506958008,36.63,1,0,0.87,1:04:26
24156,1,380.8604125976562,36.63,1,0,0.87,1:04:59
24157,1,10.44183731079102,36.63,0,1,0.87,1:01:44
24158,1,13.346641540527338,36.63,0,1,0.87,1:03:24
24159,1,799.8717651367188,36.63,0,1,0.87,0:57:17
24160,1,1046.732788085938,36.63,0,1,0.87,0:54:37
24161,1,181.5143737792969,36.63,0,1,0.87,1:03:15
24162,1,7.776358127593994,36.63,0,1,0.87,0:58:17
24163,1,4.631145000457764,36.63,1,0,0.87,1:03:25
24164,1,6.237915515899657,36.63,1,0,0.87,1:03:25
24165,1,4.631145000457764,36.63,1,0,0.87,1:03:25
24166,1,52.04446411132812,36.63,0,1,0.87,1:08:20
24167,1,47.94073104858398,36.63,0,1,0.87,1:06:27
24168,1,10.44776248931885,36.63,0,1,0.87,1:02:44
24169,1,15.205297470092768,36.63,1,0,0.87,1:01:58
24170,1,7.058139324188232,36.63,0,1,0.87,1:06:13
24171,1,19.23562431335449,36.63,0,1,0.87,1:01:41
24172,1,10.44776248931885,36.63,0,1,0.87,1:05:35
24173,1,17.5898609161377,36.63,0,1,0.87,1:03:28
24174,1,35.99068832397461,36.63,0,1,0.87,1:00:18
24175,1,19.65970230102539,36.63,0,1,0.87,1:02:29
24176,1,25.44406318664551,36.63,0,1,0.87,1:02:08
24177,1,171.3365936279297,36.63,0,1,0.87,1:01:37
24178,1,407.7540283203125,36.63,0,1,0.87,1:02:07
24179,1,69.55359649658203,36.63,0,1,0.87,1:01:37
24180,1,314.8971557617188,36.63,0,1,0.87,0:54:24
24181,1,90.76966857910156,36.63,1,0,0.87,1:06:13
24182,1,109.1946792602539,36.63,0,1,0.87,1:04:59
24183,1,6.240824699401856,36.63,1,0,0.87,1:06:02
24184,1,259.998291015625,36.63,0,1,0.87,1:03:53
24185,1,273.50088500976557,36.63,1,0,0.87,1:01:01
24186,1,1729.5029296875,36.63,1,0,0.87,0:57:01
24187,1,16.84739112854004,36.63,1,0,0.87,1:01:14
24188,1,261.962646484375,36.63,1,0,0.87,0:57:55
24189,1,7.309962749481201,36.63,0,1,0.87,1:06:07
24190,1,10.44776248931885,36.63,0,1,0.87,1:08:20
24191,1,1587.3455810546882,36.63,1,0,0.87,1:06:34
24192,1,282.704345703125,36.63,1,0,0.87,1:00:23
24193,1,36.526832580566406,36.63,0,1,0.87,1:05:45
24194,1,236.8426971435547,36.63,0,1,0.87,1:00:45
24195,1,77.97574615478516,36.63,0,1,0.87,1:03:52
24196,1,140.58866882324222,36.63,1,0,0.87,1:02:47
24197,1,10.44776248931885,36.63,0,1,0.87,1:05:47
24198,1,10.44776248931885,36.63,0,1,0.87,0:56:38
24199,1,4.143080711364746,36.63,1,0,0.87,0:58:18
24200,1,10.44776248931885,36.63,0,1,0.87,1:05:15
24201,1,259.998291015625,36.63,0,1,0.87,1:05:49
24202,1,27.23297309875488,36.63,1,0,0.87,0:55:32
24203,1,77.97574615478516,36.63,0,1,0.87,1:05:15
24204,1,37.85586547851562,36.63,0,1,0.87,1:05:17
24205,1,48.00541305541992,36.63,1,0,0.87,1:01:12
24206,1,13.0,36.63,0,1,0.87,1:06:27
24207,1,10.58681583404541,36.63,0,1,0.87,1:03:10
24208,1,10.44183731079102,36.63,0,1,0.87,1:05:39
24209,1,53.873252868652344,36.63,0,1,0.87,1:04:17
24210,1,26.53032493591309,36.63,0,1,0.87,1:04:38
24211,1,109.1946792602539,36.63,1,0,0.87,1:01:43
24212,1,213.42681884765616,36.63,1,0,0.87,1:01:46
24213,1,1300.004516601562,36.63,0,1,0.87,1:02:08
24214,1,407.7540283203125,36.63,1,0,0.87,1:00:34
24215,1,6.029303550720215,36.63,0,1,0.87,1:01:00
24216,1,6.029303550720215,36.63,0,1,0.87,1:01:00
24217,1,21.48448181152344,36.63,0,1,0.87,1:01:58
24218,1,21.48448181152344,36.63,0,1,0.87,1:01:59
24219,1,505.1585388183594,36.63,0,1,0.87,1:03:33
24220,1,17.05924987792969,36.63,0,1,0.87,1:05:57
24221,1,36.19046020507812,36.63,0,1,0.87,1:00:19
24222,1,1831.0819091796882,36.63,1,0,0.87,1:06:54
24223,1,134.9916687011719,36.63,0,1,0.87,1:02:50
24224,1,10.44776248931885,36.63,1,0,0.87,1:07:18
24225,1,219.4850006103516,36.63,0,1,0.87,1:04:29
24226,1,156.9531555175781,36.63,1,0,0.87,1:03:27
24227,1,259.998291015625,36.63,1,0,0.87,0:57:00
24228,1,376.4162902832031,36.63,0,1,0.87,1:03:08
24229,1,31.97005462646484,36.63,1,0,0.87,1:03:53
24230,1,9.842272758483887,36.63,0,1,0.87,1:04:05
24231,1,37.5223388671875,36.63,0,1,0.87,1:00:02
24232,1,36.16746139526367,36.63,0,1,0.87,0:57:00
24233,1,298.1222534179688,36.63,1,0,0.87,1:01:39
24234,1,5.707690715789795,36.63,1,0,0.87,1:04:59
24235,1,614.4942016601562,36.63,1,0,0.87,0:59:33
24236,1,140.9442596435547,36.63,1,0,0.87,0:59:33
24237,1,262.911865234375,36.63,1,0,0.87,0:58:45
24238,1,4.641374111175537,36.63,0,1,0.87,1:07:10
24239,1,132.78535461425778,36.63,1,0,0.87,1:05:28
24240,1,10.44776248931885,36.63,1,0,0.87,1:07:54
24241,1,19.07254981994629,36.63,0,1,0.87,1:04:30
24242,1,16.698308944702152,36.63,0,1,0.87,0:57:33
24243,1,76.49766540527344,36.63,0,1,0.87,1:05:07
24244,1,7.058139324188232,36.63,0,1,0.87,1:06:05
24245,1,21.48448181152344,36.63,0,1,0.87,1:04:54
24246,1,4.631145000457764,36.63,1,0,0.87,1:05:30
24247,2,303.4573364257812,36.63,0,1,0.87,0:56:25
24248,1,56.084815979003906,36.63,1,0,0.87,0:58:56
24249,1,656.0,36.63,0,1,0.87,1:03:58
24250,1,147.0316009521484,36.63,1,0,0.87,1:03:33
24251,1,31.97005462646484,36.63,1,0,0.87,1:02:27
24252,1,259.998291015625,36.63,0,1,0.87,1:02:34
24253,1,16.84739112854004,36.63,0,1,0.87,1:02:27
24254,1,52.04446411132812,36.63,0,1,0.87,1:07:57
24255,1,10.44776248931885,36.63,0,1,0.87,1:05:49
24256,1,7.058139324188232,36.63,1,0,0.87,1:09:42
24257,1,11.4075756072998,36.63,0,1,0.87,1:05:50
24258,1,421.3871459960938,36.63,0,1,0.87,1:06:51
24259,1,10.44776248931885,36.63,0,1,0.87,1:01:40
24260,1,11.4075756072998,36.63,1,0,0.87,1:05:51
24261,1,36.75872421264648,36.63,1,0,0.87,1:04:32
24262,1,2758.343505859375,36.63,0,1,0.87,0:53:48
24263,1,17.31131172180176,36.63,1,0,0.87,1:02:36
24264,1,56.89868545532227,36.63,0,1,0.87,1:04:21
24265,1,20.61880683898926,36.63,0,1,0.87,1:04:00
24266,1,74.22908020019531,36.63,0,1,0.87,1:06:48
24267,1,4.943000316619873,36.63,1,0,0.87,1:06:06
24268,1,179.3947906494141,36.63,0,1,0.87,1:01:40
24269,1,196.8123321533203,36.63,0,1,0.87,1:01:56
24270,1,19.23562431335449,36.63,1,0,0.87,0:56:09
24271,1,255.9418182373047,36.63,0,1,0.87,1:04:37
24272,1,10.44776248931885,36.63,0,1,0.87,1:05:40
24273,1,10.44776248931885,36.63,1,0,0.87,1:00:12
24274,1,20.61880683898926,36.63,1,0,0.87,1:04:15
24275,1,233.7287750244141,36.63,0,1,0.87,1:00:11
24276,1,137.57452392578122,36.63,0,1,0.87,1:05:15
24277,1,101.0947265625,36.63,1,0,0.87,1:03:34
24278,1,259.998291015625,36.63,0,1,0.87,1:09:11
24279,1,232.5149993896484,36.63,0,1,0.87,1:00:43
24280,1,199.7879791259766,36.63,1,0,0.87,1:03:21
24281,1,30.17621803283691,36.63,1,0,0.87,1:00:59
24282,1,10.44776248931885,36.63,0,1,0.87,1:00:43
24283,1,7.058139324188232,36.63,0,1,0.87,1:05:10
24284,1,6.525763511657715,36.63,1,0,0.87,1:02:44
24285,1,31.72106170654297,36.63,0,1,0.87,1:03:46
24286,1,46.732627868652344,36.63,0,1,0.87,1:03:49
24287,1,22.78268432617188,36.63,0,1,0.87,1:04:39
24288,1,20.61880683898926,36.63,0,1,0.87,1:04:00
24289,1,244.1101379394531,36.63,1,0,0.87,1:00:12
24290,1,16.84739112854004,36.63,1,0,0.87,1:08:33
24291,1,224.5060272216797,36.63,0,1,0.87,1:03:57
24292,1,219.4850006103516,36.63,0,1,0.87,1:06:03
24293,1,315.6446228027344,36.63,0,1,0.87,1:02:43
24294,1,121.0,36.63,0,1,0.87,0:57:40
24295,1,5.020810604095459,36.63,0,1,0.87,1:03:49
24296,1,71.8073501586914,36.63,0,1,0.87,1:04:10
24297,1,18.05331420898438,36.63,0,1,0.87,1:05:40
24298,1,74.27950286865234,36.63,0,1,0.87,0:59:48
24299,1,384.0559692382812,36.63,1,0,0.87,1:03:01
24300,1,1525.08740234375,36.63,1,0,0.87,1:07:18
24301,1,77.97574615478516,36.63,0,1,0.87,1:03:08
24302,1,212.4737396240234,36.63,0,1,0.87,0:56:04
24303,1,24.55533409118652,36.63,1,0,0.87,1:04:03
24304,1,258.94760131835943,36.63,1,0,0.87,0:56:59
24305,1,7.309962749481201,36.63,0,1,0.87,1:06:39
24306,1,10.44776248931885,36.63,0,1,0.87,1:06:39
24307,1,31.97005462646484,36.63,0,1,0.87,1:06:52
24308,1,47.6635627746582,36.63,1,0,0.87,0:59:37
24309,1,7.640995979309082,36.63,0,1,0.87,1:00:45
24310,1,104.1357421875,36.63,1,0,0.87,1:06:17
24311,1,7.640995979309082,36.63,1,0,0.87,1:00:37
24312,1,7.640995979309082,36.63,0,1,0.87,1:00:37
24313,1,9.794013023376463,36.63,0,1,0.87,1:06:53
24314,1,259.998291015625,36.63,0,1,0.87,0:59:23
24315,1,197.583984375,36.63,1,0,0.87,1:04:43
24316,1,44.72346496582031,36.63,1,0,0.87,1:05:29
24317,1,98.79670715332031,36.63,0,1,0.87,1:07:36
24318,1,7.058139324188232,36.63,0,1,0.87,1:02:08
24319,1,111.40575408935551,36.63,1,0,0.87,0:58:16
24320,1,10.44776248931885,36.63,0,1,0.87,1:00:02
24321,1,21.80615043640137,36.63,0,1,0.87,1:07:23
24322,1,0.5237801074981691,36.63,1,0,0.87,1:01:31
24323,1,259.998291015625,36.63,0,1,0.87,1:08:41
24324,1,19.8007926940918,36.63,1,0,0.87,0:59:41
24325,1,10.44776248931885,36.63,1,0,0.87,1:02:48
24326,1,11.87869071960449,36.63,1,0,0.87,1:05:46
24327,1,10.44776248931885,36.63,1,0,0.87,1:09:27
24328,1,26.04484748840332,36.63,1,0,0.87,1:05:29
24329,1,791.2321166992188,36.63,1,0,0.87,0:59:49
24330,1,4.193099021911621,36.63,0,1,0.87,1:08:13
24331,1,6.240824699401856,36.63,0,1,0.87,1:01:34
24332,1,48.10107803344727,36.63,1,0,0.87,1:01:34
24333,1,544.2213134765625,36.63,1,0,0.87,0:58:24
24334,1,219.4850006103516,36.63,1,0,0.87,0:59:01
24335,1,16.698308944702152,36.63,0,1,0.87,1:02:53
24336,1,219.39703369140616,36.63,1,0,0.87,1:07:46
24337,1,28.003864288330078,36.63,1,0,0.87,1:04:48
24338,1,89.13187408447266,36.63,0,1,0.87,1:00:06
24339,1,1755.077880859375,36.63,1,0,0.87,0:59:44
24340,1,67.96146392822266,36.63,1,0,0.87,1:08:30
24341,1,425.3714904785156,36.63,1,0,0.87,1:08:31
24342,1,31.97005462646484,36.63,0,1,0.87,1:00:59
24343,1,65.05636596679689,36.63,1,0,0.87,1:06:27
24344,1,0.7503215670585632,36.63,1,0,0.87,1:01:30
24345,1,86.71595001220703,36.63,1,0,0.87,1:05:31
24346,1,10.44776248931885,36.63,0,1,0.87,1:02:10
24347,1,10.44776248931885,36.63,0,1,0.87,1:06:37
24348,1,10.44776248931885,36.63,0,1,0.87,1:06:37
24349,1,10.44776248931885,36.63,0,1,0.87,1:07:49
24350,1,429.4203186035156,36.63,1,0,0.87,1:05:21
24351,1,-0.959307849407196,36.63,0,1,0.87,1:03:46
24352,1,118.5949020385742,36.63,1,0,0.87,1:04:46
24353,1,295.15576171875,36.63,1,0,0.87,0:59:10
24354,1,9.200467109680176,36.63,0,1,0.87,1:04:39
24355,1,47.60859680175781,36.63,1,0,0.87,1:03:57
24356,1,11.085031509399409,36.63,0,1,0.87,1:04:32
24357,1,60.59030532836914,36.63,1,0,0.87,1:04:20
24358,1,39.18559646606445,36.63,1,0,0.87,1:04:15
24359,1,14.359289169311518,36.63,0,1,0.87,1:06:48
24360,1,275.03494262695307,36.63,1,0,0.87,1:00:28
24361,1,180.7409820556641,36.63,1,0,0.87,0:59:47
24362,1,13.81503200531006,36.63,0,1,0.87,1:08:32
24363,1,149.1394653320312,36.63,0,1,0.87,0:56:24
24364,1,10.44776248931885,36.63,0,1,0.87,1:04:00
24365,1,120.9079360961914,36.63,0,1,0.87,0:55:21
24366,1,71.8073501586914,36.63,0,1,0.87,0:56:39
24367,1,10.44776248931885,36.63,0,1,0.87,1:02:13
24368,1,7.309962749481201,36.63,0,1,0.87,1:04:04
24369,1,35.99068832397461,36.63,0,1,0.87,1:07:57
24370,1,162.3299407958984,36.63,0,1,0.87,1:03:54
24371,1,78.5858383178711,36.63,1,0,0.87,1:03:53
24372,1,196.8123321533203,36.63,1,0,0.87,1:03:32
24373,1,278.0640869140625,36.63,0,1,0.87,1:11:21
24374,1,222.9197540283203,36.63,1,0,0.87,1:02:05
24375,1,21.91367149353027,36.63,0,1,0.87,1:00:02
24376,1,62.97936630249023,36.63,1,0,0.87,1:05:32
24377,1,17.3270263671875,36.63,1,0,0.87,1:01:34
24378,1,51.94340515136719,36.63,0,1,0.87,1:04:30
24379,1,1322.761108398438,36.63,1,0,0.87,0:50:56
24380,1,20.61880683898926,36.63,0,1,0.87,1:04:21
24381,1,230.2990570068359,36.63,1,0,0.87,0:59:25
24382,1,9.807595252990724,36.63,1,0,0.87,1:02:26
24383,1,50.26950454711914,36.63,0,1,0.87,1:08:16
24384,1,35.70915603637695,36.63,0,1,0.87,0:59:58
24385,1,20.15006828308105,36.63,0,1,0.87,1:06:21
24386,1,20.85201263427734,36.63,0,1,0.87,1:07:52
24387,1,3.6919877529144287,36.63,1,0,0.87,0:52:49
24388,2,6.240824699401856,36.63,0,1,0.87,1:03:10
24389,1,51.94340515136719,36.63,0,1,0.87,1:03:57
24390,1,31.52193450927734,36.63,0,1,0.87,1:00:23
24391,1,10.44776248931885,36.63,1,0,0.87,1:14:14
24392,1,10.44183731079102,36.63,0,1,0.87,1:06:07
24393,1,31.97005462646484,36.63,1,0,0.87,1:04:24
24394,1,284.6058349609375,36.63,1,0,0.87,0:49:26
24395,1,196.8123321533203,36.63,0,1,0.87,1:02:55
24396,1,55.22239303588867,36.63,1,0,0.87,1:05:01
24397,1,11.085031509399409,36.63,0,1,0.87,1:04:44
24398,1,11.085031509399409,36.63,0,1,0.87,1:04:44
24399,1,2.790159702301025,36.63,1,0,0.87,1:03:34
24400,1,36.16746139526367,36.63,1,0,0.87,1:06:10
24401,1,16.84739112854004,36.63,0,1,0.87,1:02:33
24402,1,93.24968719482422,36.63,1,0,0.87,0:56:36
24403,1,109.3878936767578,36.63,1,0,0.87,1:05:49
24404,1,10.44776248931885,36.63,1,0,0.87,1:04:22
24405,1,10.44776248931885,36.63,0,1,0.87,1:04:39
24406,1,7.058139324188232,36.63,0,1,0.87,1:02:10
24407,1,883.9678344726562,36.63,0,1,0.87,0:54:28
24408,1,11.085031509399409,36.63,0,1,0.87,1:04:37
24409,1,10.44183731079102,36.63,0,1,0.87,1:10:45
24410,1,662.5640869140625,36.63,1,0,0.87,0:59:16
24411,1,219.4850006103516,36.63,0,1,0.87,1:08:43
24412,1,222.6948394775391,36.63,0,1,0.87,0:58:45
24413,1,51.10973358154297,36.63,0,1,0.87,1:04:14
24414,1,44.61593246459961,36.63,0,1,0.87,1:04:14
24415,1,10.44776248931885,36.63,0,1,0.87,1:03:33
24416,1,39.21760559082031,36.63,0,1,0.87,1:02:55
24417,1,10.44776248931885,36.63,0,1,0.87,1:02:55
24418,1,7.309962749481201,36.63,0,1,0.87,1:05:50
24419,1,226.5792541503906,36.63,0,1,0.87,1:04:00
24420,1,59.02432632446289,36.63,1,0,0.87,0:44:40
24421,1,15.224977493286133,36.63,0,1,0.87,1:04:30
24422,1,16.84739112854004,36.63,0,1,0.87,1:04:38
24423,1,126.1217880249023,36.63,0,1,0.87,1:06:21
24424,1,35.65705490112305,36.63,0,1,0.87,1:07:43
24425,1,255.6479949951172,36.63,0,1,0.87,1:02:47
24426,1,39.47004318237305,36.63,1,0,0.87,1:05:11
24427,1,6.240824699401856,36.63,0,1,0.87,1:03:46
24428,1,315.6446228027344,36.63,1,0,0.87,1:06:48
24429,1,19.07254981994629,36.63,0,1,0.87,1:07:53
24430,1,81.51506042480469,36.63,0,1,0.87,1:03:38
24431,1,431.0684814453125,36.63,1,0,0.87,1:02:26
24432,1,277.4137573242188,36.63,0,1,0.87,1:01:11
24433,1,54.78422546386719,36.63,1,0,0.87,1:05:19
24434,1,282.1541748046875,36.63,1,0,0.87,1:07:02
24435,1,647.6728515625,36.63,1,0,0.87,1:08:20
24436,1,10.44776248931885,36.63,0,1,0.87,1:04:45
24437,1,31.97005462646484,36.63,0,1,0.87,1:06:04
24438,1,10.44776248931885,36.63,1,0,0.87,1:02:43
24439,1,63.713539123535156,36.63,1,0,0.87,0:59:36
24440,1,195.8337860107422,36.63,0,1,0.87,0:57:43
24441,1,185.813720703125,36.63,1,0,0.87,1:04:46
24442,1,89.8837890625,36.63,0,1,0.87,1:01:07
24443,1,10.44776248931885,36.63,0,1,0.87,1:09:15
24444,1,118.5949020385742,36.63,1,0,0.87,1:00:01
24445,1,7.058139324188232,36.63,0,1,0.87,1:00:01
24446,1,10.44183731079102,36.63,0,1,0.87,0:52:44
24447,1,16.85318756103516,36.63,0,1,0.87,1:06:57
24448,1,10.96754741668701,36.63,0,1,0.87,1:04:11
24449,1,20.15006828308105,36.63,0,1,0.87,1:04:12
24450,1,51.877418518066406,36.63,0,1,0.87,1:07:07
24451,1,97.34258270263672,36.63,1,0,0.87,1:01:55
24452,1,107.38072967529301,36.63,0,1,0.87,1:05:36
24453,1,109.4568328857422,36.63,0,1,0.87,1:04:55
24454,1,31.01458549499512,36.63,0,1,0.87,1:06:29
24455,1,42.68008041381836,36.63,1,0,0.87,1:05:43
24456,1,7.965522289276122,36.63,1,0,0.87,1:02:33
24457,1,12.58986759185791,36.63,1,0,0.87,1:07:24
24458,1,31.97005462646484,36.63,0,1,0.87,1:06:44
24459,1,395.2397155761719,36.63,1,0,0.87,1:04:52
24460,1,39.21760559082031,36.63,1,0,0.87,1:01:54
24461,1,298.1222534179688,36.63,1,0,0.87,1:04:54
24462,1,395.2397155761719,36.63,0,1,0.87,1:04:53
24463,1,31.71040916442871,36.63,0,1,0.87,1:06:29
24464,1,51.877418518066406,36.63,1,0,0.87,1:03:07
24465,1,16.84739112854004,36.63,1,0,0.87,1:05:42
24466,1,19.07254981994629,36.63,1,0,0.87,1:08:33
24467,1,137.57452392578122,36.63,1,0,0.87,1:04:53
24468,1,14.88372325897217,36.63,0,1,0.87,1:08:41
24469,1,14.88372325897217,36.63,0,1,0.87,1:08:41
24470,1,606.4376831054688,36.63,1,0,0.87,1:01:30
24471,1,0.0,36.63,0,1,0.87,1:03:29
24472,1,16.84739112854004,36.63,0,1,0.87,0:58:56
24473,1,41.98091506958008,36.63,1,0,0.87,1:06:39
24474,1,14.359289169311518,36.63,1,0,0.87,1:05:27
24475,1,95.78414916992188,36.63,1,0,0.87,1:02:01
24476,1,51.37853240966797,36.63,1,0,0.87,0:57:14
24477,1,117.2898101806641,36.63,1,0,0.87,1:03:05
24478,1,1141.86279296875,36.63,1,0,0.87,0:59:01
24479,1,465.0982360839844,36.63,1,0,0.87,0:52:29
24480,1,55.22239303588867,36.63,0,1,0.87,1:12:20
24481,1,29.1304931640625,36.63,0,1,0.87,1:08:10
24482,1,61.61431503295898,36.63,0,1,0.87,1:04:20
24483,1,29.1304931640625,36.63,1,0,0.87,1:03:03
24484,2,320.0387878417969,36.63,0,1,0.87,1:08:10
24485,1,6.240824699401856,36.63,0,1,0.87,1:07:06
24486,1,38.78234481811523,36.63,1,0,0.87,1:03:31
24487,1,22.78268432617188,36.63,1,0,0.87,1:03:09
24488,1,118.26126098632808,36.63,1,0,0.87,1:09:40
24489,1,260.29702758789057,36.63,0,1,0.87,1:06:13
24490,1,259.998291015625,36.63,1,0,0.87,1:07:55
24491,1,4.918910026550293,36.63,0,1,0.87,1:01:29
24492,1,19.23562431335449,36.63,0,1,0.87,1:10:52
24493,1,10.44183731079102,36.63,0,1,0.87,1:05:39
24494,1,484.7640075683594,36.63,0,1,0.87,1:10:00
24495,1,374.1132507324219,36.63,0,1,0.87,0:56:11
24496,1,6.262023448944093,36.63,1,0,0.87,0:57:17
24497,1,259.998291015625,36.63,1,0,0.87,1:09:11
24498,1,22.78268432617188,36.63,0,1,0.87,1:01:10
24499,1,231.64434814453116,36.63,1,0,0.87,1:06:58
24500,1,35.99068832397461,36.63,0,1,0.87,1:00:28
24501,1,32.118362426757805,36.63,1,0,0.87,1:01:43
24502,1,31.97005462646484,36.63,0,1,0.87,1:02:38
24503,1,298.6752014160156,36.63,0,1,0.87,1:07:35
24504,1,724.8308715820312,36.63,0,1,0.87,0:56:48
24505,1,6.862918376922607,36.63,0,1,0.87,1:05:09
24506,1,48.00541305541992,36.63,0,1,0.87,1:03:11
24507,1,11.085031509399409,36.63,1,0,0.87,1:02:26
24508,1,43.333152770996094,36.63,0,1,0.87,0:58:12
24509,1,10.44776248931885,36.63,0,1,0.87,1:08:44
24510,1,320.0387878417969,36.63,1,0,0.87,1:07:00
24511,1,81.31647491455078,36.63,0,1,0.87,1:01:00
24512,1,10.44776248931885,36.63,0,1,0.87,1:03:38
24513,1,10.44776248931885,36.63,1,0,0.87,1:04:15
24514,1,259.998291015625,36.63,1,0,0.87,1:05:39
24515,1,27.96543884277344,36.63,1,0,0.87,1:06:08
24516,1,148.55224609375,36.63,1,0,0.87,1:06:17
24517,1,10.44776248931885,36.63,0,1,0.87,1:02:29
24518,1,236.900634765625,36.63,1,0,0.87,1:03:50
24519,1,51.30584716796875,36.63,0,1,0.87,1:03:44
24520,1,10.44776248931885,36.63,0,1,0.87,1:08:00
24521,1,116.2873992919922,36.63,0,1,0.87,1:09:47
24522,1,7.058139324188232,36.63,0,1,0.87,1:09:47
24523,1,116.2873992919922,36.63,0,1,0.87,1:09:47
24524,1,31.97005462646484,36.63,0,1,0.87,1:08:01
24525,1,31.97005462646484,36.63,0,1,0.87,1:08:02
24526,1,259.998291015625,36.63,0,1,0.87,1:07:39
24527,1,19.07254981994629,36.63,0,1,0.87,0:59:34
24528,1,199.7879791259766,36.63,1,0,0.87,1:01:49
24529,1,7.309962749481201,36.63,0,1,0.87,1:07:36
24530,1,134.9916687011719,36.63,0,1,0.87,1:06:54
24531,1,1.5720475912094118,36.63,0,1,0.87,1:03:48
24532,1,36.75872421264648,36.63,0,1,0.87,1:03:26
24533,1,36.75872421264648,36.63,1,0,0.87,1:03:27
24534,1,317.9965515136719,36.63,0,1,0.87,0:58:49
24535,1,10.44776248931885,36.63,0,1,0.87,1:08:23
24536,1,122.5372314453125,36.63,0,1,0.87,1:06:32
24537,1,192.3653564453125,36.63,0,1,0.87,1:00:34
24538,1,59.33108520507812,36.63,1,0,0.87,1:02:52
24539,1,14.32654094696045,36.63,1,0,0.87,1:06:03
24540,1,10.44776248931885,36.63,1,0,0.87,1:00:53
24541,1,71.8073501586914,36.63,0,1,0.87,1:02:56
24542,1,259.998291015625,36.63,1,0,0.87,1:06:13
24543,1,22.78268432617188,36.63,0,1,0.87,1:10:47
24544,1,116.2873992919922,36.63,0,1,0.87,1:10:47
24545,1,35.53342819213867,36.63,1,0,0.87,1:06:11
24546,1,196.8123321533203,36.63,0,1,0.87,1:06:40
24547,1,196.8123321533203,36.63,0,1,0.87,1:06:14
24548,1,6.136213302612305,36.63,0,1,0.87,1:08:32
24549,1,221.6732025146484,36.63,1,0,0.87,1:06:19
24550,1,43.40748977661133,36.63,0,1,0.87,0:53:59
24551,1,11.085031509399409,36.63,0,1,0.87,1:06:36
24552,1,135.2699890136719,36.63,1,0,0.87,0:58:28
24553,1,10.44776248931885,36.63,1,0,0.87,0:59:22
24554,1,197.583984375,36.63,1,0,0.87,1:05:19
24555,1,10.44776248931885,36.63,0,1,0.87,0:56:12
24556,1,9.335716247558594,36.63,1,0,0.87,1:12:45
24557,1,36.16746139526367,36.63,1,0,0.87,1:07:16
24558,1,28.003864288330078,36.63,1,0,0.87,1:07:25
24559,1,5.109409809112549,36.63,1,0,0.87,1:06:38
24560,1,110.1000442504883,36.63,1,0,0.87,0:58:51
24561,1,5.349772930145264,36.63,0,1,0.87,1:09:24
24562,1,77.97574615478516,36.63,0,1,0.87,1:07:35
24563,1,6.240824699401856,36.63,0,1,0.87,1:07:35
24564,1,37.5223388671875,36.63,0,1,0.87,1:07:35
24565,1,75.07860565185547,36.63,0,1,0.87,1:11:33
24566,1,37.5223388671875,36.63,0,1,0.87,1:07:36
24567,1,107.1270523071289,36.63,1,0,0.87,1:09:07
24568,1,131.0,36.63,0,1,0.87,1:09:27
24569,1,121.23541259765621,36.63,1,0,0.87,1:05:24
24570,1,26.53032493591309,36.63,1,0,0.87,1:07:03
24571,1,218.9133148193359,36.63,0,1,0.87,1:07:46
24572,1,14.359289169311518,36.63,0,1,0.87,1:03:02
24573,1,196.8123321533203,36.63,1,0,0.87,1:04:42
24574,1,51.94340515136719,36.63,0,1,0.87,1:02:01
24575,1,275.03494262695307,36.63,0,1,0.87,1:00:02
24576,1,10.44776248931885,36.63,1,0,0.87,1:06:01
24577,1,269.0397338867188,36.63,1,0,0.87,1:03:22
24578,1,10.44776248931885,36.63,0,1,0.87,1:06:17
24579,1,31.72106170654297,36.63,0,1,0.87,1:12:20
24580,1,31.72106170654297,36.63,1,0,0.87,1:12:20
24581,1,7.058139324188232,36.63,0,1,0.87,1:09:11
24582,1,56.084815979003906,36.63,1,0,0.87,1:05:39
24583,1,9.335716247558594,36.63,0,1,0.87,1:06:14
24584,1,25.96640586853027,36.63,1,0,0.87,0:58:47
24585,1,10.44776248931885,36.63,1,0,0.87,1:07:09
24586,1,219.4850006103516,36.63,0,1,0.87,1:04:01
24587,1,10.44776248931885,36.63,0,1,0.87,1:04:01
24588,1,17.31131172180176,36.63,1,0,0.87,1:04:21
24589,1,27.23297309875488,36.63,1,0,0.87,1:04:46
24590,1,109.1946792602539,36.63,0,1,0.87,1:03:40
24591,1,21.13623237609863,36.63,1,0,0.87,1:05:18
24592,1,31.72106170654297,36.63,0,1,0.87,1:03:08
24593,1,12.82390880584717,36.63,1,0,0.87,1:07:09
24594,1,10.44776248931885,36.63,0,1,0.87,1:06:41
24595,1,6.240824699401856,36.63,0,1,0.87,1:05:46
24596,1,16.439580917358402,36.63,1,0,0.87,0:59:29
24597,1,4.143080711364746,36.63,0,1,0.87,1:13:17
24598,1,20.15006828308105,36.63,0,1,0.87,1:02:24
24599,1,18.05331420898438,36.63,0,1,0.87,0:59:10
24600,1,6.240824699401856,36.63,1,0,0.87,1:00:28
24601,1,147.0316009521484,36.63,0,1,0.87,1:09:54
24602,1,6.240824699401856,36.63,0,1,0.87,1:00:28
24603,1,6.240824699401856,36.63,0,1,0.87,0:58:15
24604,1,180.2863311767578,36.63,1,0,0.87,1:00:29
24605,1,10.44776248931885,36.63,0,1,0.87,1:06:36
24606,1,157.0671691894531,36.63,1,0,0.87,1:03:13
24607,1,76.43970489501953,36.63,0,1,0.87,1:02:13
24608,1,218.9133148193359,36.63,0,1,0.87,0:59:34
24609,1,55.22239303588867,36.63,0,1,0.87,1:01:34
24610,1,4.71344518661499,36.63,1,0,0.87,1:06:31
24611,1,10.44776248931885,36.63,0,1,0.87,1:08:28
24612,1,109.1946792602539,36.63,0,1,0.87,1:01:23
24613,1,108.29296112060551,36.63,1,0,0.87,1:01:31
24614,1,4.641374111175537,36.63,0,1,0.87,1:09:15
24615,1,20.75730895996094,36.63,0,1,0.87,1:09:15
24616,1,31.71040916442871,36.63,0,1,0.87,1:12:52
24617,2,6.076687335968018,36.63,1,0,0.87,1:02:20
24618,1,159.2595977783203,36.63,1,0,0.87,1:04:41
24619,1,69.51416778564453,36.63,1,0,0.87,1:05:48
24620,1,7.633374214172362,36.63,0,1,0.87,1:07:33
24621,1,319.9195251464844,36.63,1,0,0.87,0:59:52
24622,1,20.15006828308105,36.63,0,1,0.87,1:05:22
24623,1,76.49766540527344,36.63,0,1,0.87,1:05:46
24624,1,195.6720886230469,36.63,1,0,0.87,1:02:50
24625,1,104.7041854858398,36.63,0,1,0.87,0:56:49
24626,1,205.3728790283203,36.63,1,0,0.87,1:08:38
24627,1,11.085031509399409,36.63,0,1,0.87,1:07:58
24628,1,10.44776248931885,36.63,0,1,0.87,1:07:19
24629,1,10.44776248931885,36.63,0,1,0.87,1:01:33
24630,1,10.44776248931885,36.63,0,1,0.87,1:07:49
24631,1,26.88188362121582,36.63,1,0,0.87,1:03:02
24632,1,6.240824699401856,36.63,0,1,0.87,1:05:24
24633,1,10.44776248931885,36.63,1,0,0.87,1:05:24
24634,1,47.6925277709961,36.63,0,1,0.87,1:07:33
24635,1,152.1493835449219,36.63,1,0,0.87,0:59:53
24636,1,7.058139324188232,36.63,0,1,0.87,1:02:10
24637,1,185.15655517578116,36.63,0,1,0.87,1:00:46
24638,1,259.998291015625,36.63,0,1,0.87,1:06:34
24639,1,11.085031509399409,36.63,0,1,0.87,1:07:26
24640,1,38.32305526733398,36.63,0,1,0.87,1:05:40
24641,1,11.339376449584961,36.63,0,1,0.87,1:04:53
24642,1,10.44776248931885,36.63,0,1,0.87,1:08:53
24643,1,276.82778930664057,36.63,0,1,0.87,1:09:25
24644,1,18.05331420898438,36.63,1,0,0.87,1:02:45
24645,1,38.72441864013672,36.63,1,0,0.87,1:06:41
24646,1,20.10301971435547,36.63,1,0,0.87,0:54:06
24647,1,219.4850006103516,36.63,0,1,0.87,1:07:33
24648,1,15.920199394226069,36.63,0,1,0.87,1:10:46
24649,1,29.1304931640625,36.63,1,0,0.87,1:04:08
24650,1,57.9035758972168,36.63,0,1,0.87,1:06:09
24651,1,7.965522289276122,36.63,0,1,0.87,1:01:07
24652,1,205.08428955078116,36.63,1,0,0.87,1:07:09
24653,1,236.900634765625,36.63,1,0,0.87,1:00:48
24654,1,154.5186157226562,36.63,1,0,0.87,1:01:02
24655,1,196.8123321533203,36.63,0,1,0.87,1:04:13
24656,1,75.07860565185547,36.63,0,1,0.87,1:11:33
24657,1,66.11064147949219,36.63,1,0,0.87,1:05:10
24658,1,259.998291015625,36.63,1,0,0.87,1:01:35
24659,1,1.098694801330566,36.63,1,0,0.87,1:00:59
24660,1,1.098694801330566,36.63,1,0,0.87,1:00:59
24661,1,121.6089935302734,36.63,0,1,0.87,1:04:15
24662,1,7.309962749481201,36.63,0,1,0.87,1:06:08
24663,1,181.5143737792969,36.63,0,1,0.87,0:57:32
24664,1,10.44776248931885,36.63,0,1,0.87,1:04:45
24665,1,11.085031509399409,36.63,0,1,0.87,1:02:37
24666,1,10.23431015014648,36.63,0,1,0.87,1:07:53
24667,1,67.96146392822266,36.63,0,1,0.87,1:07:14
24668,1,51.877418518066406,36.63,0,1,0.87,1:07:42
24669,1,10.44776248931885,36.63,0,1,0.87,1:05:12
24670,1,6.240824699401856,36.63,0,1,0.87,1:04:56
24671,1,44.61593246459961,36.63,1,0,0.87,1:10:59
24672,1,9.394652366638184,36.63,1,0,0.87,1:01:19
24673,1,40.64967727661133,36.63,1,0,0.87,0:56:01
24674,1,4.3414626121521005,36.63,1,0,0.87,1:03:34
24675,1,134.9916687011719,36.63,0,1,0.87,1:03:14
24676,1,10.44776248931885,36.63,0,1,0.87,1:06:44
24677,1,99.92736053466795,36.63,1,0,0.87,1:04:51
24678,1,19.07254981994629,36.63,0,1,0.87,1:01:49
24679,1,51.877418518066406,36.63,0,1,0.87,1:05:11
24680,1,259.998291015625,36.63,0,1,0.87,1:11:14
24681,1,10.44776248931885,36.63,1,0,0.87,1:04:49
24682,1,38.32305526733398,36.63,1,0,0.87,1:09:58
24683,1,134.9916687011719,36.63,1,0,0.87,1:06:36
24684,1,43.750282287597656,36.63,0,1,0.87,0:59:10
24685,1,7.309962749481201,36.63,1,0,0.87,1:04:32
24686,1,78.51165771484375,36.63,1,0,0.87,1:08:59
24687,1,16.83182334899902,36.63,0,1,0.87,1:06:19
24688,1,287.5038757324219,36.63,0,1,0.87,1:06:19
24689,1,54.23469924926758,36.63,1,0,0.87,1:00:27
24690,1,109.1946792602539,36.63,0,1,0.87,1:04:37
24691,1,27.96543884277344,36.63,0,1,0.87,1:05:56
24692,1,159.569091796875,36.63,0,1,0.87,0:58:51
24693,1,260.0,36.63,0,1,0.87,1:07:12
24694,1,195.8337860107422,36.63,1,0,0.87,0:44:37
24695,1,9.259319305419922,36.63,0,1,0.87,0:58:23
24696,1,18.05331420898438,36.63,0,1,0.87,1:08:20
24697,1,221.5890655517578,36.63,0,1,0.87,1:00:47
24698,1,17.5898609161377,36.63,1,0,0.87,1:05:15
24699,1,140.6603088378906,36.63,0,1,0.87,0:57:22
24700,1,30.05558204650879,36.63,1,0,0.87,1:07:14
24701,1,79.8224105834961,36.63,0,1,0.87,0:53:58
24702,1,10.44183731079102,36.63,1,0,0.87,0:54:59
24703,1,92.49187469482422,36.63,1,0,0.87,1:03:06
24704,1,2.139576435089111,36.63,1,0,0.87,1:02:04
24705,1,484.7640075683594,36.63,0,1,0.87,1:07:39
24706,1,11.085031509399409,36.63,0,1,0.87,1:07:39
24707,1,51.877418518066406,36.63,1,0,0.87,1:03:18
24708,1,134.9916687011719,36.63,0,1,0.87,1:05:16
24709,1,3.263789892196655,36.63,1,0,0.87,1:03:19
24710,1,104.1191558837891,36.63,1,0,0.87,1:05:33
24711,1,305.6807250976562,36.63,1,0,0.87,1:05:03
24712,1,15.224977493286133,36.63,0,1,0.87,1:06:03
24713,1,505.1585388183594,36.63,0,1,0.87,1:04:17
24714,1,140.9563293457031,36.63,0,1,0.87,1:07:05
24715,1,22.78268432617188,36.63,0,1,0.87,1:07:05
24716,1,331.8393859863281,36.63,0,1,0.87,1:05:52
24717,1,296.1231384277344,36.63,1,0,0.87,1:01:36
24718,1,91.85733795166016,36.63,1,0,0.87,1:09:23
24719,1,39.21760559082031,36.63,0,1,0.87,1:09:24
24720,1,56.084815979003906,36.63,0,1,0.87,1:02:54
24721,1,16.5250129699707,36.63,1,0,0.87,0:50:45
24722,1,147.0316009521484,36.63,0,1,0.87,1:06:43
24723,1,12.54312038421631,36.63,1,0,0.87,1:05:05
24724,1,219.4850006103516,36.63,0,1,0.87,1:00:19
24725,1,37.14976119995117,36.63,0,1,0.87,1:08:29
24726,1,9.335716247558594,36.63,0,1,0.87,1:01:11
24727,1,10.44183731079102,36.63,0,1,0.87,1:04:47
24728,1,1046.732788085938,36.63,0,1,0.87,1:05:23
24729,1,23.51996421813965,36.63,0,1,0.87,1:05:07
24730,1,31.72106170654297,36.63,1,0,0.87,1:03:16
24731,1,10.44776248931885,36.63,0,1,0.87,1:06:52
24732,1,407.7540283203125,36.63,0,1,0.87,1:06:51
24733,1,10.44776248931885,36.63,0,1,0.87,1:06:14
24734,1,85.95108795166016,36.63,1,0,0.87,0:59:22
24735,1,28.003864288330078,36.63,0,1,0.87,1:03:26
24736,1,27.48541641235352,36.63,1,0,0.87,1:01:29
24737,1,181.5143737792969,36.63,0,1,0.87,1:07:06
24738,1,121.23541259765621,36.63,0,1,0.87,1:10:46
24739,1,259.998291015625,36.63,0,1,0.87,1:07:51
24740,1,76.49766540527344,36.63,0,1,0.87,0:59:42
24741,1,7.058139324188232,36.63,1,0,0.87,1:03:51
24742,1,215.4762725830078,36.63,0,1,0.87,1:01:51
24743,1,237.44512939453116,36.63,1,0,0.87,1:13:51
24744,1,1.979974031448364,36.63,1,0,0.87,1:13:52
24745,1,19.07254981994629,36.63,1,0,0.87,1:05:53
24746,1,7.459250450134277,36.63,1,0,0.87,0:57:15
24747,1,21.01539421081543,36.63,0,1,0.87,1:02:59
24748,1,212.4296722412109,36.63,0,1,0.87,1:03:26
24749,1,51.877418518066406,36.63,0,1,0.87,1:04:01
24750,1,7.058139324188232,36.63,0,1,0.87,1:07:39
24751,1,259.998291015625,36.63,0,1,0.87,1:04:21
24752,1,259.998291015625,36.63,1,0,0.87,1:02:53
24753,1,134.9916687011719,36.63,0,1,0.87,1:05:47
24754,1,7.309962749481201,36.63,0,1,0.87,1:08:08
24755,1,259.998291015625,36.63,0,1,0.87,0:56:40
24756,1,476.6568908691406,36.63,0,1,0.87,1:10:14
24757,1,10.44776248931885,36.63,1,0,0.87,1:00:07
24758,1,95.78414916992188,36.63,1,0,0.87,1:07:23
24759,1,115.9446487426758,36.63,0,1,0.87,1:08:07
24760,1,275.03494262695307,36.63,1,0,0.87,1:03:28
24761,1,3.791347503662109,36.63,1,0,0.87,1:06:59
24762,1,1300.004516601562,36.63,0,1,0.87,1:06:12
24763,1,149.3284759521484,36.63,0,1,0.87,0:59:21
24764,1,7.63557243347168,36.63,1,0,0.87,1:02:42
24765,1,10.44776248931885,36.63,1,0,0.87,1:07:22
24766,1,219.4850006103516,36.63,0,1,0.87,1:04:02
24767,1,39.47004318237305,36.63,0,1,0.87,1:07:40
24768,1,47.31279373168945,36.63,1,0,0.87,1:02:01
24769,1,259.998291015625,36.63,1,0,0.87,1:02:00
24770,1,316.4576721191406,36.63,1,0,0.87,1:03:51
24771,1,39.21760559082031,36.63,1,0,0.87,1:06:44
24772,1,16.84739112854004,36.63,1,0,0.87,1:06:48
24773,1,140.3616638183594,36.63,0,1,0.87,1:04:31
24774,1,25.647907257080078,36.63,1,0,0.87,1:05:30
24775,1,647.6728515625,36.63,0,1,0.87,1:02:47
24776,1,85.0329360961914,36.63,1,0,0.87,1:04:21
24777,1,24.55533409118652,36.63,0,1,0.87,1:08:19
24778,1,189.2158508300781,36.63,0,1,0.87,1:08:19
24779,1,13.074999809265142,36.63,0,1,0.87,1:09:39
24780,1,9.36025619506836,36.63,1,0,0.87,0:56:57
24781,1,85.0329360961914,36.63,1,0,0.87,1:07:12
24782,1,356.783935546875,36.63,1,0,0.87,1:01:59
24783,1,209.28021240234384,36.63,0,1,0.87,1:01:35
24784,1,36.38817596435547,36.63,1,0,0.87,1:08:03
24785,1,7.459250450134277,36.63,1,0,0.87,1:03:12
24786,1,10.44776248931885,36.63,1,0,0.87,1:06:22
24787,1,134.9916687011719,36.63,0,1,0.87,1:02:04
24788,1,10.44776248931885,36.63,0,1,0.87,1:03:38
24789,1,8.129757881164549,36.63,0,1,0.87,1:03:56
24790,1,47.6925277709961,36.63,0,1,0.87,0:59:57
24791,1,1369.801147460938,36.63,1,0,0.87,1:07:30
24792,1,10.44776248931885,36.63,0,1,0.87,1:05:53
24793,1,215.4762725830078,36.63,0,1,0.87,0:59:53
24794,1,10.44776248931885,36.63,0,1,0.87,1:06:02
24795,1,249.0633392333984,36.63,0,1,0.87,1:04:52
24796,1,10.44776248931885,36.63,1,0,0.87,1:08:06
24797,1,487.1786499023438,36.63,0,1,0.87,1:06:09
24798,1,376.4162902832031,36.63,0,1,0.87,1:06:27
24799,1,35.65705490112305,36.63,0,1,0.87,1:11:38
24800,1,30.13340759277344,36.63,1,0,0.87,1:03:40
24801,1,219.4850006103516,36.63,0,1,0.87,1:08:43
24802,2,88.40628051757812,36.63,0,1,0.87,1:09:46
24803,1,10.054220199584961,36.63,1,0,0.87,0:57:17
24804,1,193.1137237548828,36.63,0,1,0.87,1:04:11
24805,1,255.6195831298828,36.63,1,0,0.87,0:50:46
24806,1,2170.240966796875,36.63,0,1,0.87,1:03:40
24807,1,6.136213302612305,36.63,0,1,0.87,1:02:54
24808,1,259.998291015625,36.63,0,1,0.87,1:04:47
24809,1,38.576393127441406,36.63,1,0,0.87,1:03:19
24810,1,196.8123321533203,36.63,0,1,0.87,1:05:50
24811,1,151.7768249511719,36.63,1,0,0.87,1:10:11
24812,1,200.3173065185547,36.63,0,1,0.87,1:05:41
24813,1,9.335716247558594,36.63,0,1,0.87,1:08:46
24814,1,10.44776248931885,36.63,0,1,0.87,1:08:46
24815,1,83.9320068359375,36.63,0,1,0.87,0:56:25
24816,1,47.58063888549805,36.63,1,0,0.87,0:58:29
24817,1,197.583984375,36.63,0,1,0.87,1:01:08
24818,1,10.44776248931885,36.63,1,0,0.87,1:05:54
24819,1,18.05331420898438,36.63,0,1,0.87,1:05:54
24820,1,32.16836166381836,36.63,0,1,0.87,1:01:23
24821,1,18.05331420898438,36.63,0,1,0.87,1:05:55
24822,1,259.998291015625,36.63,0,1,0.87,1:00:52
24823,1,48.00541305541992,36.63,0,1,0.87,1:08:16
24824,1,8.027867317199707,36.63,0,1,0.87,1:07:36
24825,1,5.020810604095459,36.63,0,1,0.87,1:05:33
24826,1,10.44776248931885,36.63,0,1,0.87,1:09:15
24827,1,181.5143737792969,36.63,0,1,0.87,1:04:22
24828,1,224.11297607421884,36.63,0,1,0.87,1:06:46
24829,1,149.9898223876953,36.63,1,0,0.87,0:55:09
24830,1,16.84739112854004,36.63,0,1,0.87,1:09:53
24831,1,43.46110153198242,36.63,0,1,0.87,1:08:00
24832,1,109.1946792602539,36.63,1,0,0.87,0:59:36
24833,1,14.359289169311518,36.63,1,0,0.87,1:04:43
24834,1,1448.701904296875,36.63,1,0,0.87,1:11:28
24835,1,10.02777576446533,36.63,1,0,0.87,1:02:21
24836,1,11.72537899017334,36.63,0,1,0.87,1:04:43
24837,1,47.58063888549805,36.63,1,0,0.87,1:08:54
24838,1,66.11064147949219,36.63,1,0,0.87,1:03:37
24839,1,10.71148586273193,36.63,1,0,0.87,1:10:09
24840,1,75.43290710449219,36.63,0,1,0.87,1:05:19
24841,1,146.0377807617188,36.63,1,0,0.87,1:05:51
24842,1,259.998291015625,36.63,0,1,0.87,0:47:01
24843,1,15.32443046569824,36.63,0,1,0.87,1:05:58
24844,1,121.23541259765621,36.63,1,0,0.87,1:05:20
24845,1,219.4850006103516,36.63,1,0,0.87,1:13:07
24846,1,91.85733795166016,36.63,1,0,0.87,0:59:04
24847,1,251.763916015625,36.63,0,1,0.87,1:05:03
24848,1,278.0640869140625,36.63,1,0,0.87,1:07:54
24849,1,35.65705490112305,36.63,0,1,0.87,1:04:19
24850,1,209.6470031738281,36.63,0,1,0.87,1:12:30
24851,1,31.97005462646484,36.63,0,1,0.87,1:04:47
24852,1,151.5561676025391,36.63,0,1,0.87,0:55:05
24853,1,18.26416397094727,36.63,0,1,0.87,1:04:44
24854,1,47.6925277709961,36.63,1,0,0.87,1:04:44
24855,1,10.44776248931885,36.63,0,1,0.87,1:13:34
24856,1,10.44776248931885,36.63,0,1,0.87,1:13:35
24857,1,196.8123321533203,36.63,0,1,0.87,1:04:21
24858,1,320.0387878417969,36.63,1,0,0.87,1:04:06
24859,1,52.04446411132812,36.63,0,1,0.87,1:02:52
24860,1,290.7256469726562,36.63,1,0,0.87,1:03:14
24861,1,93.20311737060548,36.63,1,0,0.87,1:04:39
24862,1,14.566981315612788,36.63,0,1,0.87,0:56:12
24863,1,147.0316009521484,36.63,1,0,0.87,0:59:29
24864,1,27.23297309875488,36.63,1,0,0.87,0:59:52
24865,1,55.22239303588867,36.63,0,1,0.87,1:09:31
24866,1,4.8699212074279785,36.63,1,0,0.87,1:14:13
24867,1,259.998291015625,36.63,1,0,0.87,1:05:37
24868,1,2229.72216796875,36.63,1,0,0.87,1:07:06
24869,1,2229.72216796875,36.63,1,0,0.87,1:07:07
24870,1,263.1090087890625,36.63,0,1,0.87,1:05:11
24871,1,15.224977493286133,36.63,0,1,0.87,1:09:21
24872,1,116.2873992919922,36.63,0,1,0.87,1:00:23
24873,1,31.2812614440918,36.63,1,0,0.87,1:05:17
24874,1,215.4762725830078,36.63,0,1,0.87,1:06:45
24875,1,251.0852508544922,36.63,1,0,0.87,0:55:12
24876,1,7.309962749481201,36.63,0,1,0.87,1:04:54
24877,1,10.44776248931885,36.63,0,1,0.87,1:08:16
24878,1,421.3871459960938,36.63,0,1,0.87,1:08:38
24879,1,22.78268432617188,36.63,0,1,0.87,1:08:38
24880,1,39.47004318237305,36.63,1,0,0.87,1:09:15
24881,1,39.47004318237305,36.63,0,1,0.87,1:09:15
24882,1,29.12909507751465,36.63,0,1,0.87,1:04:15
24883,1,17.3270263671875,36.63,0,1,0.87,1:11:15
24884,1,421.3871459960938,36.63,0,1,0.87,1:03:10
24885,1,241.50628662109384,36.63,0,1,0.87,1:02:58
24886,1,67.96146392822266,36.63,0,1,0.87,1:07:59
24887,1,29.12909507751465,36.63,1,0,0.87,1:02:16
24888,1,116.2873992919922,36.63,1,0,0.87,1:04:47
24889,1,19.23562431335449,36.63,0,1,0.87,1:00:38
24890,1,1.5720475912094118,36.63,1,0,0.87,1:04:31
24891,1,35.65705490112305,36.63,1,0,0.87,0:53:01
24892,1,134.9916687011719,36.63,0,1,0.87,1:09:37
24893,1,52.69355010986328,36.63,0,1,0.87,1:09:23
24894,1,67.31046295166016,36.63,0,1,0.87,1:09:23
24895,1,19.48332405090332,36.63,0,1,0.87,1:06:18
24896,1,5.020810604095459,36.63,0,1,0.87,1:09:17
24897,1,31.17976570129395,36.63,1,0,0.87,1:02:38
24898,1,239.9998931884766,36.63,0,1,0.87,1:08:59
24899,1,35.53342819213867,36.63,0,1,0.87,1:05:24
24900,1,28.003864288330078,36.63,1,0,0.87,1:11:09
24901,1,78.37238311767578,36.63,1,0,0.87,1:02:45
24902,1,278.0640869140625,36.63,0,1,0.87,1:05:50
24903,1,31.97005462646484,36.63,1,0,0.87,1:01:34
24904,1,17.964252471923828,36.63,0,1,0.87,1:04:58
24905,1,74.65789031982422,36.63,0,1,0.87,1:03:57
24906,1,74.65789031982422,36.63,1,0,0.87,1:03:57
24907,1,35.48947143554688,36.63,1,0,0.87,1:02:41
24908,1,22.78268432617188,36.63,0,1,0.87,1:05:30
24909,1,31.01458549499512,36.63,0,1,0.87,1:08:36
24910,1,183.2224578857422,36.63,1,0,0.87,0:59:46
24911,1,304.9073486328125,36.63,1,0,0.87,0:57:01
24912,1,215.1114501953125,36.63,1,0,0.87,1:06:44
24913,1,4.641374111175537,36.63,1,0,0.87,0:56:51
24914,1,2.790159702301025,36.63,0,1,0.87,1:13:48
24915,1,259.998291015625,36.63,1,0,0.87,1:12:43
24916,1,1177.0849609375,36.63,0,1,0.87,1:11:07
24917,1,3.8192260265350337,36.63,1,0,0.87,0:52:13
24918,1,31.2812614440918,36.63,1,0,0.87,1:07:12
24919,1,67.66303253173828,36.63,1,0,0.87,1:06:45
24920,1,57.9035758972168,36.63,0,1,0.87,1:11:13
24921,1,16.84739112854004,36.63,0,1,0.87,1:06:44
24922,1,10.44776248931885,36.63,0,1,0.87,1:06:44
24923,2,8.199790954589844,36.63,0,1,0.87,1:08:28
24924,1,13.346641540527338,36.63,0,1,0.87,1:13:34
24925,1,7.309962749481201,36.63,0,1,0.87,1:02:21
24926,1,421.3871459960938,36.63,1,0,0.87,1:09:45
24927,1,241.50628662109384,36.63,0,1,0.87,0:56:20
24928,1,29.34770965576172,36.63,1,0,0.87,1:05:00
24929,1,258.83737182617193,36.63,0,1,0.87,1:06:47
24930,1,3.920108318328857,36.63,0,1,0.87,1:07:46
24931,1,7.309962749481201,36.63,0,1,0.87,1:02:43
24932,1,59.99773025512695,36.63,0,1,0.87,1:02:53
24933,1,51.877418518066406,36.63,1,0,0.87,1:05:53
24934,1,5.91600227355957,36.63,1,0,0.87,1:02:06
24935,1,291.1369323730469,36.63,0,1,0.87,1:02:49
24936,1,291.1369323730469,36.63,1,0,0.87,1:02:49
24937,1,19.07254981994629,36.63,0,1,0.87,1:12:08
24938,1,233.2363739013672,36.63,0,1,0.87,1:02:21
24939,1,232.8982238769531,36.63,1,0,0.87,0:54:07
24940,1,81.68286895751953,36.63,1,0,0.87,1:03:14
24941,1,142.9162445068359,36.63,0,1,0.87,1:01:53
24942,1,200.9397430419922,36.63,1,0,0.87,1:03:08
24943,1,116.2873992919922,36.63,0,1,0.87,1:06:06
24944,1,6.240824699401856,36.63,0,1,0.87,1:08:59
24945,1,1631.184326171875,36.63,1,0,0.87,1:03:01
24946,2,269.0430908203125,36.63,0,1,0.87,0:56:18
24947,1,17.80105018615723,36.63,0,1,0.87,1:06:26
24948,1,251.763916015625,36.63,0,1,0.87,1:04:11
24949,1,10.44776248931885,36.63,0,1,0.87,1:05:00
24950,1,1332.598876953125,36.63,0,1,0.87,1:05:08
24951,1,209.2055511474609,36.63,1,0,0.87,0:59:23
24952,1,17.5898609161377,36.63,1,0,0.87,1:07:47
24953,1,10.44776248931885,36.63,0,1,0.87,1:08:18
24954,1,259.998291015625,36.63,1,0,0.87,1:01:10
24955,1,260.29702758789057,36.63,0,1,0.87,1:05:30
24956,1,199.6450042724609,36.63,1,0,0.87,1:00:42
24957,1,31.97005462646484,36.63,0,1,0.87,1:10:27
24958,1,140.58866882324222,36.63,0,1,0.87,1:09:58
24959,1,259.998291015625,36.63,1,0,0.87,1:00:26
24960,1,13.0,36.63,1,0,0.87,1:06:06
24961,1,75.1241455078125,36.63,1,0,0.87,1:10:56
24962,1,647.6728515625,36.63,1,0,0.87,0:58:12
24963,1,197.91021728515616,36.63,1,0,0.87,1:03:48
24964,1,219.4850006103516,36.63,0,1,0.87,1:11:26
24965,1,71.6093521118164,36.63,1,0,0.87,0:57:12
24966,1,19.07254981994629,36.63,0,1,0.87,1:03:42
24967,1,109.1946792602539,36.63,0,1,0.87,1:03:42
24968,1,51.85509490966797,36.63,1,0,0.87,0:56:23
24969,1,209.2055511474609,36.63,0,1,0.87,1:03:33
24970,1,275.03494262695307,36.63,0,1,0.87,1:02:00
24971,1,10.44776248931885,36.63,0,1,0.87,1:06:19
24972,1,4.477486133575439,36.63,0,1,0.87,1:01:00
24973,1,81.51506042480469,36.63,1,0,0.87,0:58:04
24974,1,50.82839584350586,36.63,1,0,0.87,1:01:40
24975,1,37.34151840209961,36.63,1,0,0.87,1:09:00
24976,1,31.97005462646484,36.63,1,0,0.87,1:04:22
24977,1,421.3871459960938,36.63,0,1,0.87,1:04:22
24978,1,557.145751953125,36.63,1,0,0.87,1:04:13
24979,1,30.4487247467041,36.63,1,0,0.87,1:07:50
24980,1,137.49957275390622,36.63,0,1,0.87,0:55:29
24981,1,130.15080261230472,36.63,1,0,0.87,1:01:44
24982,1,259.998291015625,36.63,1,0,0.87,1:10:02
24983,1,3.245586395263672,36.63,0,1,0.87,1:09:58
24984,1,21.74090766906738,36.63,0,1,0.87,1:05:31
24985,1,34.564208984375,36.63,1,0,0.87,1:05:54
24986,1,15.55781936645508,36.63,0,1,0.87,1:08:29
24987,1,524.4072875976561,36.63,0,1,0.87,1:02:45
24988,1,181.5143737792969,36.63,1,0,0.87,1:06:48
24989,1,275.03494262695307,36.63,0,1,0.87,1:04:28
24990,1,3264.317138671875,36.63,0,1,0.87,1:06:41
24991,1,3.920108318328857,36.63,1,0,0.87,1:04:28
24992,1,233.7287750244141,36.63,1,0,0.87,1:02:22
24993,1,39.21760559082031,36.63,0,1,0.87,1:04:46
24994,1,54.34943008422852,36.63,0,1,0.87,1:04:53
24995,1,31.97005462646484,36.63,0,1,0.87,1:08:45
24996,1,51.10973358154297,36.63,0,1,0.87,1:05:31
24997,1,140.58866882324222,36.63,0,1,0.87,1:04:55
24998,1,28.003864288330078,36.63,0,1,0.87,1:08:29
24999,1,36.19046020507812,36.63,1,0,0.87,1:02:35
25000,1,2465.108642578125,36.63,1,0,0.87,1:06:39
25001,1,10.44776248931885,36.63,0,1,0.87,1:09:53
25002,1,67.96146392822266,36.63,1,0,0.87,1:05:16
25003,1,10.44776248931885,36.63,0,1,0.87,1:08:19
25004,1,286.9860229492188,36.63,0,1,0.87,1:05:01
25005,1,10.44776248931885,36.63,1,0,0.87,1:08:20
25006,1,236.900634765625,36.63,0,1,0.87,1:04:14
25007,1,126.8194808959961,36.63,0,1,0.87,1:07:53
25008,1,31.15179443359375,36.63,0,1,0.87,1:06:07
25009,1,16.84739112854004,36.63,0,1,0.87,1:05:20
25010,1,41.98091506958008,36.63,1,0,0.87,1:02:30
25011,1,236.900634765625,36.63,1,0,0.87,1:06:09
25012,1,41.98091506958008,36.63,1,0,0.87,1:02:29
25013,1,10.44776248931885,36.63,1,0,0.87,1:07:04
25014,1,183.4629821777344,36.63,0,1,0.87,1:03:27
25015,1,77.97574615478516,36.63,0,1,0.87,1:03:27
25016,1,47.94073104858398,36.63,0,1,0.87,1:05:28
25017,1,31.2812614440918,36.63,1,0,0.87,1:05:20
25018,1,51.85509490966797,36.63,1,0,0.87,1:04:28
25019,1,65.93780517578125,36.63,0,1,0.87,1:05:41
25020,1,248.38470458984384,36.63,1,0,0.87,0:54:28
25021,1,17.78584289550781,36.63,1,0,0.87,1:01:24
25022,1,259.998291015625,36.63,1,0,0.87,0:52:19
25023,1,48.65218734741211,36.63,1,0,0.87,1:13:43
25024,1,4.607863426208496,36.63,1,0,0.87,1:06:21
25025,1,259.998291015625,36.63,1,0,0.87,1:06:21
25026,1,23.56683921813965,36.63,0,1,0.87,1:05:04
25027,1,421.3871459960938,36.63,0,1,0.87,1:12:32
25028,1,111.40575408935551,36.63,0,1,0.87,1:04:56
25029,1,205.8604583740234,36.63,1,0,0.87,0:55:23
25030,1,385.9639282226562,36.63,0,1,0.87,1:03:05
25031,1,112.8550796508789,36.63,1,0,0.87,1:03:06
25032,1,10.44776248931885,36.63,0,1,0.87,1:07:02
25033,1,22.25241279602051,36.63,1,0,0.87,1:07:22
25034,1,26.53032493591309,36.63,1,0,0.87,1:02:53
25035,1,55.65824508666992,36.63,0,1,0.87,1:09:30
25036,1,185.2336273193359,36.63,1,0,0.87,1:06:56
25037,1,8.027867317199707,36.63,1,0,0.87,1:03:28
25038,1,48.00765991210938,36.63,1,0,0.87,1:03:29
25039,1,1917.7308349609384,36.63,0,1,0.87,0:56:47
25040,1,134.9916687011719,36.63,0,1,0.87,1:09:20
25041,1,4.3414626121521005,36.63,0,1,0.87,1:01:32
25042,1,407.7540283203125,36.63,0,1,0.87,1:13:41
25043,1,206.3250579833984,36.63,1,0,0.87,1:08:08
25044,1,31.01458549499512,36.63,0,1,0.87,1:14:32
25045,1,7.309962749481201,36.63,0,1,0.87,1:01:44
25046,1,9.794013023376463,36.63,0,1,0.87,1:08:40
25047,1,29.12909507751465,36.63,0,1,0.87,1:07:59
25048,1,9.335716247558594,36.63,0,1,0.87,1:05:43
25049,1,10.44776248931885,36.63,1,0,0.87,1:13:07
25050,1,149.1394653320312,36.63,1,0,0.87,1:04:09
25051,1,1596.6729736328118,36.63,1,0,0.87,1:07:28
25052,1,421.3871459960938,36.63,0,1,0.87,1:06:06
25053,1,148.55224609375,36.63,0,1,0.87,1:08:05
25054,1,1548.31396484375,36.63,1,0,0.87,1:12:07
25055,1,24.17752647399902,36.63,0,1,0.87,1:02:30
25056,1,178.4308166503906,36.63,0,1,0.87,0:59:09
25057,1,28.003864288330078,36.63,1,0,0.87,1:06:55
25058,1,10.44776248931885,36.63,1,0,0.87,1:07:49
25059,1,7.058139324188232,36.63,0,1,0.87,1:10:17
25060,1,140.58866882324222,36.63,1,0,0.87,1:03:03
25061,1,450.9055480957031,36.63,0,1,0.87,1:05:52
25062,1,450.9055480957031,36.63,1,0,0.87,1:05:52
25063,1,50.82839584350586,36.63,1,0,0.87,1:03:14
25064,1,112.3729248046875,36.63,0,1,0.87,1:08:45
25065,1,75.89776611328125,36.63,0,1,0.87,1:05:47
25066,1,20.10119247436523,36.63,0,1,0.87,1:01:20
25067,1,55.75244522094727,36.63,0,1,0.87,1:07:02
25068,1,31.88486480712891,36.63,1,0,0.87,1:03:06
25069,1,273.50088500976557,36.63,1,0,0.87,1:03:26
25070,1,195.6222991943359,36.63,1,0,0.87,1:05:45
25071,1,13.0,36.63,1,0,0.87,1:00:11
25072,1,452.6361999511719,36.63,0,1,0.87,1:03:08
25073,1,19.07254981994629,36.63,0,1,0.87,1:09:41
25074,1,57.9035758972168,36.63,0,1,0.87,1:09:20
25075,1,28.50639724731445,36.63,0,1,0.87,1:00:14
25076,1,152.3335723876953,36.63,1,0,0.87,1:06:59
25077,1,31.2812614440918,36.63,0,1,0.87,1:08:28
25078,1,31.2812614440918,36.63,0,1,0.87,1:08:29
25079,1,31.2812614440918,36.63,0,1,0.87,1:08:29
25080,1,320.0387878417969,36.63,1,0,0.87,0:54:06
25081,1,943.02783203125,36.63,1,0,0.87,1:10:00
25082,1,378.2447204589844,36.63,0,1,0.87,1:07:52
25083,1,222.6948394775391,36.63,0,1,0.87,1:08:01
25084,1,51.94340515136719,36.63,0,1,0.87,1:07:07
25085,1,10.44776248931885,36.63,0,1,0.87,1:14:24
25086,1,50.26950454711914,36.63,0,1,0.87,1:10:39
25087,1,140.3616638183594,36.63,0,1,0.87,1:06:09
25088,1,11.57025718688965,36.63,0,1,0.87,1:02:20
25089,1,17.80105018615723,36.63,0,1,0.87,1:06:47
25090,1,236.900634765625,36.63,0,1,0.87,0:54:29
25091,1,10.44776248931885,36.63,0,1,0.87,1:07:05
25092,1,464.9757995605469,36.63,1,0,0.87,1:03:56
25093,1,91.7226791381836,36.63,1,0,0.87,1:12:45
25094,1,7.309962749481201,36.63,0,1,0.87,1:05:33
25095,1,7.459250450134277,36.63,0,1,0.87,1:12:47
25096,1,17.5898609161377,36.63,0,1,0.87,1:05:18
25097,1,45.13244247436523,36.63,0,1,0.87,1:07:39
25098,1,44.07643127441406,36.63,1,0,0.87,1:01:13
25099,1,4.693426609039307,36.63,0,1,0.87,1:08:07
25100,1,48.38787841796875,36.63,0,1,0.87,1:08:32
25101,1,48.54412841796875,36.63,1,0,0.87,1:06:06
25102,1,259.998291015625,36.63,1,0,0.87,1:07:06
25103,1,269.9087524414062,36.63,0,1,0.87,1:05:56
25104,1,16.84739112854004,36.63,0,1,0.87,1:11:16
25105,1,10.44776248931885,36.63,0,1,0.87,1:05:27
25106,1,15.55781936645508,36.63,1,0,0.87,1:07:11
25107,1,269.0397338867188,36.63,0,1,0.87,1:08:05
25108,1,447.4283447265625,36.63,0,1,0.87,1:03:14
25109,1,120.9079360961914,36.63,0,1,0.87,1:06:12
25110,1,36.16746139526367,36.63,0,1,0.87,1:07:48
25111,1,86.71595001220703,36.63,1,0,0.87,1:08:35
25112,1,162.3351440429688,36.63,1,0,0.87,1:09:04
25113,1,1.441376805305481,36.63,1,0,0.87,0:58:10
25114,1,14.070459365844732,36.63,0,1,0.87,1:05:58
25115,1,306.3215942382812,36.63,1,0,0.87,1:04:55
25116,1,10.44183731079102,36.63,1,0,0.87,1:05:26
25117,1,30.4487247467041,36.63,0,1,0.87,1:05:12
25118,1,8.027867317199707,36.63,0,1,0.87,1:11:13
25119,1,61.52347183227539,36.63,0,1,0.87,0:59:35
25120,1,332.7853698730469,36.63,0,1,0.87,1:04:57
25121,1,3.118554830551147,36.63,0,1,0.87,1:07:39
25122,1,344.7054748535156,36.63,1,0,0.87,1:00:57
25123,1,16.88461875915527,36.63,0,1,0.87,1:06:46
25124,1,10.44776248931885,36.63,0,1,0.87,1:02:12
25125,1,259.998291015625,36.63,0,1,0.87,1:06:47
25126,1,10.44776248931885,36.63,1,0,0.87,1:07:00
25127,1,11.085031509399409,36.63,1,0,0.87,1:07:00
25128,1,647.6728515625,36.63,1,0,0.87,1:02:01
25129,1,255.6479949951172,36.63,0,1,0.87,1:08:49
25130,1,16.08600044250488,36.63,0,1,0.87,1:07:11
25131,1,196.8123321533203,36.63,0,1,0.87,1:06:38
25132,1,290.8581237792969,36.63,1,0,0.87,1:11:43
25133,1,288.7768859863281,36.63,0,1,0.87,1:07:05
25134,1,131.4553527832031,36.63,1,0,0.87,1:03:25
25135,1,30.4487247467041,36.63,0,1,0.87,1:09:01
25136,1,22.19160652160645,36.63,0,1,0.87,1:09:01
25137,1,139.42889404296878,36.63,1,0,0.87,1:09:40
25138,1,121.23541259765621,36.63,0,1,0.87,1:01:16
25139,1,10.44776248931885,36.63,0,1,0.87,1:12:16
25140,1,50.82839584350586,36.63,0,1,0.87,1:07:42
25141,1,51.877418518066406,36.63,0,1,0.87,1:02:41
25142,1,37.14537048339844,36.63,1,0,0.87,1:04:23
25143,1,37.14537048339844,36.63,0,1,0.87,1:04:23
25144,1,205.3109893798828,36.63,1,0,0.87,1:00:34
25145,1,72.50276184082031,36.63,0,1,0.87,1:09:27
25146,1,421.3871459960938,36.63,0,1,0.87,1:00:45
25147,1,258.83737182617193,36.63,1,0,0.87,1:08:19
25148,1,516.3578491210939,36.63,1,0,0.87,1:01:16
25149,1,511.5785217285156,36.63,0,1,0.87,1:01:16
25150,1,392.9354553222656,36.63,0,1,0.87,1:02:34
25151,1,28.003864288330078,36.63,0,1,0.87,1:07:38
25152,1,21.53010749816895,36.63,0,1,0.87,1:08:13
25153,1,197.91021728515616,36.63,0,1,0.87,1:05:12
25154,1,1.979974031448364,36.63,0,1,0.87,1:02:33
25155,1,10.44776248931885,36.63,0,1,0.87,1:06:58
25156,1,259.998291015625,36.63,1,0,0.87,1:00:27
25157,1,8.101274490356445,36.63,0,1,0.87,1:10:43
25158,1,175.0224456787109,36.63,1,0,0.87,0:57:06
25159,1,180.2863311767578,36.63,1,0,0.87,1:07:40
25160,1,31.97005462646484,36.63,0,1,0.87,1:12:41
25161,1,7.309962749481201,36.63,0,1,0.87,1:03:43
25162,1,38.79332733154297,36.63,1,0,0.87,1:04:01
25163,1,4.994728565216064,36.63,0,1,0.87,1:05:24
25164,1,42.03050994873047,36.63,0,1,0.87,1:06:04
25165,1,484.7640075683594,36.63,1,0,0.87,1:05:25
25166,1,10.44776248931885,36.63,1,0,0.87,1:06:17
25167,1,10.44776248931885,36.63,1,0,0.87,1:04:29
25168,1,249.9987335205078,36.63,1,0,0.87,1:13:19
25169,1,16.88461875915527,36.63,0,1,0.87,1:05:43
25170,1,5.673779487609862,36.63,1,0,0.87,1:05:42
25171,1,20.53228950500488,36.63,0,1,0.87,1:03:14
25172,1,11.085031509399409,36.63,1,0,0.87,1:10:20
25173,1,10.44183731079102,36.63,0,1,0.87,1:05:02
25174,1,7.309962749481201,36.63,1,0,0.87,1:01:23
25175,1,7.309962749481201,36.63,1,0,0.87,1:08:52
25176,1,7.488539695739746,36.63,1,0,0.87,0:58:33
25177,1,205.8604583740234,36.63,1,0,0.87,1:05:39
25178,1,259.998291015625,36.63,0,1,0.87,1:05:58
25179,1,259.998291015625,36.63,1,0,0.87,1:09:56
25180,1,7.459250450134277,36.63,0,1,0.87,1:08:32
25181,1,116.2873992919922,36.63,0,1,0.87,1:07:06
25182,1,32.52695846557617,36.63,1,0,0.87,1:04:07
25183,1,32.52695846557617,36.63,0,1,0.87,1:04:07
25184,1,291.1369323730469,36.63,1,0,0.87,1:05:39
25185,1,2.99018669128418,36.63,1,0,0.87,1:15:03
25186,1,1.91899299621582,36.63,0,1,0.87,1:09:14
25187,1,37.85586547851562,36.63,1,0,0.87,1:01:58
25188,1,39.47004318237305,36.63,1,0,0.87,1:06:49
25189,1,10.44776248931885,36.63,1,0,0.87,1:08:20
25190,1,259.0045166015625,36.63,0,1,0.87,1:10:12
25191,1,10.23431015014648,36.63,1,0,0.87,0:58:37
25192,1,162.6913909912109,36.63,1,0,0.87,1:05:36
25193,1,13.315147399902338,36.63,1,0,0.87,1:04:03
25194,1,37.85586547851562,36.63,0,1,0.87,1:06:13
25195,1,7.058139324188232,36.63,0,1,0.87,1:06:12
25196,1,181.5143737792969,36.63,1,0,0.87,1:06:24
25197,1,13.027480125427251,36.63,1,0,0.87,1:01:34
25198,1,31.97005462646484,36.63,0,1,0.87,1:09:05
25199,1,5.969511985778809,36.63,1,0,0.87,1:10:45
25200,1,8.194785118103027,36.63,1,0,0.87,1:07:21
25201,1,196.8123321533203,36.63,0,1,0.87,1:03:49
25202,1,32.86003875732422,36.63,0,1,0.87,1:01:32
25203,1,196.8123321533203,36.63,0,1,0.87,1:07:48
25204,1,277.6466064453125,36.63,0,1,0.87,1:13:16
25205,1,8.194785118103027,36.63,0,1,0.87,1:13:16
25206,1,14.359289169311518,36.63,1,0,0.87,1:03:32
25207,1,50.82839584350586,36.63,0,1,0.87,1:07:14
25208,1,120.8983688354492,36.63,0,1,0.87,1:13:34
25209,1,259.998291015625,36.63,0,1,0.87,1:04:58
25210,1,259.998291015625,36.63,0,1,0.87,1:16:48
25211,1,74.23316192626953,36.63,1,0,0.87,1:07:34
25212,1,14.566981315612788,36.63,0,1,0.87,1:02:35
25213,1,283.8198547363281,36.63,1,0,0.87,0:46:26
25214,1,252.5192565917969,36.63,1,0,0.87,1:09:18
25215,1,259.998291015625,36.63,0,1,0.87,1:04:46
25216,1,17.5898609161377,36.63,0,1,0.87,1:06:39
25217,1,17.5898609161377,36.63,0,1,0.87,1:06:40
25218,1,255.6479949951172,36.63,1,0,0.87,1:05:09
25219,1,39.21760559082031,36.63,0,1,0.87,1:13:20
25220,1,43.62190246582031,36.63,1,0,0.87,1:06:22
25221,1,108.0,36.63,0,1,0.87,0:59:04
25222,1,375.6900024414062,36.63,1,0,0.87,0:58:26
25223,1,17.3270263671875,36.63,0,1,0.87,1:04:17
25224,1,278.28524780273443,36.63,0,1,0.87,1:03:19
25225,1,50.82839584350586,36.63,0,1,0.87,1:04:27
25226,1,109.1239242553711,36.63,1,0,0.87,1:05:35
25227,1,259.998291015625,36.63,0,1,0.87,1:12:57
25228,1,206.8108062744141,36.63,0,1,0.87,1:07:27
25229,1,86.84709167480469,36.63,1,0,0.87,1:05:15
25230,1,564.3014526367188,36.63,1,0,0.87,1:01:21
25231,1,332.7853698730469,36.63,1,0,0.87,1:08:37
25232,1,56.4234848022461,36.63,1,0,0.87,1:07:48
25233,1,19.07254981994629,36.63,1,0,0.87,0:57:40
25234,1,10.44776248931885,36.63,1,0,0.87,1:03:42
25235,1,724.8308715820312,36.63,1,0,0.87,1:14:47
25236,1,146.4189910888672,36.63,0,1,0.87,1:14:46
25237,1,31.01458549499512,36.63,1,0,0.87,1:06:39
25238,1,10.44776248931885,36.63,1,0,0.87,1:09:17
25239,1,1.449772357940674,36.63,0,1,0.87,1:07:31
25240,1,50.26950454711914,36.63,0,1,0.87,1:06:59
25241,1,12.82390880584717,36.63,0,1,0.87,1:04:50
25242,1,11.34140872955322,36.63,0,1,0.87,1:08:13
25243,1,25.44406318664551,36.63,0,1,0.87,1:08:50
25244,1,31.97005462646484,36.63,0,1,0.87,1:06:52
25245,1,32.20459365844727,36.63,1,0,0.87,1:07:53
25246,1,17.3270263671875,36.63,1,0,0.87,1:12:07
25247,1,120.8983688354492,36.63,1,0,0.87,1:03:37
25248,1,10.44776248931885,36.63,0,1,0.87,1:01:47
25249,1,25.04593086242676,36.63,1,0,0.87,1:01:13
25250,1,140.58866882324222,36.63,1,0,0.87,1:00:16
25251,1,10.44183731079102,36.63,0,1,0.87,1:08:25
25252,1,219.4850006103516,36.63,0,1,0.87,1:07:33
25253,1,13.315147399902338,36.63,0,1,0.87,1:07:58
25254,1,259.998291015625,36.63,0,1,0.87,1:04:10
25255,1,256.41342163085943,36.63,0,1,0.87,1:08:14
25256,1,29.1304931640625,36.63,0,1,0.87,1:15:12
25257,1,20.15006828308105,36.63,0,1,0.87,1:06:40
25258,1,59.45031356811523,36.63,0,1,0.87,1:06:39
25259,1,259.998291015625,36.63,1,0,0.87,1:02:44
25260,1,134.9916687011719,36.63,1,0,0.87,1:03:27
25261,1,106.9011688232422,36.63,0,1,0.87,1:11:41
25262,1,243.1329650878906,36.63,0,1,0.87,1:06:53
25263,1,236.900634765625,36.63,0,1,0.87,1:01:19
25264,1,279.96347045898443,36.63,1,0,0.87,1:09:23
25265,1,17.80105018615723,36.63,1,0,0.87,1:00:07
25266,1,48.54412841796875,36.63,0,1,0.87,1:05:37
25267,1,2.7546546459198,36.63,0,1,0.87,1:05:37
25268,1,10.44776248931885,36.63,0,1,0.87,1:09:43
25269,1,19.23562431335449,36.63,0,1,0.87,1:14:08
25270,1,50.82839584350586,36.63,0,1,0.87,1:14:08
25271,1,67.05751800537111,36.63,1,0,0.87,1:06:03
25272,1,259.998291015625,36.63,1,0,0.87,1:04:31
25273,1,376.4162902832031,36.63,1,0,0.87,1:07:41
25274,1,81.51506042480469,36.63,1,0,0.87,0:59:57
25275,1,15.44925308227539,36.63,0,1,0.87,1:03:33
25276,1,52.21719360351562,36.63,0,1,0.87,1:09:01
25277,1,12.20206928253174,36.63,1,0,0.87,1:00:36
25278,1,140.9563293457031,36.63,1,0,0.87,0:59:24
25279,1,19.07254981994629,36.63,0,1,0.87,1:09:03
25280,1,36.19046020507812,36.63,1,0,0.87,1:03:26
25281,1,75.07860565185547,36.63,1,0,0.87,1:11:33
25282,1,421.3871459960938,36.63,1,0,0.87,1:06:14
25283,1,10.44183731079102,36.63,0,1,0.87,1:04:25
25284,1,35.99068832397461,36.63,0,1,0.87,1:08:25
25285,1,14.32654094696045,36.63,0,1,0.87,1:05:02
25286,1,225.0845947265625,36.63,1,0,0.87,0:51:36
25287,1,11.085031509399409,36.63,0,1,0.87,1:08:03
25288,1,7.058139324188232,36.63,0,1,0.87,1:06:57
25289,1,2.302611351013184,36.63,0,1,0.87,1:10:08
25290,1,7.058139324188232,36.63,0,1,0.87,1:09:58
25291,1,56.084815979003906,36.63,0,1,0.87,1:10:32
25292,1,7.459250450134277,36.63,1,0,0.87,1:07:23
25293,1,8.212539672851562,36.63,0,1,0.87,1:04:07
25294,1,10.25442790985107,36.63,1,0,0.87,1:07:55
25295,1,331.8894958496094,36.63,0,1,0.87,1:08:05
25296,1,20.15006828308105,36.63,0,1,0.87,1:05:51
25297,1,76.06629943847656,36.63,1,0,0.87,1:05:46
25298,1,1110.5234375,36.63,0,1,0.87,1:05:08
25299,1,52.62423706054688,36.63,0,1,0.87,1:05:54
25300,1,23.51996421813965,36.63,1,0,0.87,1:01:33
25301,1,7.309962749481201,36.63,1,0,0.87,1:06:54
25302,1,3.877283334732056,36.63,1,0,0.87,0:59:39
25303,1,31.97005462646484,36.63,0,1,0.87,1:05:32
25304,1,6.090157508850098,36.63,0,1,0.87,1:07:44
25305,1,146.0377807617188,36.63,1,0,0.87,1:00:56
25306,1,10.44776248931885,36.63,1,0,0.87,1:05:45
25307,1,10.44776248931885,36.63,0,1,0.87,1:15:19
25308,1,116.2873992919922,36.63,0,1,0.87,1:07:39
25309,2,31.97005462646484,36.63,1,0,0.87,1:07:55
25310,1,137.49957275390622,36.63,0,1,0.87,1:07:26
25311,1,31.97005462646484,36.63,0,1,0.87,1:16:31
25312,1,31.97005462646484,36.63,0,1,0.87,1:16:31
25313,1,96.90904235839844,36.63,1,0,0.87,1:09:17
25314,1,275.064453125,36.63,0,1,0.87,1:05:36
25315,1,8.101274490356445,36.63,0,1,0.87,1:10:43
25316,1,14.359289169311518,36.63,0,1,0.87,1:08:16
25317,1,11.51373291015625,36.63,1,0,0.87,1:04:10
25318,1,619.88818359375,36.63,1,0,0.87,1:04:41
25319,1,212.5020599365234,36.63,1,0,0.87,1:04:43
25320,1,228.5584411621094,36.63,0,1,0.87,1:05:23
25321,1,320.0387878417969,36.63,1,0,0.87,1:02:20
25322,1,228.6362762451172,36.63,1,0,0.87,0:56:43
25323,1,13.89603042602539,36.63,0,1,0.87,1:12:08
25324,2,255.6479949951172,36.63,0,1,0.87,1:12:36
25325,1,27.96543884277344,36.63,1,0,0.87,1:08:44
25326,1,219.4850006103516,36.63,0,1,0.87,1:09:08
25327,1,38.61721801757812,36.63,1,0,0.87,1:05:47
25328,1,1197.311279296875,36.63,1,0,0.87,1:06:02
25329,1,7.058139324188232,36.63,1,0,0.87,1:13:38
25330,1,611.3375244140625,36.63,0,1,0.87,0:56:32
25331,1,10.56740665435791,36.63,1,0,0.87,0:58:47
25332,1,9.064377784729004,36.63,1,0,0.87,0:39:42
25333,1,32.31407928466797,36.63,1,0,0.87,0:51:48
25334,1,39.47004318237305,36.63,0,1,0.87,1:06:49
25335,1,39.47004318237305,36.63,1,0,0.87,1:06:51
25336,1,4.226583480834962,36.63,0,1,0.87,1:12:12
25337,1,101.0947265625,36.63,0,1,0.87,1:07:34
25338,1,10.44776248931885,36.63,1,0,0.87,1:08:40
25339,1,31.97005462646484,36.63,0,1,0.87,1:13:45
25340,1,7.63557243347168,36.63,0,1,0.87,1:12:08
25341,1,40.57389450073242,36.63,1,0,0.87,1:04:30
25342,1,10.44776248931885,36.63,0,1,0.87,1:01:51
25343,1,16.84739112854004,36.63,0,1,0.87,1:07:57
25344,1,337.4805297851562,36.63,0,1,0.87,1:05:46
25345,1,91.7226791381836,36.63,0,1,0.87,1:08:16
25346,1,6.240824699401856,36.63,1,0,0.87,1:12:32
25347,1,31.59970855712891,36.63,0,1,0.87,1:05:36
25348,1,20.75730895996094,36.63,0,1,0.87,1:05:36
25349,1,10.44776248931885,36.63,0,1,0.87,1:07:33
25350,1,120.0959701538086,36.63,0,1,0.87,1:04:42
25351,1,18.36637115478516,36.63,1,0,0.87,1:09:05
25352,1,223.7906799316406,36.63,0,1,0.87,1:10:50
25353,1,215.4762725830078,36.63,1,0,0.87,1:06:48
25354,1,52.04446411132812,36.63,0,1,0.87,1:10:34
25355,1,378.2447204589844,36.63,0,1,0.87,1:05:02
25356,1,2.103271007537842,36.63,0,1,0.87,1:05:16
25357,1,17.71962928771973,36.63,1,0,0.87,1:17:33
25358,1,10.44776248931885,36.63,1,0,0.87,1:14:39
25359,1,31.01458549499512,36.63,0,1,0.87,1:05:10
25360,1,228.0850677490234,36.63,1,0,0.87,1:13:42
25361,1,38.32305526733398,36.63,0,1,0.87,1:11:31
25362,1,662.5640869140625,36.63,1,0,0.87,1:03:28
25363,1,77.97574615478516,36.63,0,1,0.87,1:07:23
25364,1,5.641450881958008,36.63,1,0,0.87,1:07:26
25365,1,233.6640472412109,36.63,0,1,0.87,1:07:23
25366,1,31.97005462646484,36.63,1,0,0.87,1:02:46
25367,1,196.8123321533203,36.63,0,1,0.87,1:08:30
25368,1,7.831667900085449,36.63,0,1,0.87,1:07:52
25369,1,152.5588684082031,36.63,1,0,0.87,1:00:12
25370,1,37.14537048339844,36.63,0,1,0.87,1:10:54
25371,1,2524.6611328125,36.63,0,1,0.87,1:08:07
25372,1,291.1369323730469,36.63,1,0,0.87,1:10:10
25373,1,10.44776248931885,36.63,0,1,0.87,1:08:32
25374,1,149.1394653320312,36.63,1,0,0.87,1:10:27
25375,1,116.2873992919922,36.63,1,0,0.87,1:07:07
25376,1,1.587890386581421,36.63,0,1,0.87,1:06:10
25377,1,2257.392333984375,36.63,1,0,0.87,1:08:33
25378,1,50.26950454711914,36.63,1,0,0.87,1:07:38
25379,1,393.3740539550781,36.63,1,0,0.87,1:06:06
25380,1,55.22239303588867,36.63,0,1,0.87,1:09:22
25381,1,159.2595977783203,36.63,0,1,0.87,1:08:11
25382,1,10.44776248931885,36.63,1,0,0.87,1:03:53
25383,1,169.5493469238281,36.63,0,1,0.87,1:08:11
25384,1,31.17976570129395,36.63,1,0,0.87,1:00:07
25385,1,16.08600044250488,36.63,0,1,0.87,1:08:21
25386,1,7.005546569824219,36.63,0,1,0.87,1:08:09
25387,1,57.9035758972168,36.63,0,1,0.87,1:08:31
25388,1,39.21760559082031,36.63,1,0,0.87,1:02:36
25389,1,259.998291015625,36.63,1,0,0.87,1:06:09
25390,1,219.4850006103516,36.63,0,1,0.87,1:06:11
25391,1,275.6912841796875,36.63,1,0,0.87,1:06:11
25392,1,39.21760559082031,36.63,0,1,0.87,1:04:59
25393,1,517.6203002929689,36.63,1,0,0.87,1:07:19
25394,1,221.179931640625,36.63,1,0,0.87,1:03:57
25395,1,214.6571960449219,36.63,1,0,0.87,1:01:05
25396,1,185.2336273193359,36.63,0,1,0.87,1:07:03
25397,1,356.783935546875,36.63,0,1,0.87,1:01:55
25398,1,728.8549194335938,36.63,1,0,0.87,1:02:06
25399,1,287.84716796875,36.63,0,1,0.87,0:58:44
25400,1,4.3414626121521005,36.63,1,0,0.87,0:57:42
25401,1,3.920108318328857,36.63,1,0,0.87,1:12:15
25402,1,1283.929565429688,36.63,1,0,0.87,1:12:16
25403,1,15.920199394226069,36.63,1,0,0.87,1:10:25
25404,1,180.2863311767578,36.63,1,0,0.87,1:11:12
25405,1,31.97005462646484,36.63,0,1,0.87,1:03:01
25406,1,42.68008041381836,36.63,0,1,0.87,1:00:10
25407,1,259.998291015625,36.63,0,1,0.87,1:17:37
25408,1,16.698308944702152,36.63,1,0,0.87,1:07:54
25409,1,259.998291015625,36.63,1,0,0.87,1:05:08
25410,1,366.0434265136719,36.63,1,0,0.87,1:02:38
25411,1,90.77010345458984,36.63,1,0,0.87,0:58:29
25412,1,44.61593246459961,36.63,0,1,0.87,1:11:47
25413,1,13.68343734741211,36.63,1,0,0.87,1:10:11
25414,1,18.05331420898438,36.63,1,0,0.87,1:10:10
25415,1,10.44776248931885,36.63,0,1,0.87,1:12:05
25416,1,376.4162902832031,36.63,0,1,0.87,1:06:10
25417,1,10.44776248931885,36.63,0,1,0.87,1:03:57
25418,1,138.2874450683594,36.63,1,0,0.87,1:02:42
25419,1,138.2874450683594,36.63,0,1,0.87,1:02:42
25420,1,65.05636596679689,36.63,1,0,0.87,1:07:25
25421,1,259.998291015625,36.63,0,1,0.87,1:04:58
25422,1,232.5149993896484,36.63,0,1,0.87,1:08:20
25423,1,232.5149993896484,36.63,1,0,0.87,1:08:20
25424,1,1509.999267578125,36.63,1,0,0.87,1:08:21
25425,1,196.8123321533203,36.63,0,1,0.87,1:10:57
25426,1,10.44776248931885,36.63,1,0,0.87,1:10:11
25427,1,30.92424583435059,36.63,1,0,0.87,1:00:55
25428,1,2.243473291397095,36.63,0,1,0.87,1:15:48
25429,1,647.6728515625,36.63,1,0,0.87,0:54:56
25430,1,51.94340515136719,36.63,0,1,0.87,1:03:38
25431,1,185.2336273193359,36.63,1,0,0.87,1:05:15
25432,1,91.85733795166016,36.63,1,0,0.87,1:09:26
25433,1,134.4911193847656,36.63,1,0,0.87,1:01:50
25434,1,50.82839584350586,36.63,0,1,0.87,1:09:24
25435,1,259.998291015625,36.63,1,0,0.87,1:03:44
25436,1,11.085031509399409,36.63,0,1,0.87,1:06:55
25437,1,11.085031509399409,36.63,0,1,0.87,1:06:55
25438,1,28.003864288330078,36.63,0,1,0.87,1:06:35
25439,1,10.58681583404541,36.63,1,0,0.87,1:05:29
25440,1,5.675545692443848,36.63,1,0,0.87,1:07:32
25441,1,6.240824699401856,36.63,1,0,0.87,1:02:55
25442,1,30.4487247467041,36.63,0,1,0.87,1:02:48
25443,1,206.18572998046884,36.63,1,0,0.87,1:01:59
25444,1,91.7226791381836,36.63,0,1,0.87,1:12:20
25445,1,126.1217880249023,36.63,1,0,0.87,1:12:20
25446,1,37.14537048339844,36.63,1,0,0.87,1:10:08
25447,1,37.5223388671875,36.63,0,1,0.87,1:08:43
25448,1,41.98091506958008,36.63,1,0,0.87,1:08:59
25449,1,1464.519287109375,36.63,0,1,0.87,0:54:30
25450,1,398.2716369628906,36.63,1,0,0.87,1:00:08
25451,1,200.3173065185547,36.63,0,1,0.87,1:05:41
25452,1,10.44776248931885,36.63,0,1,0.87,0:58:37
25453,1,39.21760559082031,36.63,1,0,0.87,1:06:37
25454,1,28.003864288330078,36.63,0,1,0.87,1:01:40
25455,1,407.7540283203125,36.63,0,1,0.87,1:08:57
25456,1,62.09518432617188,36.63,1,0,0.87,1:06:44
25457,1,259.998291015625,36.63,1,0,0.87,1:05:17
25458,1,192.3346252441406,36.63,1,0,0.87,1:03:52
25459,1,7.058139324188232,36.63,1,0,0.87,1:06:46
25460,1,4.8699212074279785,36.63,1,0,0.87,1:03:21
25461,1,4.296838283538818,36.63,0,1,0.87,1:17:39
25462,1,321.1102600097656,36.63,0,1,0.87,1:06:30
25463,1,169.5493469238281,36.63,1,0,0.87,1:00:05
25464,1,219.4850006103516,36.63,0,1,0.87,1:12:19
25465,1,50.26950454711914,36.63,0,1,0.87,1:05:03
25466,1,6.090157508850098,36.63,1,0,0.87,1:15:13
25467,1,16.84739112854004,36.63,0,1,0.87,1:05:59
25468,1,10.06689834594727,36.63,1,0,0.87,1:13:22
25469,1,10.44776248931885,36.63,0,1,0.87,1:11:38
25470,1,255.6479949951172,36.63,0,1,0.87,1:10:42
25471,1,259.998291015625,36.63,0,1,0.87,0:58:31
25472,1,14.82921028137207,36.63,1,0,0.87,0:51:23
25473,1,14.32654094696045,36.63,1,0,0.87,1:07:30
25474,1,149.3284759521484,36.63,0,1,0.87,1:07:30
25475,1,484.7640075683594,36.63,0,1,0.87,1:03:01
25476,1,138.3722991943359,36.63,0,1,0.87,1:15:13
25477,1,42.47363662719727,36.63,1,0,0.87,1:07:14
25478,1,10.44183731079102,36.63,0,1,0.87,0:58:30
25479,1,437.7515563964844,36.63,1,0,0.87,1:05:05
25480,1,91.7226791381836,36.63,1,0,0.87,1:03:01
25481,1,223.3875274658203,36.63,1,0,0.87,1:08:23
25482,1,10.44776248931885,36.63,0,1,0.87,1:01:16
25483,1,12.58986759185791,36.63,0,1,0.87,1:03:46
25484,1,208.13092041015616,36.63,1,0,0.87,0:59:42
25485,1,190.1930236816406,36.63,0,1,0.87,0:59:53
25486,1,109.1946792602539,36.63,1,0,0.87,1:11:01
25487,1,31.15179443359375,36.63,0,1,0.87,1:13:02
25488,1,104.5440673828125,36.63,0,1,0.87,1:13:02
25489,1,10.44776248931885,36.63,0,1,0.87,1:05:40
25490,1,48.4811897277832,36.63,0,1,0.87,1:04:33
25491,1,237.6291656494141,36.63,0,1,0.87,1:08:46
25492,1,330.9388732910156,36.63,1,0,0.87,1:02:08
25493,1,255.6479949951172,36.63,0,1,0.87,1:12:36
25494,1,11.339376449584961,36.63,0,1,0.87,1:02:05
25495,1,259.998291015625,36.63,0,1,0.87,1:14:43
25496,1,185.813720703125,36.63,1,0,0.87,1:06:28
25497,1,37.14537048339844,36.63,0,1,0.87,1:09:15
25498,1,218.9133148193359,36.63,1,0,0.87,1:10:18
25499,1,218.9133148193359,36.63,0,1,0.87,1:10:21
25500,1,10.44776248931885,36.63,1,0,0.87,1:05:29
25501,1,266.2826538085938,36.63,0,1,0.87,1:05:44
25502,1,6.027743339538574,36.63,1,0,0.87,1:10:49
25503,1,7.058139324188232,36.63,0,1,0.87,1:10:44
25504,1,181.5143737792969,36.63,1,0,0.87,1:02:20
25505,1,259.998291015625,36.63,1,0,0.87,0:53:26
25506,1,51.877418518066406,36.63,0,1,0.87,1:10:09
25507,1,7.459250450134277,36.63,1,0,0.87,1:03:50
25508,1,10.44183731079102,36.63,1,0,0.87,1:08:46
25509,1,48.10107803344727,36.63,0,1,0.87,1:06:04
25510,1,192.3346252441406,36.63,0,1,0.87,1:11:28
25511,1,9.335716247558594,36.63,1,0,0.87,1:05:33
25512,1,19.48332405090332,36.63,1,0,0.87,0:58:53
25513,1,4.693426609039307,36.63,0,1,0.87,1:08:26
25514,1,287.84716796875,36.63,0,1,0.87,1:12:01
25515,1,270.96609497070307,36.63,1,0,0.87,1:18:48
25516,1,108.9886856079102,36.63,0,1,0.87,1:10:46
25517,1,137.57452392578122,36.63,0,1,0.87,1:12:26
25518,1,320.0387878417969,36.63,1,0,0.87,1:12:26
25519,1,4.143080711364746,36.63,0,1,0.87,1:09:19
25520,1,505.1585388183594,36.63,0,1,0.87,1:04:23
25521,1,12.58986759185791,36.63,0,1,0.87,1:08:36
25522,1,2103.939453125,36.63,1,0,0.87,0:56:48
25523,1,206.3250579833984,36.63,1,0,0.87,1:08:19
25524,1,2.790159702301025,36.63,0,1,0.87,1:09:02
25525,1,4.016949653625488,36.63,1,0,0.87,1:03:30
25526,1,4.194859027862549,36.63,1,0,0.87,1:00:54
25527,1,34.05735397338867,36.63,1,0,0.87,1:12:46
25528,1,58.93083190917969,36.63,0,1,0.87,1:13:46
25529,1,181.5143737792969,36.63,0,1,0.87,1:07:08
25530,1,421.3871459960938,36.63,0,1,0.87,1:06:21
25531,1,39.47004318237305,36.63,0,1,0.87,1:08:00
25532,1,196.8123321533203,36.63,0,1,0.87,1:09:54
25533,1,2.790159702301025,36.63,0,1,0.87,1:14:26
25534,1,26.90760612487793,36.63,0,1,0.87,1:07:03
25535,1,37.5223388671875,36.63,1,0,0.87,1:07:14
25536,1,22.78268432617188,36.63,0,1,0.87,1:15:14
25537,1,11.82077217102051,36.63,0,1,0.87,1:08:03
25538,1,-0.959307849407196,36.63,1,0,0.87,1:08:07
25539,1,196.8123321533203,36.63,1,0,0.87,1:07:46
25540,1,4.641374111175537,36.63,0,1,0.87,1:08:13
25541,1,31.97005462646484,36.63,0,1,0.87,1:10:33
25542,1,128.1840515136719,36.63,1,0,0.87,1:05:51
25543,1,77.97574615478516,36.63,0,1,0.87,1:10:37
25544,1,10.44776248931885,36.63,0,1,0.87,1:06:43
25545,1,102.7081069946289,36.63,1,0,0.87,1:02:54
25546,1,118.5949020385742,36.63,0,1,0.87,1:05:12
25547,1,259.998291015625,36.63,0,1,0.87,1:09:50
25548,1,10.44776248931885,36.63,0,1,0.87,1:12:22
25549,1,10.44776248931885,36.63,0,1,0.87,1:12:22
25550,1,99.30458068847656,36.63,0,1,0.87,1:12:22
25551,1,26.53032493591309,36.63,0,1,0.87,1:10:20
25552,1,30.4487247467041,36.63,1,0,0.87,1:10:21
25553,1,259.0045166015625,36.63,1,0,0.87,1:01:03
25554,1,197.583984375,36.63,1,0,0.87,1:06:35
25555,1,259.998291015625,36.63,0,1,0.87,1:09:10
25556,1,110.0474319458008,36.63,1,0,0.87,1:05:08
25557,1,254.7844543457031,36.63,0,1,0.87,1:08:45
25558,1,40.0,36.63,1,0,0.87,1:11:03
25559,1,40.0,36.63,0,1,0.87,1:11:03
25560,1,159.2595977783203,36.63,1,0,0.87,1:04:32
25561,1,10.44776248931885,36.63,0,1,0.87,1:10:05
25562,1,44.61593246459961,36.63,0,1,0.87,1:08:48
25563,1,213.1086730957031,36.63,1,0,0.87,1:15:03
25564,1,86.71595001220703,36.63,0,1,0.87,1:10:42
25565,1,179.5777740478516,36.63,0,1,0.87,1:07:33
25566,1,11.085031509399409,36.63,0,1,0.87,1:13:13
25567,1,11.085031509399409,36.63,0,1,0.87,1:13:13
25568,1,66.27151489257811,36.63,0,1,0.87,1:10:37
25569,1,190.0372009277344,36.63,1,0,0.87,1:10:47
25570,1,233.2363739013672,36.63,1,0,0.87,1:05:55
25571,1,421.3871459960938,36.63,0,1,0.87,1:10:03
25572,1,51.877418518066406,36.63,0,1,0.87,1:01:15
25573,1,295.5433654785156,36.63,1,0,0.87,1:15:20
25574,1,37.14537048339844,36.63,1,0,0.87,1:06:29
25575,1,61.272132873535156,36.63,1,0,0.87,1:05:55
25576,2,10.44183731079102,36.63,0,1,0.87,1:07:47
25577,1,8.438035011291504,36.63,1,0,0.87,1:12:45
25578,1,13.81503200531006,36.63,0,1,0.87,1:10:55
25579,1,94.3494644165039,36.63,0,1,0.87,1:07:41
25580,1,10.71148586273193,36.63,1,0,0.87,1:11:03
25581,1,1631.184326171875,36.63,1,0,0.87,1:10:32
25582,1,205.08428955078116,36.63,1,0,0.87,1:16:49
25583,1,10.44183731079102,36.63,0,1,0.87,1:10:44
25584,1,16.84739112854004,36.63,0,1,0.87,1:08:24
25585,1,56.084815979003906,36.63,0,1,0.87,1:09:21
25586,1,53.74789428710938,36.63,1,0,0.87,1:08:37
25587,1,290.8581237792969,36.63,0,1,0.87,1:09:32
25588,1,55.27118682861328,36.63,1,0,0.87,1:09:39
25589,1,278.0640869140625,36.63,0,1,0.87,1:11:41
25590,1,259.998291015625,36.63,1,0,0.87,1:11:17
25591,1,35.65705490112305,36.63,0,1,0.87,1:07:43
25592,1,91.7226791381836,36.63,0,1,0.87,1:13:19
25593,1,91.56227111816406,36.63,0,1,0.87,1:05:31
25594,1,51.87637710571289,36.63,1,0,0.87,1:02:20
25595,1,70.11942291259766,36.63,1,0,0.87,1:06:16
25596,1,39.21760559082031,36.63,0,1,0.87,1:04:59
25597,1,56.440467834472656,36.63,1,0,0.87,1:04:46
25598,1,259.998291015625,36.63,0,1,0.87,1:04:17
25599,1,138.0673675537109,36.63,0,1,0.87,1:11:08
25600,1,20.15006828308105,36.63,0,1,0.87,1:08:34
25601,1,30.4487247467041,36.63,0,1,0.87,1:06:32
25602,1,614.4942016601562,36.63,1,0,0.87,1:04:52
25603,1,39.47004318237305,36.63,0,1,0.87,0:55:54
25604,1,421.3871459960938,36.63,1,0,0.87,1:04:09
25605,1,421.3871459960938,36.63,0,1,0.87,1:04:09
25606,1,1912.570556640625,36.63,0,1,0.87,1:09:17
25607,1,7.459250450134277,36.63,1,0,0.87,1:08:08
25608,1,62.09518432617188,36.63,1,0,0.87,1:07:58
25609,1,64.65290069580078,36.63,0,1,0.87,1:12:28
25610,1,32.31407928466797,36.63,0,1,0.87,1:07:00
25611,1,10.44776248931885,36.63,0,1,0.87,1:07:20
25612,1,200.3173065185547,36.63,1,0,0.87,1:05:41
25613,1,10.44776248931885,36.63,1,0,0.87,1:09:48
25614,1,86.84709167480469,36.63,0,1,0.87,1:05:26
25615,1,149.9898223876953,36.63,0,1,0.87,1:04:39
25616,1,10.44776248931885,36.63,1,0,0.87,1:05:18
25617,1,259.998291015625,36.63,0,1,0.87,1:05:27
25618,1,48.10107803344727,36.63,1,0,0.87,1:05:51
25619,1,11.65360832214355,36.63,0,1,0.87,1:00:22
25620,1,10.44776248931885,36.63,0,1,0.87,1:07:57
25621,1,219.4850006103516,36.63,0,1,0.87,1:06:28
25622,1,1594.9761962890618,36.63,0,1,0.87,1:09:43
25623,1,30.4487247467041,36.63,1,0,0.87,1:07:48
25624,1,259.998291015625,36.63,0,1,0.87,1:08:36
25625,1,1509.999267578125,36.63,0,1,0.87,1:00:52
25626,1,11.085031509399409,36.63,0,1,0.87,1:10:50
25627,1,311.047607421875,36.63,1,0,0.87,1:10:47
25628,1,278.0640869140625,36.63,1,0,0.87,1:01:56
25629,1,276.22885131835943,36.63,0,1,0.87,1:07:09
25630,1,4.143080711364746,36.63,1,0,0.87,1:07:53
25631,1,4.143080711364746,36.63,0,1,0.87,1:07:54
25632,1,19.91307258605957,36.63,1,0,0.87,1:13:57
25633,1,259.998291015625,36.63,1,0,0.87,1:08:27
25634,1,219.4850006103516,36.63,0,1,0.87,1:07:02
25635,1,61.07820129394531,36.63,1,0,0.87,1:01:15
25636,1,10.44776248931885,36.63,0,1,0.87,1:07:11
25637,1,209.2055511474609,36.63,0,1,0.87,1:08:57
25638,1,31.01458549499512,36.63,1,0,0.87,0:59:49
25639,1,17.05924987792969,36.63,0,1,0.87,1:14:41
25640,1,32.118362426757805,36.63,0,1,0.87,1:10:32
25641,1,259.998291015625,36.63,0,1,0.87,1:07:09
25642,1,259.998291015625,36.63,1,0,0.87,1:07:10
25643,1,30.4487247467041,36.63,0,1,0.87,1:05:44
25644,1,437.6392822265625,36.63,0,1,0.87,1:11:45
25645,1,181.5143737792969,36.63,0,1,0.87,1:07:50
25646,1,3.920108318328857,36.63,0,1,0.87,1:10:37
25647,1,37.14537048339844,36.63,1,0,0.87,1:11:59
25648,1,57.9035758972168,36.63,0,1,0.87,1:14:19
25649,1,152.3255004882812,36.63,0,1,0.87,1:05:16
25650,1,15.55781936645508,36.63,1,0,0.87,0:53:56
25651,1,185.813720703125,36.63,1,0,0.87,1:02:01
25652,1,6.059508800506593,36.63,0,1,0.87,1:08:58
25653,1,18.28158760070801,36.63,1,0,0.87,1:03:39
25654,1,52.04446411132812,36.63,0,1,0.87,1:05:44
25655,1,31.97005462646484,36.63,0,1,0.87,1:12:03
25656,1,3.8192260265350337,36.63,1,0,0.87,0:43:30
25657,1,181.5143737792969,36.63,1,0,0.87,1:01:14
25658,1,98.05740356445312,36.63,0,1,0.87,1:07:25
25659,1,29.1304931640625,36.63,0,1,0.87,1:11:38
25660,1,39.47004318237305,36.63,0,1,0.87,1:07:55
25661,1,1.539181590080261,36.63,1,0,0.87,1:16:38
25662,1,108.29296112060551,36.63,1,0,0.87,1:08:42
25663,1,194.2860260009766,36.63,1,0,0.87,1:00:27
25664,1,22.59490966796875,36.63,1,0,0.87,1:07:50
25665,1,194.2860260009766,36.63,0,1,0.87,1:00:27
25666,1,165.4194030761719,36.63,1,0,0.87,1:16:48
25667,1,137.57452392578122,36.63,0,1,0.87,1:12:26
25668,1,223.0571441650391,36.63,0,1,0.87,1:02:10
25669,1,90.65587615966795,36.63,0,1,0.87,1:03:44
25670,1,245.7559356689453,36.63,0,1,0.87,1:15:52
25671,1,109.4568328857422,36.63,0,1,0.87,1:13:52
25672,1,52.04446411132812,36.63,0,1,0.87,1:08:18
25673,1,11.085031509399409,36.63,0,1,0.87,1:13:42
25674,1,31.2812614440918,36.63,1,0,0.87,1:10:48
25675,1,8.212539672851562,36.63,1,0,0.87,1:06:19
25676,1,51.877418518066406,36.63,0,1,0.87,1:17:59
25677,1,376.4162902832031,36.63,0,1,0.87,1:12:11
25678,1,54.23469924926758,36.63,1,0,0.87,1:03:38
25679,1,78.6194839477539,36.63,1,0,0.87,1:03:14
25680,1,16.00102424621582,36.63,0,1,0.87,1:05:08
25681,1,4.143080711364746,36.63,1,0,0.87,1:13:21
25682,1,134.9916687011719,36.63,0,1,0.87,1:08:26
25683,1,134.9916687011719,36.63,0,1,0.87,1:08:26
25684,1,86.71595001220703,36.63,0,1,0.87,1:08:57
25685,1,378.2447204589844,36.63,0,1,0.87,1:08:56
25686,1,6.240824699401856,36.63,0,1,0.87,1:12:07
25687,1,28.34122467041016,36.63,1,0,0.87,1:03:49
25688,1,332.7853698730469,36.63,1,0,0.87,1:21:08
25689,1,392.9354553222656,36.63,0,1,0.87,1:14:18
25690,1,282.704345703125,36.63,0,1,0.87,1:08:32
25691,1,278.0640869140625,36.63,1,0,0.87,1:10:20
25692,1,25.9771556854248,36.63,1,0,0.87,1:10:33
25693,1,197.583984375,36.63,0,1,0.87,1:06:28
25694,1,83.66314697265625,36.63,0,1,0.87,1:02:19
25695,1,10.44776248931885,36.63,0,1,0.87,1:04:57
25696,1,3.1729369163513184,36.63,0,1,0.87,1:14:05
25697,1,3.835139274597168,36.63,1,0,0.87,1:07:47
25698,1,222.7997283935547,36.63,1,0,0.87,1:03:57
25699,1,53.27484512329102,36.63,1,0,0.87,1:07:03
25700,1,4.193099021911621,36.63,1,0,0.87,1:06:25
25701,1,28.003864288330078,36.63,1,0,0.87,1:10:26
25702,2,219.4850006103516,36.63,1,0,0.87,1:10:04
25703,1,50.79936981201172,36.63,0,1,0.87,1:10:36
25704,1,24.17752647399902,36.63,1,0,0.87,1:08:48
25705,1,52.71562576293945,36.63,0,1,0.87,1:14:18
25706,1,17.80105018615723,36.63,1,0,0.87,1:16:06
25707,1,239.3311767578125,36.63,1,0,0.87,1:17:18
25708,1,16.88461875915527,36.63,1,0,0.87,1:11:00
25709,1,35.99068832397461,36.63,1,0,0.87,1:11:00
25710,1,47.6925277709961,36.63,1,0,0.87,1:11:01
25711,1,15.224977493286133,36.63,0,1,0.87,1:10:04
25712,1,28.003864288330078,36.63,1,0,0.87,1:09:31
25713,1,196.8123321533203,36.63,1,0,0.87,1:11:55
25714,1,312.5457458496094,36.63,0,1,0.87,1:11:56
25715,1,39.47004318237305,36.63,0,1,0.87,1:10:40
25716,1,392.9354553222656,36.63,0,1,0.87,1:10:14
25717,1,16.84739112854004,36.63,0,1,0.87,1:10:08
25718,1,334.4909973144531,36.63,1,0,0.87,1:12:44
25719,1,290.8581237792969,36.63,0,1,0.87,1:06:34
25720,1,12.58986759185791,36.63,1,0,0.87,1:05:16
25721,1,290.8581237792969,36.63,0,1,0.87,1:13:51
25722,1,14.566981315612788,36.63,0,1,0.87,1:07:45
25723,1,156.1229248046875,36.63,0,1,0.87,1:06:20
25724,1,37.14537048339844,36.63,1,0,0.87,1:03:17
25725,1,50.26950454711914,36.63,0,1,0.87,1:06:59
25726,1,196.8123321533203,36.63,0,1,0.87,1:08:22
25727,1,48.00541305541992,36.63,1,0,0.87,1:09:02
25728,1,10.44183731079102,36.63,1,0,0.87,1:09:12
25729,1,40.0,36.63,1,0,0.87,1:12:56
25730,1,40.0,36.63,0,1,0.87,1:12:56
25731,1,259.998291015625,36.63,0,1,0.87,1:07:17
25732,1,28.91117095947266,36.63,1,0,0.87,1:12:40
25733,1,28.91117095947266,36.63,0,1,0.87,1:12:40
25734,1,17.20283889770508,36.63,0,1,0.87,1:09:59
25735,1,10.44776248931885,36.63,1,0,0.87,1:08:41
25736,1,10.96754741668701,36.63,0,1,0.87,1:08:41
25737,1,10.44776248931885,36.63,0,1,0.87,1:01:47
25738,1,10.44183731079102,36.63,0,1,0.87,1:16:57
25739,1,14.070459365844732,36.63,0,1,0.87,1:20:18
25740,1,232.5149993896484,36.63,1,0,0.87,0:41:58
25741,1,1.979974031448364,36.63,0,1,0.87,1:12:15
25742,1,126.2948684692383,36.63,1,0,0.87,1:00:10
25743,1,16.84739112854004,36.63,0,1,0.87,1:10:59
25744,1,39.21760559082031,36.63,0,1,0.87,1:09:54
25745,1,197.91021728515616,36.63,1,0,0.87,1:04:50
25746,1,1623.9774169921882,36.63,1,0,0.87,0:42:13
25747,1,10.44776248931885,36.63,1,0,0.87,1:03:15
25748,1,35.53342819213867,36.63,0,1,0.87,1:08:28
25749,1,23.51996421813965,36.63,1,0,0.87,0:58:51
25750,1,275.03494262695307,36.63,1,0,0.87,1:07:14
25751,1,76.49766540527344,36.63,0,1,0.87,1:07:12
25752,1,378.2447204589844,36.63,1,0,0.87,1:13:01
25753,1,7.270592212677003,36.63,1,0,0.87,1:08:42
25754,1,6.240824699401856,36.63,0,1,0.87,1:13:03
25755,1,37.5223388671875,36.63,0,1,0.87,1:08:19
25756,1,37.5223388671875,36.63,1,0,0.87,1:08:19
25757,1,75.57861328125,36.63,1,0,0.87,1:10:33
25758,1,6.065486431121826,36.63,0,1,0.87,1:13:11
25759,1,95.78414916992188,36.63,1,0,0.87,1:08:24
25760,1,86.71595001220703,36.63,0,1,0.87,1:06:41
25761,1,137.57452392578122,36.63,1,0,0.87,1:10:00
25762,1,213.8687438964844,36.63,1,0,0.87,1:10:01
25763,1,4.143080711364746,36.63,0,1,0.87,1:06:41
25764,1,57.9035758972168,36.63,0,1,0.87,1:13:09
25765,1,26.88188362121582,36.63,0,1,0.87,1:03:44
25766,1,196.8123321533203,36.63,0,1,0.87,1:11:01
25767,1,196.8123321533203,36.63,0,1,0.87,1:11:02
25768,1,16.84739112854004,36.63,1,0,0.87,1:09:49
25769,1,10.44776248931885,36.63,1,0,0.87,1:10:27
25770,1,236.900634765625,36.63,0,1,0.87,1:08:35
25771,1,10.44776248931885,36.63,0,1,0.87,1:14:25
25772,1,46.732627868652344,36.63,0,1,0.87,1:11:14
25773,1,56.084815979003906,36.63,1,0,0.87,1:13:25
25774,1,6.090157508850098,36.63,0,1,0.87,1:14:40
25775,1,7.058139324188232,36.63,0,1,0.87,1:12:05
25776,1,6.240824699401856,36.63,1,0,0.87,1:09:18
25777,1,6.240824699401856,36.63,0,1,0.87,1:09:18
25778,1,154.5012359619141,36.63,0,1,0.87,1:14:22
25779,1,130.29634094238278,36.63,1,0,0.87,1:05:01
25780,1,10.44776248931885,36.63,0,1,0.87,1:10:34
25781,1,259.998291015625,36.63,1,0,0.87,1:06:59
25782,1,57.82163619995117,36.63,0,1,0.87,1:09:28
25783,1,212.4296722412109,36.63,0,1,0.87,1:11:16
25784,1,11.8902006149292,36.63,0,1,0.87,1:11:16
25785,1,51.877418518066406,36.63,1,0,0.87,1:17:39
25786,1,196.8123321533203,36.63,0,1,0.87,1:17:39
25787,1,7.058139324188232,36.63,0,1,0.87,1:12:09
25788,1,109.5122451782227,36.63,1,0,0.87,1:15:18
25789,1,22.07351303100586,36.63,0,1,0.87,1:14:34
25790,1,356.783935546875,36.63,1,0,0.87,1:11:14
25791,1,2229.72216796875,36.63,0,1,0.87,1:08:11
25792,1,3.920108318328857,36.63,0,1,0.87,1:08:23
25793,1,4.103606700897217,36.63,0,1,0.87,1:11:36
25794,1,137.57452392578122,36.63,1,0,0.87,1:10:23
25795,1,6.76819372177124,36.63,1,0,0.87,1:05:12
25796,1,47.94073104858398,36.63,0,1,0.87,1:08:39
25797,1,1.824868202209473,36.63,0,1,0.87,1:06:00
25798,1,37.5223388671875,36.63,0,1,0.87,1:10:20
25799,1,10.23431015014648,36.63,1,0,0.87,1:08:30
25800,1,51.85509490966797,36.63,1,0,0.87,1:08:52
25801,1,10.44776248931885,36.63,0,1,0.87,1:13:17
25802,1,48.38787841796875,36.63,1,0,0.87,1:10:37
25803,1,196.8123321533203,36.63,0,1,0.87,1:08:12
25804,1,41.98091506958008,36.63,1,0,0.87,0:46:03
25805,1,10.44183731079102,36.63,1,0,0.87,0:42:08
25806,1,1544.9874267578118,36.63,0,1,0.87,1:08:44
25807,1,236.900634765625,36.63,0,1,0.87,1:06:16
25808,1,92.49187469482422,36.63,0,1,0.87,1:16:59
25809,1,1.824868202209473,36.63,0,1,0.87,1:10:51
25810,1,30.4487247467041,36.63,1,0,0.87,1:07:31
25811,1,1729.5029296875,36.63,0,1,0.87,1:08:54
25812,1,37.14537048339844,36.63,0,1,0.87,1:11:12
25813,1,6.240824699401856,36.63,0,1,0.87,1:12:44
25814,1,138.9033355712891,36.63,1,0,0.87,1:11:04
25815,1,315.6446228027344,36.63,0,1,0.87,1:08:58
25816,1,128.0227203369141,36.63,0,1,0.87,1:11:53
25817,1,158.6006774902344,36.63,1,0,0.87,0:51:43
25818,1,303.4791564941406,36.63,0,1,0.87,1:08:35
25819,1,228.1482849121094,36.63,0,1,0.87,1:06:00
25820,1,244.1101379394531,36.63,0,1,0.87,1:14:48
25821,1,13.074999809265142,36.63,0,1,0.87,1:14:48
25822,1,37.85586547851562,36.63,0,1,0.87,1:14:15
25823,1,46.01627731323242,36.63,1,0,0.87,1:12:56
25824,1,11.085031509399409,36.63,0,1,0.87,1:06:19
25825,1,86.84709167480469,36.63,0,1,0.87,0:49:45
25826,1,144.0,36.63,0,1,0.87,1:13:24
25827,1,69.64772033691406,36.63,0,1,0.87,0:57:54
25828,1,4.579788208007812,36.63,0,1,0.87,1:13:03
25829,1,37.14537048339844,36.63,1,0,0.87,0:46:00
25830,1,219.39703369140616,36.63,0,1,0.87,1:10:20
25831,1,287.5038757324219,36.63,1,0,0.87,1:11:18
25832,1,219.4850006103516,36.63,0,1,0.87,1:05:38
25833,1,31.97005462646484,36.63,0,1,0.87,1:10:59
25834,1,392.9354553222656,36.63,0,1,0.87,1:12:48
25835,1,4.143080711364746,36.63,0,1,0.87,1:09:21
25836,1,157.0671691894531,36.63,0,1,0.87,1:11:47
25837,1,37.5223388671875,36.63,1,0,0.87,1:05:07
25838,1,22.78268432617188,36.63,0,1,0.87,1:11:29
25839,1,19.32787322998047,36.63,1,0,0.87,1:06:07
25840,1,51.85509490966797,36.63,0,1,0.87,1:06:07
25841,1,29.1304931640625,36.63,0,1,0.87,1:14:20
25842,1,50.26950454711914,36.63,1,0,0.87,1:10:09
25843,1,236.900634765625,36.63,1,0,0.87,1:14:45
25844,1,51.877418518066406,36.63,0,1,0.87,1:12:07
25845,1,245.3642120361328,36.63,1,0,0.87,1:10:15
25846,1,16.82146263122559,36.63,0,1,0.87,1:14:38
25847,1,153.8145751953125,36.63,0,1,0.87,1:13:22
25848,1,149.5903930664062,36.63,1,0,0.87,1:10:39
25849,1,140.58866882324222,36.63,1,0,0.87,1:05:39
25850,1,72.4607925415039,36.63,1,0,0.87,1:11:42
25851,1,409.1070861816406,36.63,0,1,0.87,1:07:55
25852,1,259.998291015625,36.63,1,0,0.87,1:07:00
25853,1,4.577932357788086,36.63,0,1,0.87,1:06:50
25854,1,9.22296905517578,36.63,0,1,0.87,1:13:41
25855,1,140.6603088378906,36.63,0,1,0.87,0:59:02
25856,1,236.900634765625,36.63,1,0,0.87,1:06:27
25857,1,197.41845703125,36.63,0,1,0.87,1:03:20
25858,1,366.0434265136719,36.63,1,0,0.87,1:09:12
25859,1,196.8123321533203,36.63,0,1,0.87,1:10:22
25860,1,337.4805297851562,36.63,0,1,0.87,1:09:17
25861,1,4.641374111175537,36.63,1,0,0.87,1:07:49
25862,1,259.998291015625,36.63,1,0,0.87,1:02:16
25863,1,50.26950454711914,36.63,1,0,0.87,1:09:29
25864,1,447.4283447265625,36.63,1,0,0.87,1:11:55
25865,1,23.56683921813965,36.63,0,1,0.87,1:05:18
25866,1,6.240824699401856,36.63,0,1,0.87,1:13:43
25867,1,9.87485122680664,36.63,1,0,0.87,1:05:10
25868,1,653.564208984375,36.63,1,0,0.87,1:07:46
25869,1,376.4162902832031,36.63,0,1,0.87,1:09:14
25870,1,77.97574615478516,36.63,0,1,0.87,1:07:10
25871,1,17.80105018615723,36.63,0,1,0.87,1:06:32
25872,1,158.6006774902344,36.63,1,0,0.87,1:14:50
25873,1,40.0,36.63,0,1,0.87,1:12:56
25874,1,259.998291015625,36.63,0,1,0.87,1:09:48
25875,1,236.900634765625,36.63,1,0,0.87,1:07:09
25876,1,6.489360332489014,36.63,1,0,0.87,0:42:59
25877,1,30.4487247467041,36.63,1,0,0.87,1:11:16
25878,1,10.44776248931885,36.63,0,1,0.87,1:09:16
25879,1,67.96146392822266,36.63,0,1,0.87,1:06:35
25880,1,19.07254981994629,36.63,0,1,0.87,1:11:13
25881,1,24.17752647399902,36.63,0,1,0.87,1:09:55
25882,1,31.72106170654297,36.63,0,1,0.87,1:04:17
25883,1,24.54988861083984,36.63,0,1,0.87,1:10:14
25884,1,50.82839584350586,36.63,1,0,0.87,1:09:14
25885,1,347.9695129394531,36.63,0,1,0.87,1:09:33
25886,1,7.058139324188232,36.63,0,1,0.87,1:05:36
25887,1,9.895055770874023,36.63,0,1,0.87,1:09:40
25888,1,57.9035758972168,36.63,1,0,0.87,1:15:42
25889,1,51.877418518066406,36.63,1,0,0.87,1:07:17
25890,1,29.61646842956543,36.63,1,0,0.87,1:12:10
25891,1,37.34151840209961,36.63,1,0,0.87,1:01:56
25892,1,15.920199394226069,36.63,1,0,0.87,1:12:04
25893,1,9.22296905517578,36.63,1,0,0.87,1:07:21
25894,1,51.877418518066406,36.63,0,1,0.87,1:14:14
25895,1,39.47004318237305,36.63,0,1,0.87,1:14:15
25896,1,188.2588348388672,36.63,0,1,0.87,1:11:33
25897,1,384.0559692382812,36.63,1,0,0.87,1:12:01
25898,1,210.2097473144531,36.63,0,1,0.87,1:12:25
25899,1,38.65314865112305,36.63,0,1,0.87,1:15:53
25900,1,220.1817321777344,36.63,0,1,0.87,1:14:36
25901,1,222.6948394775391,36.63,0,1,0.87,1:03:23
25902,1,189.8715057373047,36.63,1,0,0.87,1:11:05
25903,1,4.631145000457764,36.63,0,1,0.87,1:09:40
25904,1,269.9087524414062,36.63,1,0,0.87,1:07:52
25905,1,27.96543884277344,36.63,0,1,0.87,1:09:04
25906,1,13.973583221435552,36.63,1,0,0.87,1:08:54
25907,1,18.64817237854004,36.63,1,0,0.87,1:08:35
25908,1,10.44776248931885,36.63,1,0,0.87,1:18:42
25909,1,50.82839584350586,36.63,0,1,0.87,1:11:35
25910,1,120.8983688354492,36.63,1,0,0.87,1:15:25
25911,1,37.34151840209961,36.63,1,0,0.87,1:01:56
25912,1,219.4850006103516,36.63,0,1,0.87,1:01:56
25913,1,10.44776248931885,36.63,0,1,0.87,1:04:48
25914,1,51.877418518066406,36.63,0,1,0.87,1:08:58
25915,1,21.8007869720459,36.63,0,1,0.87,1:10:27
25916,1,1518.96630859375,36.63,1,0,0.87,1:08:43
25917,1,184.4430847167969,36.63,1,0,0.87,1:04:57
25918,1,10.44776248931885,36.63,0,1,0.87,1:10:12
25919,1,505.1585388183594,36.63,0,1,0.87,1:12:39
25920,1,219.4850006103516,36.63,0,1,0.87,1:09:04
25921,1,27.23297309875488,36.63,0,1,0.87,1:11:54
25922,1,19.07254981994629,36.63,0,1,0.87,1:07:58
25923,1,218.5335693359375,36.63,0,1,0.87,1:06:02
25924,1,17.27166366577148,36.63,0,1,0.87,1:12:27
25925,1,222.6948394775391,36.63,1,0,0.87,1:07:18
25926,1,39.47004318237305,36.63,0,1,0.87,1:19:20
25927,1,244.6195983886719,36.63,0,1,0.87,1:02:02
25928,1,10.44183731079102,36.63,1,0,0.87,1:02:38
25929,1,31.01458549499512,36.63,0,1,0.87,1:07:30
25930,1,259.998291015625,36.63,1,0,0.87,1:08:00
25931,1,275.064453125,36.63,0,1,0.87,1:06:54
25932,1,259.998291015625,36.63,0,1,0.87,1:09:39
25933,1,259.998291015625,36.63,0,1,0.87,1:11:58
25934,1,430.595458984375,36.63,0,1,0.87,1:10:43
25935,1,35.65705490112305,36.63,0,1,0.87,1:11:28
25936,1,19.72366523742676,36.63,0,1,0.87,1:02:14
25937,1,51.877418518066406,36.63,0,1,0.87,1:14:21
25938,1,31.97005462646484,36.63,1,0,0.87,1:11:38
25939,1,1311.276123046875,36.63,0,1,0.87,1:09:23
25940,1,6.029303550720215,36.63,0,1,0.87,1:09:12
25941,1,15.224977493286133,36.63,1,0,0.87,1:27:04
25942,1,31.97005462646484,36.63,1,0,0.87,0:58:17
25943,1,10.44776248931885,36.63,1,0,0.87,1:13:22
25944,1,219.4850006103516,36.63,0,1,0.87,1:13:22
25945,1,260.0,36.63,0,1,0.87,1:05:09
25946,1,4.193099021911621,36.63,0,1,0.87,1:15:01
25947,1,138.0327453613281,36.63,1,0,0.87,1:02:16
25948,1,28.003864288330078,36.63,0,1,0.87,1:16:51
25949,1,312.8492736816406,36.63,1,0,0.87,1:05:22
25950,1,28.003864288330078,36.63,0,1,0.87,1:11:20
25951,1,195.2724914550781,36.63,1,0,0.87,1:06:46
25952,1,240.75494384765616,36.63,1,0,0.87,0:58:32
25953,1,7.965522289276122,36.63,1,0,0.87,1:06:59
25954,1,118.5949020385742,36.63,0,1,0.87,1:08:20
25955,1,16.84739112854004,36.63,0,1,0.87,1:05:48
25956,1,26.53032493591309,36.63,0,1,0.87,1:12:47
25957,1,1596.6729736328118,36.63,0,1,0.87,1:13:23
25958,1,39.21760559082031,36.63,0,1,0.87,1:13:01
25959,1,120.9079360961914,36.63,1,0,0.87,1:12:54
25960,1,209.2055511474609,36.63,0,1,0.87,1:16:17
25961,1,109.7792205810547,36.63,0,1,0.87,1:12:45
25962,1,146.0377807617188,36.63,0,1,0.87,1:11:53
25963,1,146.0377807617188,36.63,1,0,0.87,1:11:53
25964,1,31.97005462646484,36.63,0,1,0.87,1:07:14
25965,1,10.44776248931885,36.63,0,1,0.87,1:09:56
25966,1,15.5554141998291,36.63,1,0,0.87,1:10:13
25967,1,17.3270263671875,36.63,0,1,0.87,1:14:50
25968,1,134.9916687011719,36.63,1,0,0.87,1:17:00
25969,1,8.212539672851562,36.63,1,0,0.87,1:10:10
25970,1,103.6016159057617,36.63,1,0,0.87,1:11:31
25971,1,39.47004318237305,36.63,0,1,0.87,1:07:03
25972,1,47.6925277709961,36.63,0,1,0.87,1:08:49
25973,1,47.6925277709961,36.63,1,0,0.87,1:08:50
25974,1,11.185022354125982,36.63,1,0,0.87,1:04:03
25975,1,19.23562431335449,36.63,0,1,0.87,1:04:38
25976,1,8.027867317199707,36.63,0,1,0.87,1:10:20
25977,1,37.5223388671875,36.63,1,0,0.87,1:10:20
25978,1,6.029303550720215,36.63,1,0,0.87,1:09:12
25979,1,44.17701721191406,36.63,1,0,0.87,1:02:40
25980,1,331.5245056152344,36.63,0,1,0.87,1:14:21
25981,1,10.44183731079102,36.63,0,1,0.87,1:06:48
25982,1,137.57452392578122,36.63,0,1,0.87,1:17:26
25983,1,319.3666687011719,36.63,0,1,0.87,1:17:27
25984,1,1370.408203125,36.63,1,0,0.87,1:15:22
25985,1,2229.72216796875,36.63,1,0,0.87,1:12:12
25986,1,1134.373168945312,36.63,1,0,0.87,1:09:58
25987,1,197.41845703125,36.63,0,1,0.87,1:14:22
25988,1,151.7768249511719,36.63,1,0,0.87,1:09:00
25989,1,1360.286376953125,36.63,1,0,0.87,1:06:47
25990,1,162.4347686767578,36.63,0,1,0.87,1:12:16
25991,1,147.0316009521484,36.63,0,1,0.87,1:14:07
25992,1,6.240824699401856,36.63,0,1,0.87,1:02:57
25993,1,421.3871459960938,36.63,0,1,0.87,1:13:18
25994,1,31.97005462646484,36.63,0,1,0.87,1:13:18
25995,1,37.14537048339844,36.63,1,0,0.87,1:07:27
25996,1,260.0,36.63,0,1,0.87,1:15:40
25997,1,7.965522289276122,36.63,1,0,0.87,1:05:50
25998,1,20.75730895996094,36.63,1,0,0.87,1:02:37
25999,1,10.44776248931885,36.63,0,1,0.87,1:07:20
26000,1,259.998291015625,36.63,0,1,0.87,1:11:22
26001,1,14.359289169311518,36.63,0,1,0.87,1:11:05
26002,1,37.85586547851562,36.63,1,0,0.87,1:11:04
26003,1,194.2318115234375,36.63,1,0,0.87,1:11:36
26004,1,6.262023448944093,36.63,0,1,0.87,1:12:19
26005,1,10.44776248931885,36.63,0,1,0.87,1:07:26
26006,1,236.900634765625,36.63,1,0,0.87,1:04:50
26007,1,724.8308715820312,36.63,0,1,0.87,0:55:00
26008,1,305.0235900878906,36.63,1,0,0.87,1:08:33
26009,1,1.7364590167999268,36.63,1,0,0.87,1:02:17
26010,1,10.44776248931885,36.63,0,1,0.87,1:04:09
26011,1,47.6925277709961,36.63,0,1,0.87,1:14:38
26012,1,259.998291015625,36.63,0,1,0.87,1:12:03
26013,1,19.07254981994629,36.63,1,0,0.87,1:09:38
26014,1,11.085031509399409,36.63,0,1,0.87,1:06:23
26015,1,78.6194839477539,36.63,0,1,0.87,1:10:22
26016,1,16.85318756103516,36.63,0,1,0.87,1:06:10
26017,1,10.31929779052734,36.63,0,1,0.87,1:11:13
26018,1,3.920108318328857,36.63,1,0,0.87,1:03:53
26019,1,10.44776248931885,36.63,0,1,0.87,1:13:35
26020,1,4.631145000457764,36.63,0,1,0.87,1:15:18
26021,1,11.085031509399409,36.63,1,0,0.87,1:08:39
26022,1,30.4487247467041,36.63,0,1,0.87,1:09:45
26023,1,55.22239303588867,36.63,0,1,0.87,1:09:45
26024,1,17.3270263671875,36.63,0,1,0.87,1:01:59
26025,1,37.14537048339844,36.63,1,0,0.87,1:06:26
26026,1,30.4487247467041,36.63,0,1,0.87,1:18:16
26027,1,196.8123321533203,36.63,0,1,0.87,1:13:47
26028,1,19.23562431335449,36.63,0,1,0.87,1:15:22
26029,1,6.433401107788086,36.63,0,1,0.87,1:12:12
26030,1,16.84739112854004,36.63,1,0,0.87,1:09:19
26031,1,51.877418518066406,36.63,0,1,0.87,1:16:37
26032,1,4.693426609039307,36.63,1,0,0.87,1:08:14
26033,1,86.71595001220703,36.63,0,1,0.87,1:09:23
26034,1,77.97574615478516,36.63,0,1,0.87,1:09:59
26035,1,44.07643127441406,36.63,0,1,0.87,1:12:44
26036,1,48.00541305541992,36.63,1,0,0.87,1:12:45
26037,1,51.61442184448242,36.63,0,1,0.87,1:07:47
26038,1,77.97574615478516,36.63,0,1,0.87,1:11:11
26039,1,10.44776248931885,36.63,0,1,0.87,1:11:40
26040,1,44.61593246459961,36.63,0,1,0.87,1:12:38
26041,1,425.3714904785156,36.63,1,0,0.87,1:03:46
26042,1,90.76966857910156,36.63,0,1,0.87,1:13:23
26043,1,92.49187469482422,36.63,0,1,0.87,1:10:07
26044,1,291.1369323730469,36.63,0,1,0.87,1:15:59
26045,1,275.03494262695307,36.63,0,1,0.87,1:11:07
26046,1,17.3270263671875,36.63,1,0,0.87,1:08:33
26047,1,31.97005462646484,36.63,1,0,0.87,1:08:23
26048,1,1628.9993896484382,36.63,0,1,0.87,1:13:30
26049,1,266.3462524414062,36.63,1,0,0.87,1:02:52
26050,1,205.5423889160156,36.63,1,0,0.87,1:09:15
26051,1,17.05924987792969,36.63,1,0,0.87,1:05:02
26052,1,285.1954345703125,36.63,1,0,0.87,1:04:07
26053,1,3.920108318328857,36.63,0,1,0.87,1:08:48
26054,1,54.23469924926758,36.63,0,1,0.87,1:08:49
26055,1,10.44776248931885,36.63,0,1,0.87,1:14:59
26056,1,140.9563293457031,36.63,1,0,0.87,0:54:55
26057,1,330.508056640625,36.63,1,0,0.87,1:15:46
26058,1,275.03494262695307,36.63,0,1,0.87,1:14:27
26059,1,68.6297607421875,36.63,0,1,0.87,1:10:51
26060,1,44.61593246459961,36.63,0,1,0.87,1:05:35
26061,1,17.05924987792969,36.63,1,0,0.87,1:11:26
26062,1,224.5060272216797,36.63,0,1,0.87,1:10:17
26063,1,21.13623237609863,36.63,1,0,0.87,1:06:37
26064,1,50.82839584350586,36.63,0,1,0.87,1:17:48
26065,1,212.6880798339844,36.63,0,1,0.87,1:14:56
26066,1,11.085031509399409,36.63,0,1,0.87,1:17:20
26067,1,11.085031509399409,36.63,0,1,0.87,1:17:19
26068,1,387.4266967773438,36.63,0,1,0.87,1:10:43
26069,1,387.4266967773438,36.63,1,0,0.87,1:10:43
26070,1,146.2731781005859,36.63,0,1,0.87,1:12:54
26071,1,62.50665283203125,36.63,1,0,0.87,1:15:30
26072,1,263.0969848632812,36.63,0,1,0.87,1:17:28
26073,1,16.83182334899902,36.63,1,0,0.87,1:00:00
26074,1,48.10107803344727,36.63,0,1,0.87,1:11:04
26075,1,228.9576263427734,36.63,1,0,0.87,1:17:30
26076,1,31.97005462646484,36.63,0,1,0.87,1:15:50
26077,1,31.97005462646484,36.63,1,0,0.87,1:15:50
26078,1,31.97005462646484,36.63,0,1,0.87,1:15:50
26079,1,50.82839584350586,36.63,1,0,0.87,1:05:14
26080,1,147.0316009521484,36.63,0,1,0.87,1:14:20
26081,1,36.16746139526367,36.63,1,0,0.87,1:10:23
26082,1,116.2873992919922,36.63,0,1,0.87,1:08:05
26083,1,320.0387878417969,36.63,0,1,0.87,1:14:56
26084,1,35.65705490112305,36.63,0,1,0.87,1:15:46
26085,1,140.9563293457031,36.63,0,1,0.87,1:15:45
26086,1,34.535877227783196,36.63,1,0,0.87,1:12:28
26087,1,116.2873992919922,36.63,0,1,0.87,1:19:21
26088,1,254.7844543457031,36.63,1,0,0.87,1:13:46
26089,1,27.72600936889648,36.63,0,1,0.87,1:07:15
26090,1,159.2595977783203,36.63,0,1,0.87,1:13:47
26091,1,287.84716796875,36.63,1,0,0.87,1:15:01
26092,1,109.1946792602539,36.63,1,0,0.87,1:02:29
26093,1,3.920108318328857,36.63,1,0,0.87,1:06:17
26094,1,10.44776248931885,36.63,0,1,0.87,1:14:40
26095,1,9.794013023376463,36.63,0,1,0.87,1:18:21
26096,1,9.794013023376463,36.63,1,0,0.87,1:18:21
26097,2,9.794013023376463,36.63,0,1,0.87,1:18:23
26098,1,6.938945770263673,36.63,0,1,0.87,1:14:34
26099,1,4.193099021911621,36.63,0,1,0.87,1:21:16
26100,1,253.5734710693359,36.63,1,0,0.87,1:10:31
26101,1,7.309962749481201,36.63,0,1,0.87,1:13:05
26102,1,17.80105018615723,36.63,1,0,0.87,1:13:05
26103,1,259.998291015625,36.63,0,1,0.87,1:13:22
26104,1,82.28753662109375,36.63,1,0,0.87,1:07:37
26105,1,45.08214569091797,36.63,1,0,0.87,1:09:54
26106,1,45.08214569091797,36.63,0,1,0.87,1:09:53
26107,1,217.57061767578116,36.63,1,0,0.87,1:14:40
26108,1,31.01458549499512,36.63,1,0,0.87,1:08:54
26109,1,52.79186630249023,36.63,0,1,0.87,1:11:57
26110,1,7.058139324188232,36.63,1,0,0.87,1:15:25
26111,1,10.44776248931885,36.63,0,1,0.87,1:20:29
26112,1,11.085031509399409,36.63,1,0,0.87,1:14:50
26113,1,27.23297309875488,36.63,1,0,0.87,1:13:47
26114,1,241.2194671630859,36.63,0,1,0.87,1:11:55
26115,1,32.88138961791992,36.63,1,0,0.87,1:10:20
26116,1,614.4942016601562,36.63,0,1,0.87,1:11:41
26117,1,29.1304931640625,36.63,0,1,0.87,1:09:33
26118,1,181.5143737792969,36.63,0,1,0.87,1:07:31
26119,1,392.9354553222656,36.63,0,1,0.87,1:14:55
26120,1,51.877418518066406,36.63,0,1,0.87,1:11:08
26121,1,259.998291015625,36.63,1,0,0.87,1:12:55
26122,1,67.15016174316406,36.63,1,0,0.87,1:14:28
26123,1,8.071707725524902,36.63,1,0,0.87,1:09:44
26124,1,699.5533447265625,36.63,1,0,0.87,1:03:04
26125,1,55.09594345092773,36.63,1,0,0.87,1:09:45
26126,1,55.22239303588867,36.63,1,0,0.87,1:09:31
26127,1,15.49583053588867,36.63,1,0,0.87,1:09:45
26128,1,31.01458549499512,36.63,0,1,0.87,1:08:54
26129,1,33.91964721679688,36.63,1,0,0.87,1:11:06
26130,1,50.26950454711914,36.63,1,0,0.87,1:13:10
26131,1,109.1946792602539,36.63,0,1,0.87,1:13:19
26132,1,4.631145000457764,36.63,1,0,0.87,1:13:19
26133,1,16.84739112854004,36.63,1,0,0.87,1:08:33
26134,1,4.193099021911621,36.63,0,1,0.87,1:08:29
26135,1,364.7854309082031,36.63,0,1,0.87,1:12:04
26136,1,8.212539672851562,36.63,0,1,0.87,1:08:56
26137,2,297.4081115722656,36.63,0,1,0.87,1:14:59
26138,1,36.16746139526367,36.63,1,0,0.87,1:06:39
26139,1,7.309962749481201,36.63,0,1,0.87,1:10:02
26140,1,16.84739112854004,36.63,0,1,0.87,1:14:56
26141,1,67.03955841064453,36.63,1,0,0.87,1:18:04
26142,1,37.34151840209961,36.63,0,1,0.87,1:15:14
26143,1,37.34151840209961,36.63,0,1,0.87,1:15:14
26144,1,505.1585388183594,36.63,0,1,0.87,1:16:19
26145,1,86.71595001220703,36.63,0,1,0.87,1:11:28
26146,1,105.6140594482422,36.63,0,1,0.87,1:14:57
26147,1,1.069604754447937,36.63,1,0,0.87,1:07:16
26148,1,16.66305160522461,36.63,1,0,0.87,1:13:01
26149,1,4.693426609039307,36.63,1,0,0.87,1:19:00
26150,1,273.54550170898443,36.63,0,1,0.87,1:15:20
26151,1,120.9079360961914,36.63,1,0,0.87,1:19:32
26152,1,11.05302143096924,36.63,0,1,0.87,1:17:41
26153,1,10.44776248931885,36.63,0,1,0.87,1:19:09
26154,1,8.129226684570312,36.63,1,0,0.87,1:11:52
26155,1,35.53342819213867,36.63,1,0,0.87,1:18:26
26156,1,15.920199394226069,36.63,0,1,0.87,1:19:49
26157,1,61.61431503295898,36.63,1,0,0.87,1:08:10
26158,1,259.998291015625,36.63,0,1,0.87,1:13:14
26159,1,7.058139324188232,36.63,0,1,0.87,1:15:39
26160,1,55.22239303588867,36.63,1,0,0.87,1:14:05
26161,1,67.96146392822266,36.63,0,1,0.87,1:18:26
26162,1,7.309962749481201,36.63,1,0,0.87,1:10:14
26163,1,10.44776248931885,36.63,0,1,0.87,1:12:08
26164,1,35.99068832397461,36.63,1,0,0.87,1:09:15
26165,1,76.49766540527344,36.63,0,1,0.87,1:17:39
26166,1,3.920108318328857,36.63,0,1,0.87,1:12:02
26167,1,187.0788269042969,36.63,0,1,0.87,1:14:03
26168,1,5.772377490997314,36.63,1,0,0.87,1:11:49
26169,1,614.4942016601562,36.63,1,0,0.87,1:10:23
26170,1,799.8717651367188,36.63,1,0,0.87,1:13:49
26171,1,22.78268432617188,36.63,1,0,0.87,1:06:07
26172,1,17.5898609161377,36.63,1,0,0.87,1:14:17
26173,1,31.81302070617676,36.63,1,0,0.87,1:13:13
26174,1,259.998291015625,36.63,1,0,0.87,1:13:12
26175,1,296.3959045410156,36.63,0,1,0.87,1:09:03
26176,1,38.78234481811523,36.63,0,1,0.87,1:17:06
26177,1,109.1946792602539,36.63,0,1,0.87,1:21:42
26178,1,356.1199340820312,36.63,1,0,0.87,1:11:16
26179,1,37.5223388671875,36.63,1,0,0.87,1:22:10
26180,1,91.85733795166016,36.63,1,0,0.87,1:15:23
26181,1,77.97574615478516,36.63,1,0,0.87,1:10:35
26182,1,172.9102630615234,36.63,0,1,0.87,1:23:32
26183,1,118.5949020385742,36.63,0,1,0.87,1:08:34
26184,1,56.084815979003906,36.63,0,1,0.87,1:08:37
26185,1,6.240824699401856,36.63,0,1,0.87,1:12:57
26186,1,259.998291015625,36.63,1,0,0.87,1:14:38
26187,1,13.346641540527338,36.63,0,1,0.87,1:19:26
26188,1,11.085031509399409,36.63,1,0,0.87,1:06:22
26189,1,41.98091506958008,36.63,0,1,0.87,1:17:17
26190,1,41.98091506958008,36.63,1,0,0.87,1:17:18
26191,1,41.98091506958008,36.63,1,0,0.87,1:17:18
26192,1,41.98091506958008,36.63,0,1,0.87,1:17:18
26193,1,199.0073699951172,36.63,0,1,0.87,1:13:18
26194,1,10.44776248931885,36.63,0,1,0.87,1:15:04
26195,1,1707.1612548828118,36.63,1,0,0.87,1:21:42
26196,1,37.14537048339844,36.63,1,0,0.87,1:15:09
26197,1,41.782447814941406,36.63,0,1,0.87,1:15:03
26198,1,146.0377807617188,36.63,0,1,0.87,1:08:18
26199,1,10.44776248931885,36.63,1,0,0.87,1:06:35
26200,1,259.998291015625,36.63,0,1,0.87,1:10:45
26201,1,65.05636596679689,36.63,1,0,0.87,1:02:47
26202,1,35.99068832397461,36.63,0,1,0.87,1:16:23
26203,1,5.565427303314209,36.63,1,0,0.87,1:23:01
26204,1,36.75872421264648,36.63,0,1,0.87,1:07:34
26205,1,140.58866882324222,36.63,1,0,0.87,1:15:15
26206,1,259.998291015625,36.63,1,0,0.87,1:15:25
26207,1,259.998291015625,36.63,0,1,0.87,1:13:26
26208,1,259.998291015625,36.63,1,0,0.87,1:06:05
26209,1,59.33108520507812,36.63,0,1,0.87,1:15:37
26210,1,20.10119247436523,36.63,1,0,0.87,1:13:28
26211,1,7.058139324188232,36.63,1,0,0.87,1:09:46
26212,1,61.61431503295898,36.63,0,1,0.87,1:10:21
26213,1,93.7195281982422,36.63,1,0,0.87,1:11:46
26214,1,10.44776248931885,36.63,0,1,0.87,1:15:39
26215,1,3.6919877529144287,36.63,0,1,0.87,1:22:04
26216,1,37.5223388671875,36.63,0,1,0.87,1:22:04
26217,1,222.6811370849609,36.63,0,1,0.87,1:22:04
26218,1,323.5093688964844,36.63,0,1,0.87,1:03:37
26219,1,26.88188362121582,36.63,0,1,0.87,1:11:23
26220,1,58.93083190917969,36.63,0,1,0.87,1:11:23
26221,1,285.5132141113281,36.63,1,0,0.87,1:10:26
26222,1,810.0172729492188,36.63,1,0,0.87,1:10:26
26223,1,15.224977493286133,36.63,1,0,0.87,1:10:26
26224,1,295.1239318847656,36.63,1,0,0.87,0:58:16
26225,1,115.1393280029297,36.63,0,1,0.87,1:15:44
26226,1,73.2974853515625,36.63,0,1,0.87,1:15:44
26227,1,2.790159702301025,36.63,1,0,0.87,1:20:32
26228,1,3.4433205127716064,36.63,0,1,0.87,1:15:23
26229,1,7.058139324188232,36.63,0,1,0.87,1:15:06
26230,1,10.44776248931885,36.63,0,1,0.87,1:25:05
26231,1,145.4309997558594,36.63,1,0,0.87,1:17:25
26232,1,196.8123321533203,36.63,0,1,0.87,1:12:06
26233,1,134.9916687011719,36.63,1,0,0.87,1:20:54
26234,1,95.77094268798828,36.63,1,0,0.87,1:04:15
26235,1,31.01458549499512,36.63,0,1,0.87,1:08:12
26236,1,42.97978591918945,36.63,0,1,0.87,0:55:55
26237,1,428.6853637695312,36.63,1,0,0.87,1:19:42
26238,1,55.22239303588867,36.63,0,1,0.87,1:10:33
26239,2,198.6672515869141,36.63,1,0,0.87,1:01:05
26240,1,31.01458549499512,36.63,0,1,0.87,1:12:57
26241,1,147.0316009521484,36.63,1,0,0.87,1:10:45
26242,1,329.9063110351562,36.63,0,1,0.87,1:17:36
26243,1,127.81753540039058,36.63,1,0,0.87,1:16:14
26244,1,37.85586547851562,36.63,0,1,0.87,1:14:05
26245,1,2.103271007537842,36.63,1,0,0.87,1:13:37
26246,1,345.7331848144531,36.63,0,1,0.87,1:06:01
26247,1,19.07254981994629,36.63,0,1,0.87,1:14:34
26248,1,24.55533409118652,36.63,0,1,0.87,1:17:13
26249,1,115.1393280029297,36.63,0,1,0.87,1:11:52
26250,1,181.5143737792969,36.63,1,0,0.87,1:23:04
26251,1,259.998291015625,36.63,1,0,0.87,1:05:36
26252,1,47.94073104858398,36.63,0,1,0.87,1:12:16
26253,1,37.14537048339844,36.63,1,0,0.87,1:02:07
26254,1,197.583984375,36.63,1,0,0.87,1:10:09
26255,1,19.42654228210449,36.63,1,0,0.87,1:02:55
26256,1,86.84709167480469,36.63,1,0,0.87,1:06:29
26257,1,376.7197570800781,36.63,0,1,0.87,1:27:47
26258,1,16.84739112854004,36.63,1,0,0.87,0:58:39
26259,1,17.3270263671875,36.63,0,1,0.87,1:09:06
26260,1,331.5245056152344,36.63,0,1,0.87,1:00:14
26261,1,1.539181590080261,36.63,1,0,0.87,0:57:31
26262,1,16.98911476135254,36.63,0,1,0.87,1:07:30
26263,1,23.25191307067871,36.63,1,0,0.87,1:07:31
26264,1,224.0254669189453,36.63,1,0,0.87,1:27:31
26265,1,37.989036560058594,36.63,1,0,0.87,0:59:52
26266,1,3.920108318328857,36.63,1,0,0.87,1:21:33
26267,1,13.973583221435552,36.63,0,1,0.87,1:27:40
26268,1,320.0387878417969,36.63,1,0,0.87,1:17:55
26269,1,251.0852508544922,36.63,1,0,0.87,1:24:31
26270,1,214.3064422607422,36.63,1,0,0.87,1:23:34
26271,1,222.6948394775391,36.63,1,0,0.87,1:22:18
26272,1,4.226583480834962,36.63,0,1,0.87,1:43:31
26273,1,395.2044982910156,36.63,0,1,0.87,1:39:39
26274,1,384.0559692382812,36.63,0,1,0.87,1:47:16
26275,1,31.72106170654297,36.63,1,0,0.87,1:40:12
26276,1,24.1143741607666,36.63,1,0,0.87,1:28:18
